enter number of instance to run
Enter TTP instance file:
Enter TTP instance file:
Instance :pla85900_n858990_bounded-strongly-corr_01.ttp
RESULTS FOR heuristics : 20
pla85900_n858990_bounded-strongly-corr_01.ttp: 114.0 7.4164814E7 1.12296914E8 142698453 1.8448274716046834E8 4.957277996544076E7 166593
pla85900_n858990_bounded-strongly-corr_01.ttp: 10.0 7.4164918E7 1.12586118E8 142633881 1.8987045096908197E8 4.8030164670512125E7 161598
pla85900_n858990_bounded-strongly-corr_01.ttp: 129.0 7.4164799E7 1.12515899E8 142645157 1.842351823283597E8 4.9875937008357696E7 165943
pla85900_n858990_bounded-strongly-corr_01.ttp: 15.0 7.4164913E7 1.12500713E8 142789836 1.8848444935969687E8 4.841600021770306E7 169364
pla85900_n858990_bounded-strongly-corr_01.ttp: 36.0 7.4164892E7 1.12572392E8 142592393 1.8944544778835914E8 4.8160939751957886E7 167969
pla85900_n858990_bounded-strongly-corr_01.ttp: 7.0 7.4164921E7 1.12604121E8 142636732 1.8925697922311312E8 4.8256748064141534E7 167748
pla85900_n858990_bounded-strongly-corr_01.ttp: 3.0 7.4164925E7 1.12267425E8 142659661 1.839461555323728E8 4.9725732118993245E7 164512
pla85900_n858990_bounded-strongly-corr_01.ttp: 19.0 7.4164909E7 1.12647609E8 142744870 1.8529575007177508E8 4.9647053975596465E7 163925
pla85900_n858990_bounded-strongly-corr_01.ttp: 39.0 7.4164889E7 1.12542589E8 142751403 1.8509096555055085E8 4.961166071281271E7 165848
pla85900_n858990_bounded-strongly-corr_01.ttp: 36.0 7.4164892E7 1.12702092E8 142650001 1.9106926676642567E8 4.773854129941527E7 165401
pla85900_n858990_bounded-strongly-corr_01.ttp: 80.0 7.4164848E7 1.12749448E8 142675093 1.9007967693757215E8 4.812235784122546E7 168650
pla85900_n858990_bounded-strongly-corr_01.ttp: 66.0 7.4164862E7 1.12539162E8 142736923 1.8410927679267734E8 4.99420078904897E7 168076
pla85900_n858990_bounded-strongly-corr_01.ttp: 62.0 7.4164866E7 1.12651466E8 142600766 1.840423877465206E8 5.007705416618299E7 170852
pla85900_n858990_bounded-strongly-corr_01.ttp: 55.0 7.4164873E7 1.12644073E8 142736229 1.8593778839557868E8 4.942522494550324E7 165137
pla85900_n858990_bounded-strongly-corr_01.ttp: 38.0 7.416489E7 1.1252219E8 142721017 1.8914872018437806E8 4.821162513731146E7 163142
pla85900_n858990_bounded-strongly-corr_01.ttp: 16.0 7.4164912E7 1.12527012E8 142722901 1.8970462923850226E8 4.802743805890922E7 168270
pla85900_n858990_bounded-strongly-corr_01.ttp: 61.0 7.4164867E7 1.12642067E8 142621976 1.8951920695513523E8 4.820553663525402E7 165491
pla85900_n858990_bounded-strongly-corr_01.ttp: 40.0 7.4164888E7 1.12390488E8 142657667 1.8411140527785495E8 4.979261020552931E7 163120
pla85900_n858990_bounded-strongly-corr_01.ttp: 23.0 7.4164905E7 1.12524405E8 142662568 1.9009163346520865E8 4.7893249621829055E7 167858
pla85900_n858990_bounded-strongly-corr_01.ttp: 0.0 7.4164928E7 1.12590528E8 142712280 1.893329911959695E8 4.821731099337037E7 168830
pla85900_n858990_bounded-strongly-corr_01.ttp: 47.0 7.4164881E7 1.12528581E8 142710797 1.8591559806542104E8 4.931727765775684E7 162883
pla85900_n858990_bounded-strongly-corr_01.ttp: 1.0 7.4164927E7 1.12631227E8 142597241 1.8974829048577663E8 4.811680823483594E7 163805
pla85900_n858990_bounded-strongly-corr_01.ttp: 41.0 7.4164887E7 1.12565287E8 142763320 1.9095199329750067E8 4.7641609278849766E7 163904
pla85900_n858990_bounded-strongly-corr_01.ttp: 41.0 7.4164887E7 1.12422587E8 142633465 1.8418027022695124E8 4.9801295122836575E7 164916
pla85900_n858990_bounded-strongly-corr_01.ttp: 57.0 7.4164871E7 1.12457271E8 142734129 1.845366336554672E8 4.971481555714114E7 163749
pla85900_n858990_bounded-strongly-corr_01.ttp: 61.0 7.4164867E7 1.12513067E8 142729078 1.85015345242526E8 4.960784961754116E7 169141
pla85900_n858990_bounded-strongly-corr_01.ttp: 14.0 7.4164914E7 1.12535814E8 142763563 1.8597456083047065E8 4.930446331763998E7 163525
pla85900_n858990_bounded-strongly-corr_01.ttp: 45.0 7.4164883E7 1.12559083E8 142653972 1.8947613725570306E8 4.813719633306096E7 168007
pla85900_n858990_bounded-strongly-corr_01.ttp: 5.0 7.4164923E7 1.12518523E8 142709106 1.8488609028796333E8 4.965725230209246E7 168870
pla85900_n858990_bounded-strongly-corr_01.ttp: 125.0 7.4164803E7 1.12647403E8 142705131 1.8835264251917538E8 4.860750454348037E7 165486
RESULTS FOR heuristics : 24
pla85900_n858990_bounded-strongly-corr_01.ttp: 16.0 7.4164912E7 1.12603612E8 142723419 1.85050499691582E8 4.968644210486212E7 443927
pla85900_n858990_bounded-strongly-corr_01.ttp: 11.0 7.4164917E7 1.12545217E8 142641210 1.8421300022632998E8 4.99127969230478E7 454317
pla85900_n858990_bounded-strongly-corr_01.ttp: 10.0 7.4164918E7 1.12544018E8 142709608 1.8452992467716855E8 4.980384360976269E7 442073
pla85900_n858990_bounded-strongly-corr_01.ttp: 95.0 7.4164833E7 1.12616233E8 142684472 1.8480237155787855E8 4.9783426670321286E7 447545
pla85900_n858990_bounded-strongly-corr_01.ttp: 26.0 7.4164902E7 1.12731902E8 142641558 1.8470417844680944E8 4.993248132808479E7 451675
pla85900_n858990_bounded-strongly-corr_01.ttp: 61.0 7.4164867E7 1.12460767E8 142722570 1.8444056375522637E8 4.975097532322303E7 454014
pla85900_n858990_bounded-strongly-corr_01.ttp: 18.0 7.416491E7 1.1279211E8 142722742 1.8545696570651472E8 4.9736741659784995E7 439912
pla85900_n858990_bounded-strongly-corr_01.ttp: 48.0 7.416488E7 1.1252338E8 142625009 1.845991128481756E8 4.9759681631620295E7 445965
pla85900_n858990_bounded-strongly-corr_01.ttp: 10.0 7.4164918E7 1.12297518E8 142798123 1.84051896418442E8 4.971987321772971E7 452840
pla85900_n858990_bounded-strongly-corr_01.ttp: 11.0 7.4164917E7 1.12466717E8 142607572 1.8425078844170222E8 4.9821448929821245E7 444558
pla85900_n858990_bounded-strongly-corr_01.ttp: 8.0 7.416492E7 1.1252502E8 142715972 1.8531267014915085E8 4.951871214928871E7 443580
pla85900_n858990_bounded-strongly-corr_01.ttp: 61.0 7.4164867E7 1.12436267E8 142761132 1.8795013620659116E8 4.8533220689759E7 438846
pla85900_n858990_bounded-strongly-corr_01.ttp: 31.0 7.4164897E7 1.12467397E8 142740224 1.8358565464181063E8 5.0048274421784386E7 451318
pla85900_n858990_bounded-strongly-corr_01.ttp: 39.0 7.4164889E7 1.12389189E8 142680615 1.8377238066820356E8 4.9906579572810784E7 448270
pla85900_n858990_bounded-strongly-corr_01.ttp: 43.0 7.4164885E7 1.12504985E8 142670693 1.8465566750521716E8 4.972205804822616E7 447816
pla85900_n858990_bounded-strongly-corr_01.ttp: 8.0 7.416492E7 1.1250862E8 142686414 1.8401162916445553E8 4.9944666084085114E7 450502
pla85900_n858990_bounded-strongly-corr_01.ttp: 17.0 7.4164911E7 1.12554411E8 142636475 1.8526500381956324E8 4.956430970134849E7 442270
pla85900_n858990_bounded-strongly-corr_01.ttp: 42.0 7.4164886E7 1.12656486E8 142645953 1.844888111645055E8 4.9930290204068124E7 447239
pla85900_n858990_bounded-strongly-corr_01.ttp: 13.0 7.4164915E7 1.12157315E8 142760592 1.872246695069999E8 4.850092736762003E7 451205
pla85900_n858990_bounded-strongly-corr_01.ttp: 107.0 7.4164821E7 1.12414521E8 142761753 1.881028397760195E8 4.845955547615336E7 442343
pla85900_n858990_bounded-strongly-corr_01.ttp: 10.0 7.4164918E7 1.12683818E8 142778547 1.8485384829719335E8 4.983350957895426E7 447439
pla85900_n858990_bounded-strongly-corr_01.ttp: 3.0 7.4164925E7 1.12479725E8 142652062 1.8408442872156262E8 4.98910192346687E7 443458
pla85900_n858990_bounded-strongly-corr_01.ttp: 70.0 7.4164858E7 1.12595958E8 142694578 1.8438622709356725E8 4.990464078818713E7 452866
pla85900_n858990_bounded-strongly-corr_01.ttp: 22.0 7.4164906E7 1.12570306E8 142727288 1.8569306548781276E8 4.943466373414366E7 454520
pla85900_n858990_bounded-strongly-corr_01.ttp: 4.0 7.4164924E7 1.12435724E8 142647668 1.8370105935720015E8 4.997736381855194E7 448679
pla85900_n858990_bounded-strongly-corr_01.ttp: 108.0 7.416482E7 1.1231912E8 142729454 1.834411137458777E8 4.994914132640158E7 454185
pla85900_n858990_bounded-strongly-corr_01.ttp: 0.0 7.4164928E7 1.12324528E8 142666606 1.8352976186701193E8 4.992440896521594E7 449846
pla85900_n858990_bounded-strongly-corr_01.ttp: 63.0 7.4164865E7 1.12666565E8 142780420 1.8557134389768815E8 4.957230807478602E7 457226
pla85900_n858990_bounded-strongly-corr_01.ttp: 33.0 7.4164895E7 1.12444795E8 142681138 1.858316189936282E8 4.9262044542166404E7 450164
pla85900_n858990_bounded-strongly-corr_01.ttp: 5.0 7.4164923E7 1.12593023E8 142696301 1.858624222639663E8 4.939979943025146E7 447802
Instance :rat195_n1940_bounded-strongly-corr_01.ttp
RESULTS FOR heuristics : 20
rat195_n1940_bounded-strongly-corr_01.ttp: 42.0 167426.0 261026.0 2448 3390.019769685314 93355.62219136438 104
rat195_n1940_bounded-strongly-corr_01.ttp: 87.0 167381.0 261081.0 2448 3412.042262976812 92321.38967316688 104
rat195_n1940_bounded-strongly-corr_01.ttp: 83.0 167385.0 260685.0 2446 3397.600401000063 92639.6841665369 96
rat195_n1940_bounded-strongly-corr_01.ttp: 87.0 167381.0 261081.0 2448 3412.042262976812 92321.38967316688 103
rat195_n1940_bounded-strongly-corr_01.ttp: 46.0 167422.0 253222.0 2448 3110.1531453465204 99393.8254311611 109
rat195_n1940_bounded-strongly-corr_01.ttp: 46.0 167422.0 253222.0 2448 3110.150472364007 99393.9576368762 104
rat195_n1940_bounded-strongly-corr_01.ttp: 83.0 167385.0 260685.0 2446 3397.600401000063 92639.6841665369 112
rat195_n1940_bounded-strongly-corr_01.ttp: 46.0 167422.0 253222.0 2448 3110.150472364007 99393.9576368762 103
rat195_n1940_bounded-strongly-corr_01.ttp: 83.0 167385.0 260685.0 2446 3397.600401000063 92639.6841665369 115
rat195_n1940_bounded-strongly-corr_01.ttp: 46.0 167422.0 253222.0 2448 3110.150472364007 99393.9576368762 98
rat195_n1940_bounded-strongly-corr_01.ttp: 87.0 167381.0 261081.0 2448 3412.042262976812 92321.38967316688 105
rat195_n1940_bounded-strongly-corr_01.ttp: 1.0 167467.0 252667.0 2449 3099.7576820994414 99352.98504336164 104
rat195_n1940_bounded-strongly-corr_01.ttp: 113.0 167355.0 260655.0 2449 3411.8784973963093 91903.48951877854 106
rat195_n1940_bounded-strongly-corr_01.ttp: 46.0 167422.0 253222.0 2448 3110.150472364007 99393.9576368762 110
rat195_n1940_bounded-strongly-corr_01.ttp: 83.0 167385.0 260685.0 2446 3397.600401000063 92639.6841665369 108
rat195_n1940_bounded-strongly-corr_01.ttp: 46.0 167422.0 253222.0 2448 3110.1531453465204 99393.8254311611 112
rat195_n1940_bounded-strongly-corr_01.ttp: 46.0 167422.0 253222.0 2448 3110.150472364007 99393.9576368762 104
rat195_n1940_bounded-strongly-corr_01.ttp: 46.0 167422.0 253222.0 2448 3110.150472364007 99393.9576368762 109
rat195_n1940_bounded-strongly-corr_01.ttp: 46.0 167422.0 253222.0 2448 3110.150472364007 99393.9576368762 106
rat195_n1940_bounded-strongly-corr_01.ttp: 8.0 167460.0 248860.0 2446 3033.3395770621723 98831.02451850494 112
rat195_n1940_bounded-strongly-corr_01.ttp: 87.0 167381.0 261081.0 2448 3412.042262976812 92321.38967316688 110
rat195_n1940_bounded-strongly-corr_01.ttp: 1.0 167467.0 252667.0 2449 3099.7603550819554 99352.8528376465 105
rat195_n1940_bounded-strongly-corr_01.ttp: 46.0 167422.0 253222.0 2448 3110.150472364007 99393.9576368762 108
rat195_n1940_bounded-strongly-corr_01.ttp: 23.0 167445.0 251745.0 2450 3091.177875160581 98855.34229455766 113
rat195_n1940_bounded-strongly-corr_01.ttp: 46.0 167422.0 253222.0 2448 3110.150472364007 99393.9576368762 110
rat195_n1940_bounded-strongly-corr_01.ttp: 8.0 167460.0 248860.0 2446 3033.3476766897847 98830.62391092326 106
rat195_n1940_bounded-strongly-corr_01.ttp: 87.0 167381.0 261081.0 2448 3412.042262976812 92321.38967316688 106
rat195_n1940_bounded-strongly-corr_01.ttp: 87.0 167381.0 261081.0 2448 3412.042262976812 92321.38967316688 108
rat195_n1940_bounded-strongly-corr_01.ttp: 8.0 167460.0 248860.0 2446 3033.3395770621723 98831.02451850494 107
rat195_n1940_bounded-strongly-corr_01.ttp: 19.0 167449.0 260649.0 2446 3375.9441143490576 93674.80410429562 107
RESULTS FOR heuristics : 24
rat195_n1940_bounded-strongly-corr_01.ttp: 20.0 167448.0 254848.0 2452 3102.4916616752166 101398.7624135438 599898
rat195_n1940_bounded-strongly-corr_01.ttp: 20.0 167448.0 254848.0 2452 3102.4916616752166 101398.7624135438 599901
rat195_n1940_bounded-strongly-corr_01.ttp: 37.0 167431.0 257031.0 2455 3140.9097564617337 101681.60344540264 599933
rat195_n1940_bounded-strongly-corr_01.ttp: 37.0 167431.0 257031.0 2455 3140.9097564617337 101681.60344540264 599947
rat195_n1940_bounded-strongly-corr_01.ttp: 20.0 167448.0 254848.0 2452 3102.4916616752166 101398.7624135438 599914
rat195_n1940_bounded-strongly-corr_01.ttp: 20.0 167448.0 254848.0 2452 3102.4916616752166 101398.7624135438 599906
rat195_n1940_bounded-strongly-corr_01.ttp: 9.0 167459.0 256359.0 2456 3129.512389939705 101573.31719358219 599930
rat195_n1940_bounded-strongly-corr_01.ttp: 20.0 167448.0 254848.0 2452 3102.4916616752166 101398.7624135438 599913
rat195_n1940_bounded-strongly-corr_01.ttp: 20.0 167448.0 254848.0 2452 3102.4916616752166 101398.7624135438 599896
rat195_n1940_bounded-strongly-corr_01.ttp: 20.0 167448.0 254848.0 2452 3102.4916616752166 101398.7624135438 599914
rat195_n1940_bounded-strongly-corr_01.ttp: 20.0 167448.0 254848.0 2452 3102.4916616752166 101398.7624135438 599912
rat195_n1940_bounded-strongly-corr_01.ttp: 20.0 167448.0 254848.0 2452 3102.4916616752166 101398.7624135438 599904
rat195_n1940_bounded-strongly-corr_01.ttp: 20.0 167448.0 254848.0 2452 3102.4916616752166 101398.7624135438 599908
rat195_n1940_bounded-strongly-corr_01.ttp: 20.0 167448.0 254848.0 2452 3102.4916616752166 101398.7624135438 599933
rat195_n1940_bounded-strongly-corr_01.ttp: 20.0 167448.0 254848.0 2452 3102.4916616752166 101398.7624135438 599937
rat195_n1940_bounded-strongly-corr_01.ttp: 20.0 167448.0 254848.0 2452 3102.4916616752166 101398.7624135438 599898
rat195_n1940_bounded-strongly-corr_01.ttp: 20.0 167448.0 254848.0 2452 3102.4916616752166 101398.7624135438 599928
rat195_n1940_bounded-strongly-corr_01.ttp: 37.0 167431.0 257031.0 2455 3140.9097564617337 101681.60344540264 599888
rat195_n1940_bounded-strongly-corr_01.ttp: 20.0 167448.0 254848.0 2452 3102.4916616752166 101398.7624135438 599895
rat195_n1940_bounded-strongly-corr_01.ttp: 20.0 167448.0 254848.0 2452 3102.4916616752166 101398.7624135438 599940
rat195_n1940_bounded-strongly-corr_01.ttp: 20.0 167448.0 254848.0 2452 3102.4916616752166 101398.7624135438 599904
rat195_n1940_bounded-strongly-corr_01.ttp: 20.0 167448.0 254848.0 2452 3102.4916616752166 101398.7624135438 599937
rat195_n1940_bounded-strongly-corr_01.ttp: 20.0 167448.0 254848.0 2452 3102.4916616752166 101398.7624135438 599887
rat195_n1940_bounded-strongly-corr_01.ttp: 20.0 167448.0 254848.0 2452 3102.4916616752166 101398.7624135438 599912
rat195_n1940_bounded-strongly-corr_01.ttp: 20.0 167448.0 254848.0 2452 3102.4916616752166 101398.7624135438 599938
rat195_n1940_bounded-strongly-corr_01.ttp: 20.0 167448.0 254848.0 2452 3102.4916616752166 101398.7624135438 599904
rat195_n1940_bounded-strongly-corr_01.ttp: 20.0 167448.0 254848.0 2452 3102.4916616752166 101398.7624135438 599916
rat195_n1940_bounded-strongly-corr_01.ttp: 20.0 167448.0 254848.0 2452 3102.4916616752166 101398.7624135438 599935
rat195_n1940_bounded-strongly-corr_01.ttp: 20.0 167448.0 254848.0 2452 3102.4916616752166 101398.7624135438 599928
rat195_n1940_bounded-strongly-corr_01.ttp: 20.0 167448.0 254848.0 2452 3102.4916616752166 101398.7624135438 599931
