Enter,TTP,instance,file:
RESULTS,FOR,heuristics,:,20
rat195_n582_uncorr-similar-weights_01.ttp:,924.0,52224.0,43809.0,2446,3162.0975825993364,16646.5817654717,899
rat195_n582_uncorr-similar-weights_01.ttp:,921.0,52227.0,44298.0,2448,3327.100003108465,15718.210973298286,522
rat195_n582_uncorr-similar-weights_01.ttp:,924.0,52224.0,43809.0,2446,3162.0975825993364,16646.5817654717,536
rat195_n582_uncorr-similar-weights_01.ttp:,916.0,52232.0,43628.0,2448,3136.105825883956,16688.850955656817,576
rat195_n582_uncorr-similar-weights_01.ttp:,916.0,52232.0,43628.0,2448,3136.105825883956,16688.850955656817,618
rat195_n582_uncorr-similar-weights_01.ttp:,924.0,52224.0,44318.0,2446,3333.9975876373705,15678.960722194988,560
rat195_n582_uncorr-similar-weights_01.ttp:,924.0,52224.0,44318.0,2446,3333.9975876373705,15678.960722194988,539
rat195_n582_uncorr-similar-weights_01.ttp:,921.0,52227.0,44298.0,2448,3327.100003108465,15718.210973298286,570
rat195_n582_uncorr-similar-weights_01.ttp:,924.0,52224.0,44318.0,2446,3333.9975876373705,15678.960722194988,573
rat195_n582_uncorr-similar-weights_01.ttp:,916.0,52232.0,43628.0,2448,3136.105825883956,16688.850955656817,593
rat195_n582_uncorr-similar-weights_01.ttp:,921.0,52227.0,44298.0,2448,3327.100003108465,15718.210973298286,581
rat195_n582_uncorr-similar-weights_01.ttp:,921.0,52227.0,44298.0,2448,3327.100003108465,15718.210973298286,596
rat195_n582_uncorr-similar-weights_01.ttp:,916.0,52232.0,43628.0,2448,3136.105825883956,16688.850955656817,530
rat195_n582_uncorr-similar-weights_01.ttp:,916.0,52232.0,43628.0,2448,3136.105825883956,16688.850955656817,663
rat195_n582_uncorr-similar-weights_01.ttp:,911.0,52237.0,44013.0,2449,3318.571001799315,15506.475094543883,544
rat195_n582_uncorr-similar-weights_01.ttp:,916.0,52232.0,43628.0,2448,3136.105825883956,16688.850955656817,595
rat195_n582_uncorr-similar-weights_01.ttp:,916.0,52232.0,43628.0,2448,3136.105825883956,16688.850955656817,548
rat195_n582_uncorr-similar-weights_01.ttp:,921.0,52227.0,44298.0,2448,3327.100003108465,15718.210973298286,566
rat195_n582_uncorr-similar-weights_01.ttp:,916.0,52232.0,43628.0,2448,3136.105825883956,16688.850955656817,566
rat195_n582_uncorr-similar-weights_01.ttp:,916.0,52232.0,43628.0,2448,3136.105825883956,16688.850955656817,574
rat195_n582_uncorr-similar-weights_01.ttp:,924.0,52224.0,43809.0,2446,3162.0975825993364,16646.5817654717,504
rat195_n582_uncorr-similar-weights_01.ttp:,916.0,52232.0,43628.0,2448,3136.105825883956,16688.850955656817,506
rat195_n582_uncorr-similar-weights_01.ttp:,921.0,52227.0,44298.0,2448,3327.100003108465,15718.210973298286,546
rat195_n582_uncorr-similar-weights_01.ttp:,927.0,52221.0,44245.0,2446,3319.286915527445,15732.325395619246,513
rat195_n582_uncorr-similar-weights_01.ttp:,916.0,52232.0,43628.0,2448,3136.105825883956,16688.850955656817,545
rat195_n582_uncorr-similar-weights_01.ttp:,914.0,52234.0,43940.0,2449,3303.816019327799,15560.220393974207,539
rat195_n582_uncorr-similar-weights_01.ttp:,924.0,52224.0,43809.0,2446,3162.0975825993364,16646.5817654717,505
rat195_n582_uncorr-similar-weights_01.ttp:,916.0,52232.0,43628.0,2448,3136.105825883956,16688.850955656817,547
rat195_n582_uncorr-similar-weights_01.ttp:,924.0,52224.0,44318.0,2446,3333.9975876373705,15678.960722194988,546
rat195_n582_uncorr-similar-weights_01.ttp:,921.0,52227.0,44298.0,2448,3327.100003108465,15718.210973298286,519
RESULTS,FOR,heuristics,:,21
rat195_n582_uncorr-similar-weights_01.ttp:,917.0,52231.0,44518.0,2448,3330.0669454069553,15912.724938954256,583
rat195_n582_uncorr-similar-weights_01.ttp:,915.0,52233.0,44525.0,2448,3166.6812853583947,17323.20775877139,530
rat195_n582_uncorr-similar-weights_01.ttp:,920.0,52228.0,44538.0,2446,3336.9643614895554,15873.476134804721,581
rat195_n582_uncorr-similar-weights_01.ttp:,915.0,52233.0,44525.0,2448,3166.6812853583947,17323.20775877139,598
rat195_n582_uncorr-similar-weights_01.ttp:,907.0,52241.0,44233.0,2449,3321.5384937765443,15700.984338459486,542
rat195_n582_uncorr-similar-weights_01.ttp:,915.0,52233.0,44525.0,2448,3166.6812853583947,17323.20775877139,574
rat195_n582_uncorr-similar-weights_01.ttp:,917.0,52231.0,44518.0,2448,3342.87098648399,15802.738226102527,588
rat195_n582_uncorr-similar-weights_01.ttp:,907.0,52241.0,44233.0,2449,3321.0592163952306,15705.10133116497,586
rat195_n582_uncorr-similar-weights_01.ttp:,915.0,52233.0,44525.0,2448,3166.6812853583947,17323.20775877139,587
rat195_n582_uncorr-similar-weights_01.ttp:,917.0,52231.0,44518.0,2448,3342.87098648399,15802.738226102527,642
rat195_n582_uncorr-similar-weights_01.ttp:,915.0,52233.0,44525.0,2448,3166.6812853583947,17323.20775877139,522
rat195_n582_uncorr-similar-weights_01.ttp:,923.0,52225.0,44706.0,2446,3192.630094287624,17281.30749006931,605
rat195_n582_uncorr-similar-weights_01.ttp:,917.0,52231.0,44518.0,2448,3342.87098648399,15802.738226102527,574
rat195_n582_uncorr-similar-weights_01.ttp:,915.0,52233.0,44525.0,2448,3166.6812853583947,17323.20775877139,586
rat195_n582_uncorr-similar-weights_01.ttp:,917.0,52231.0,44518.0,2450,3337.417045935898,15849.587575410638,520
rat195_n582_uncorr-similar-weights_01.ttp:,917.0,52231.0,44518.0,2448,3342.87098648399,15802.738226102527,583
rat195_n582_uncorr-similar-weights_01.ttp:,916.0,52232.0,44685.0,2449,3198.2809207940372,17211.766890379222,533
rat195_n582_uncorr-similar-weights_01.ttp:,917.0,52231.0,44518.0,2448,3342.87098648399,15802.738226102527,563
rat195_n582_uncorr-similar-weights_01.ttp:,917.0,52231.0,44518.0,2448,3342.87098648399,15802.738226102527,509
rat195_n582_uncorr-similar-weights_01.ttp:,917.0,52231.0,44518.0,2448,3330.0669454069553,15912.724938954256,557
rat195_n582_uncorr-similar-weights_01.ttp:,907.0,52241.0,44233.0,2449,3334.373174454374,15590.73443143693,538
rat195_n582_uncorr-similar-weights_01.ttp:,920.0,52228.0,44538.0,2446,3336.9643614895554,15873.476134804721,498
rat195_n582_uncorr-similar-weights_01.ttp:,915.0,52233.0,44525.0,2448,3166.6812853583947,17323.20775877139,567
rat195_n582_uncorr-similar-weights_01.ttp:,915.0,52233.0,44525.0,2448,3166.6812853583947,17323.20775877139,512
rat195_n582_uncorr-similar-weights_01.ttp:,923.0,52225.0,44706.0,2446,3192.630094287624,17281.30749006931,581
rat195_n582_uncorr-similar-weights_01.ttp:,917.0,52231.0,44518.0,2448,3342.87098648399,15802.738226102527,586
rat195_n582_uncorr-similar-weights_01.ttp:,915.0,52233.0,44525.0,2448,3166.6812853583947,17323.20775877139,584
rat195_n582_uncorr-similar-weights_01.ttp:,915.0,52233.0,44525.0,2448,3166.6812853583947,17323.20775877139,601
rat195_n582_uncorr-similar-weights_01.ttp:,915.0,52233.0,44525.0,2448,3166.6812853583947,17323.20775877139,553
rat195_n582_uncorr-similar-weights_01.ttp:,917.0,52231.0,44518.0,2448,3342.87098648399,15802.738226102527,529
RESULTS,FOR,heuristics,:,22
rat195_n582_uncorr-similar-weights_01.ttp:,927.0,52221.0,45267.0,2448,3231.335062634772,17509.83181196731,599797
rat195_n582_uncorr-similar-weights_01.ttp:,926.0,52222.0,45522.0,2449,3270.502757881591,17428.381309797132,599829
rat195_n582_uncorr-similar-weights_01.ttp:,920.0,52228.0,44684.0,2452,3324.9595134804204,16122.597779203188,599790
rat195_n582_uncorr-similar-weights_01.ttp:,920.0,52228.0,45040.0,2446,3399.6847376473097,15836.70810360961,599798
rat195_n582_uncorr-similar-weights_01.ttp:,920.0,52228.0,45040.0,2446,3399.6847376473097,15836.70810360961,599807
rat195_n582_uncorr-similar-weights_01.ttp:,936.0,52212.0,44762.0,2452,3390.682183064623,15636.04004747489,599828
rat195_n582_uncorr-similar-weights_01.ttp:,918.0,52230.0,44751.0,2448,3361.7000799314173,15873.996313389125,599790
rat195_n582_uncorr-similar-weights_01.ttp:,926.0,52222.0,45501.0,2446,3259.5468517863505,17501.49254315525,599831
rat195_n582_uncorr-similar-weights_01.ttp:,927.0,52221.0,45267.0,2448,3231.335062634772,17509.83181196731,599792
rat195_n582_uncorr-similar-weights_01.ttp:,918.0,52230.0,44751.0,2448,3348.899096674446,15983.95675956651,599790
rat195_n582_uncorr-similar-weights_01.ttp:,926.0,52222.0,45522.0,2449,3270.502757881591,17428.381309797132,599814
rat195_n582_uncorr-similar-weights_01.ttp:,918.0,52230.0,44751.0,2448,3361.7000799314173,15873.996313389125,599790
rat195_n582_uncorr-similar-weights_01.ttp:,920.0,52228.0,45003.0,2449,3382.838430755641,15944.417879809043,599838
rat195_n582_uncorr-similar-weights_01.ttp:,927.0,52221.0,45267.0,2448,3231.335062634772,17509.83181196731,599806
rat195_n582_uncorr-similar-weights_01.ttp:,927.0,52221.0,45267.0,2448,3231.335062634772,17509.83181196731,599824
rat195_n582_uncorr-similar-weights_01.ttp:,927.0,52221.0,45267.0,2448,3231.335062634772,17509.83181196731,599843
rat195_n582_uncorr-similar-weights_01.ttp:,920.0,52228.0,44684.0,2452,3324.9595134804204,16122.597779203188,599828
rat195_n582_uncorr-similar-weights_01.ttp:,926.0,52222.0,45522.0,2449,3270.502757881591,17428.381309797132,599834
rat195_n582_uncorr-similar-weights_01.ttp:,926.0,52222.0,45522.0,2449,3270.502757881591,17428.381309797132,599840
rat195_n582_uncorr-similar-weights_01.ttp:,918.0,52230.0,44751.0,2448,3361.7000799314173,15873.996313389125,599790
rat195_n582_uncorr-similar-weights_01.ttp:,920.0,52228.0,45003.0,2449,3382.838430755641,15944.417879809043,599800
rat195_n582_uncorr-similar-weights_01.ttp:,920.0,52228.0,45040.0,2446,3399.6847376473097,15836.70810360961,599814
rat195_n582_uncorr-similar-weights_01.ttp:,927.0,52221.0,45267.0,2448,3231.335062634772,17509.83181196731,599790
rat195_n582_uncorr-similar-weights_01.ttp:,918.0,52230.0,44751.0,2448,3361.7000799314173,15873.996313389125,599829
rat195_n582_uncorr-similar-weights_01.ttp:,927.0,52221.0,45267.0,2448,3231.335062634772,17509.83181196731,599790
rat195_n582_uncorr-similar-weights_01.ttp:,920.0,52228.0,45040.0,2446,3399.6847376473097,15836.70810360961,599790
rat195_n582_uncorr-similar-weights_01.ttp:,927.0,52221.0,45267.0,2448,3231.335062634772,17509.83181196731,599790
rat195_n582_uncorr-similar-weights_01.ttp:,926.0,52222.0,45501.0,2446,3259.5468517863505,17501.49254315525,599790
rat195_n582_uncorr-similar-weights_01.ttp:,926.0,52222.0,45501.0,2446,3259.5468517863505,17501.49254315525,599809
rat195_n582_uncorr-similar-weights_01.ttp:,918.0,52230.0,44751.0,2448,3348.899096674446,15983.95675956651,599830
RESULTS,FOR,heuristics,:,23
rat195_n582_uncorr-similar-weights_01.ttp:,916.0,52232.0,43628.0,2448,3136.105825883956,16688.850955656817,1055
rat195_n582_uncorr-similar-weights_01.ttp:,921.0,52227.0,44298.0,2448,3320.6500626633897,15773.615961721483,1541
rat195_n582_uncorr-similar-weights_01.ttp:,916.0,52232.0,43628.0,2448,3136.105825883956,16688.850955656817,1033
rat195_n582_uncorr-similar-weights_01.ttp:,916.0,52232.0,43628.0,2448,3136.105825883956,16688.850955656817,1169
rat195_n582_uncorr-similar-weights_01.ttp:,924.0,52224.0,43809.0,2446,3162.0975825993364,16646.5817654717,1063
rat195_n582_uncorr-similar-weights_01.ttp:,916.0,52232.0,43628.0,2448,3136.105825883956,16688.850955656817,1008
rat195_n582_uncorr-similar-weights_01.ttp:,921.0,52227.0,44298.0,2448,3320.6500626633897,15773.615961721483,1443
rat195_n582_uncorr-similar-weights_01.ttp:,914.0,52234.0,43940.0,2449,3303.3367419464853,15564.33738667969,938
rat195_n582_uncorr-similar-weights_01.ttp:,916.0,52232.0,43628.0,2448,3136.105825883956,16688.850955656817,1000
rat195_n582_uncorr-similar-weights_01.ttp:,924.0,52224.0,44318.0,2446,3327.5525082421727,15734.323954199735,1441
rat195_n582_uncorr-similar-weights_01.ttp:,911.0,52237.0,44013.0,2449,3312.104816737284,15562.01962422673,1475
rat195_n582_uncorr-similar-weights_01.ttp:,921.0,52227.0,44298.0,2450,3328.0001631923324,15710.478598177866,1706
rat195_n582_uncorr-similar-weights_01.ttp:,916.0,52232.0,43628.0,2448,3136.105825883956,16688.850955656817,1025
rat195_n582_uncorr-similar-weights_01.ttp:,924.0,52224.0,44318.0,2446,3327.5525082421727,15734.323954199735,1545
rat195_n582_uncorr-similar-weights_01.ttp:,924.0,52224.0,43809.0,2446,3162.0975825993364,16646.5817654717,1052
rat195_n582_uncorr-similar-weights_01.ttp:,924.0,52224.0,44318.0,2446,3327.5525082421727,15734.323954199735,1477
rat195_n582_uncorr-similar-weights_01.ttp:,927.0,52221.0,44245.0,2446,3319.286915527445,15732.325395619246,976
rat195_n582_uncorr-similar-weights_01.ttp:,924.0,52224.0,43809.0,2446,3162.0975825993364,16646.5817654717,1028
rat195_n582_uncorr-similar-weights_01.ttp:,916.0,52232.0,43628.0,2448,3136.105825883956,16688.850955656817,1061
rat195_n582_uncorr-similar-weights_01.ttp:,921.0,52227.0,44298.0,2448,3320.6500626633897,15773.615961721483,1651
rat195_n582_uncorr-similar-weights_01.ttp:,921.0,52227.0,44298.0,2448,3320.6500626633897,15773.615961721483,1482
rat195_n582_uncorr-similar-weights_01.ttp:,916.0,52232.0,43628.0,2448,3136.105825883956,16688.850955656817,1066
rat195_n582_uncorr-similar-weights_01.ttp:,916.0,52232.0,43628.0,2448,3136.105825883956,16688.850955656817,1018
rat195_n582_uncorr-similar-weights_01.ttp:,924.0,52224.0,43809.0,2446,3162.0975825993364,16646.5817654717,940
rat195_n582_uncorr-similar-weights_01.ttp:,924.0,52224.0,44318.0,2446,3327.5525082421727,15734.323954199735,1357
rat195_n582_uncorr-similar-weights_01.ttp:,916.0,52232.0,43628.0,2448,3136.105825883956,16688.850955656817,1054
rat195_n582_uncorr-similar-weights_01.ttp:,924.0,52224.0,44225.0,2448,3312.3791236942393,15771.663327466485,990
rat195_n582_uncorr-similar-weights_01.ttp:,924.0,52224.0,43809.0,2446,3162.0975825993364,16646.5817654717,1024
rat195_n582_uncorr-similar-weights_01.ttp:,924.0,52224.0,44318.0,2446,3327.5525082421727,15734.323954199735,1444
rat195_n582_uncorr-similar-weights_01.ttp:,916.0,52232.0,43628.0,2448,3136.105825883956,16688.850955656817,1041
RESULTS,FOR,heuristics,:,24
rat195_n582_uncorr-similar-weights_01.ttp:,927.0,52221.0,43990.0,2450,3139.6788719982187,17020.1584895353,599655
rat195_n582_uncorr-similar-weights_01.ttp:,927.0,52221.0,43990.0,2450,3139.6788719982187,17020.1584895353,599711
rat195_n582_uncorr-similar-weights_01.ttp:,928.0,52220.0,44032.0,2454,3143.7634957806513,17027.071571244207,599588
rat195_n582_uncorr-similar-weights_01.ttp:,923.0,52225.0,43733.0,2452,3114.763510096867,16977.181448267915,599685
rat195_n582_uncorr-similar-weights_01.ttp:,927.0,52221.0,43990.0,2450,3139.6788719982187,17020.1584895353,599607
rat195_n582_uncorr-similar-weights_01.ttp:,928.0,52220.0,44032.0,2454,3143.7634957806513,17027.071571244207,599575
rat195_n582_uncorr-similar-weights_01.ttp:,927.0,52221.0,43990.0,2450,3139.6788719982187,17020.1584895353,599493
rat195_n582_uncorr-similar-weights_01.ttp:,927.0,52221.0,43990.0,2450,3139.6788719982187,17020.1584895353,599584
rat195_n582_uncorr-similar-weights_01.ttp:,927.0,52221.0,43990.0,2450,3139.6788719982187,17020.1584895353,599443
rat195_n582_uncorr-similar-weights_01.ttp:,923.0,52225.0,43733.0,2452,3114.763510096867,16977.181448267915,599422
rat195_n582_uncorr-similar-weights_01.ttp:,927.0,52221.0,43990.0,2450,3139.6788719982187,17020.1584895353,599581
rat195_n582_uncorr-similar-weights_01.ttp:,928.0,52220.0,44032.0,2454,3143.7634957806513,17027.071571244207,599524
rat195_n582_uncorr-similar-weights_01.ttp:,923.0,52225.0,43733.0,2452,3114.763510096867,16977.181448267915,599425
rat195_n582_uncorr-similar-weights_01.ttp:,928.0,52220.0,44032.0,2454,3143.7634957806513,17027.071571244207,599448
rat195_n582_uncorr-similar-weights_01.ttp:,928.0,52220.0,44032.0,2454,3143.7634957806513,17027.071571244207,599657
rat195_n582_uncorr-similar-weights_01.ttp:,927.0,52221.0,43990.0,2450,3139.6788719982187,17020.1584895353,599624
rat195_n582_uncorr-similar-weights_01.ttp:,927.0,52221.0,43990.0,2450,3139.6788719982187,17020.1584895353,599445
rat195_n582_uncorr-similar-weights_01.ttp:,927.0,52221.0,43990.0,2450,3139.6788719982187,17020.1584895353,599692
rat195_n582_uncorr-similar-weights_01.ttp:,923.0,52225.0,43733.0,2452,3114.763510096867,16977.181448267915,599603
rat195_n582_uncorr-similar-weights_01.ttp:,927.0,52221.0,43990.0,2450,3139.6788719982187,17020.1584895353,599434
rat195_n582_uncorr-similar-weights_01.ttp:,927.0,52221.0,43990.0,2450,3139.6788719982187,17020.1584895353,599399
rat195_n582_uncorr-similar-weights_01.ttp:,927.0,52221.0,43990.0,2450,3139.6788719982187,17020.1584895353,599382
rat195_n582_uncorr-similar-weights_01.ttp:,927.0,52221.0,43990.0,2450,3139.6788719982187,17020.1584895353,599527
rat195_n582_uncorr-similar-weights_01.ttp:,927.0,52221.0,43990.0,2450,3139.6788719982187,17020.1584895353,599466
rat195_n582_uncorr-similar-weights_01.ttp:,927.0,52221.0,43990.0,2450,3139.6788719982187,17020.1584895353,599394
rat195_n582_uncorr-similar-weights_01.ttp:,928.0,52220.0,44032.0,2454,3143.7634957806513,17027.071571244207,599602
rat195_n582_uncorr-similar-weights_01.ttp:,928.0,52220.0,44032.0,2454,3143.7634957806513,17027.071571244207,599462
rat195_n582_uncorr-similar-weights_01.ttp:,927.0,52221.0,43990.0,2450,3139.6788719982187,17020.1584895353,599702
rat195_n582_uncorr-similar-weights_01.ttp:,928.0,52220.0,44032.0,2454,3143.7634957806513,17027.071571244207,599591
rat195_n582_uncorr-similar-weights_01.ttp:,929.0,52219.0,43767.0,2454,3104.688472913727,17097.726017671088,599677
RESULTS,FOR,heuristics,:,25
rat195_n582_uncorr-similar-weights_01.ttp:,917.0,52231.0,44518.0,2448,3330.0669454069553,15912.724938954256,1460
rat195_n582_uncorr-similar-weights_01.ttp:,923.0,52225.0,44706.0,2446,3192.630094287624,17281.30749006931,1394
rat195_n582_uncorr-similar-weights_01.ttp:,917.0,52231.0,44518.0,2448,3330.0669454069553,15912.724938954256,1460
rat195_n582_uncorr-similar-weights_01.ttp:,920.0,52228.0,44538.0,2446,3336.9643614895554,15873.476134804721,1501
rat195_n582_uncorr-similar-weights_01.ttp:,915.0,52233.0,44525.0,2448,3166.6812853583947,17323.20775877139,1443
rat195_n582_uncorr-similar-weights_01.ttp:,917.0,52231.0,44518.0,2448,3330.0669454069553,15912.724938954256,1437
rat195_n582_uncorr-similar-weights_01.ttp:,920.0,52228.0,44538.0,2446,3336.9643614895554,15873.476134804721,1490
rat195_n582_uncorr-similar-weights_01.ttp:,920.0,52228.0,44538.0,2446,3336.9643614895554,15873.476134804721,1509
rat195_n582_uncorr-similar-weights_01.ttp:,923.0,52225.0,44706.0,2446,3192.630094287624,17281.30749006931,1445
rat195_n582_uncorr-similar-weights_01.ttp:,915.0,52233.0,44525.0,2448,3166.6812853583947,17323.20775877139,1450
rat195_n582_uncorr-similar-weights_01.ttp:,920.0,52228.0,44538.0,2446,3336.9643614895554,15873.476134804721,1479
rat195_n582_uncorr-similar-weights_01.ttp:,917.0,52231.0,44518.0,2448,3330.0669454069553,15912.724938954256,1415
rat195_n582_uncorr-similar-weights_01.ttp:,920.0,52228.0,44538.0,2446,3336.9643614895554,15873.476134804721,1452
rat195_n582_uncorr-similar-weights_01.ttp:,917.0,52231.0,44518.0,2448,3330.0669454069553,15912.724938954256,1463
rat195_n582_uncorr-similar-weights_01.ttp:,924.0,52224.0,44579.0,2449,3177.679862270043,17282.72998310033,1355
rat195_n582_uncorr-similar-weights_01.ttp:,920.0,52228.0,44538.0,2446,3336.9643614895554,15873.476134804721,1447
rat195_n582_uncorr-similar-weights_01.ttp:,915.0,52233.0,44525.0,2448,3166.6812853583947,17323.20775877139,1510
rat195_n582_uncorr-similar-weights_01.ttp:,917.0,52231.0,44518.0,2448,3330.0669454069553,15912.724938954256,1509
rat195_n582_uncorr-similar-weights_01.ttp:,915.0,52233.0,44525.0,2448,3166.6812853583947,17323.20775877139,1522
rat195_n582_uncorr-similar-weights_01.ttp:,920.0,52228.0,44538.0,2449,3339.9643614895554,15847.706134804721,1498
rat195_n582_uncorr-similar-weights_01.ttp:,925.0,52223.0,45081.0,2450,3214.697537176379,17466.748155654906,1453
rat195_n582_uncorr-similar-weights_01.ttp:,923.0,52225.0,44706.0,2446,3192.630094287624,17281.30749006931,1459
rat195_n582_uncorr-similar-weights_01.ttp:,920.0,52228.0,44538.0,2446,3336.9643614895554,15873.476134804721,1501
rat195_n582_uncorr-similar-weights_01.ttp:,915.0,52233.0,44525.0,2450,3167.0122962234286,17320.36437544075,1533
rat195_n582_uncorr-similar-weights_01.ttp:,917.0,52231.0,44518.0,2448,3330.0669454069553,15912.724938954256,1463
rat195_n582_uncorr-similar-weights_01.ttp:,920.0,52228.0,44538.0,2446,3336.9643614895554,15873.476134804721,1416
rat195_n582_uncorr-similar-weights_01.ttp:,923.0,52225.0,44706.0,2446,3192.630094287624,17281.30749006931,1488
rat195_n582_uncorr-similar-weights_01.ttp:,920.0,52228.0,44538.0,2446,3336.9643614895554,15873.476134804721,1429
rat195_n582_uncorr-similar-weights_01.ttp:,915.0,52233.0,44525.0,2450,3167.0122962234286,17320.36437544075,1461
rat195_n582_uncorr-similar-weights_01.ttp:,916.0,52232.0,44685.0,2449,3198.2809207940372,17211.766890379222,1499
RESULTS,FOR,heuristics,:,26
rat195_n582_uncorr-similar-weights_01.ttp:,922.0,52226.0,44936.0,2450,3385.09540625971,15858.030460229089,7026
rat195_n582_uncorr-similar-weights_01.ttp:,920.0,52228.0,45041.0,2448,3385.224006241539,15961.925786385182,7315
rat195_n582_uncorr-similar-weights_01.ttp:,920.0,52228.0,45040.0,2446,3386.8898666885293,15946.616045145533,6931
rat195_n582_uncorr-similar-weights_01.ttp:,926.0,52222.0,45167.0,2446,3226.527257394034,17451.130858985245,5172
rat195_n582_uncorr-similar-weights_01.ttp:,917.0,52231.0,44518.0,2448,3330.0669454069553,15912.724938954256,4344
rat195_n582_uncorr-similar-weights_01.ttp:,907.0,52241.0,44735.0,2449,3375.6998417797095,15737.738359112296,5434
rat195_n582_uncorr-similar-weights_01.ttp:,930.0,52218.0,45496.0,2446,3261.3166116556677,17481.290305877814,7017
rat195_n582_uncorr-similar-weights_01.ttp:,922.0,52226.0,45262.0,2449,3245.593501410373,17382.351822884895,6125
rat195_n582_uncorr-similar-weights_01.ttp:,920.0,52228.0,44538.0,2446,3336.9643614895554,15873.476134804721,4336
rat195_n582_uncorr-similar-weights_01.ttp:,923.0,52225.0,44961.0,2446,3220.897245819242,17293.492658412713,5337
rat195_n582_uncorr-similar-weights_01.ttp:,922.0,52226.0,45596.0,2449,3279.921589944962,17421.47354237278,11000
rat195_n582_uncorr-similar-weights_01.ttp:,929.0,52219.0,44843.0,2446,3367.665480096737,15914.753525969027,5085
rat195_n582_uncorr-similar-weights_01.ttp:,912.0,52236.0,45038.0,2448,3219.5696604749637,17381.89661652006,7559
rat195_n582_uncorr-similar-weights_01.ttp:,916.0,52232.0,45347.0,2448,3251.9887567519186,17412.41657950102,7249
rat195_n582_uncorr-similar-weights_01.ttp:,927.0,52221.0,45592.0,2446,3272.144400771139,17484.279597375917,11072
rat195_n582_uncorr-similar-weights_01.ttp:,914.0,52234.0,44751.0,2449,3373.438510318838,15773.163196361184,4285
rat195_n582_uncorr-similar-weights_01.ttp:,907.0,52241.0,44701.0,2449,3369.338834781782,15758.37940922449,5436
rat195_n582_uncorr-similar-weights_01.ttp:,926.0,52222.0,45167.0,2446,3226.527257394034,17451.130858985245,5437
rat195_n582_uncorr-similar-weights_01.ttp:,920.0,52228.0,45201.0,2446,3234.48209444574,17416.798808711093,5231
rat195_n582_uncorr-similar-weights_01.ttp:,920.0,52228.0,45070.0,2450,3211.128093859436,17486.409673747447,4566
rat195_n582_uncorr-similar-weights_01.ttp:,923.0,52225.0,45048.0,2446,3226.72511151013,17330.431292127985,8062
rat195_n582_uncorr-similar-weights_01.ttp:,907.0,52241.0,44233.0,2449,3321.5384937765443,15700.984338459486,4288
rat195_n582_uncorr-similar-weights_01.ttp:,917.0,52231.0,45027.0,2448,3385.115433423048,15948.858426896015,7920
rat195_n582_uncorr-similar-weights_01.ttp:,924.0,52224.0,44915.0,2448,3371.498727609283,15953.825929836261,6891
rat195_n582_uncorr-similar-weights_01.ttp:,917.0,52231.0,44518.0,2448,3330.0669454069553,15912.724938954256,4222
rat195_n582_uncorr-similar-weights_01.ttp:,921.0,52227.0,45002.0,2448,3379.39337996175,15973.01086612857,7424
rat195_n582_uncorr-similar-weights_01.ttp:,920.0,52228.0,44933.0,2448,3197.3460785746097,17467.797185044103,6592
rat195_n582_uncorr-similar-weights_01.ttp:,917.0,52231.0,44518.0,2448,3330.0669454069553,15912.724938954256,4201
rat195_n582_uncorr-similar-weights_01.ttp:,920.0,52228.0,44538.0,2446,3336.9643614895554,15873.476134804721,4126
rat195_n582_uncorr-similar-weights_01.ttp:,921.0,52227.0,44969.0,2448,3381.0482603865776,15925.795443279298,4973
RESULTS,FOR,heuristics,:,27
rat195_n582_uncorr-similar-weights_01.ttp:,922.0,52226.0,44630.0,2452,3145.3013849592703,17611.86110319987,61625
rat195_n582_uncorr-similar-weights_01.ttp:,927.0,52221.0,44932.0,2450,3166.184409871869,17734.475919200646,61787
rat195_n582_uncorr-similar-weights_01.ttp:,915.0,52233.0,44525.0,2448,3166.6812853583947,17323.20775877139,61543
rat195_n582_uncorr-similar-weights_01.ttp:,927.0,52221.0,44932.0,2450,3166.184409871869,17734.475919200646,61455
rat195_n582_uncorr-similar-weights_01.ttp:,927.0,52221.0,44932.0,2450,3166.184409871869,17734.475919200646,61414
rat195_n582_uncorr-similar-weights_01.ttp:,915.0,52233.0,44525.0,2448,3166.6812853583947,17323.20775877139,61536
rat195_n582_uncorr-similar-weights_01.ttp:,927.0,52221.0,44932.0,2450,3166.184409871869,17734.475919200646,61473
rat195_n582_uncorr-similar-weights_01.ttp:,927.0,52221.0,44932.0,2450,3166.184409871869,17734.475919200646,61712
rat195_n582_uncorr-similar-weights_01.ttp:,922.0,52226.0,44630.0,2452,3145.3013849592703,17611.86110319987,61571
rat195_n582_uncorr-similar-weights_01.ttp:,915.0,52233.0,44525.0,2448,3166.6812853583947,17323.20775877139,61525
rat195_n582_uncorr-similar-weights_01.ttp:,922.0,52226.0,44630.0,2452,3145.3013849592703,17611.86110319987,61436
rat195_n582_uncorr-similar-weights_01.ttp:,915.0,52233.0,44525.0,2448,3166.6812853583947,17323.20775877139,61597
rat195_n582_uncorr-similar-weights_01.ttp:,925.0,52223.0,45081.0,2450,3214.697537176379,17466.748155654906,61564
rat195_n582_uncorr-similar-weights_01.ttp:,915.0,52233.0,44525.0,2448,3166.6812853583947,17323.20775877139,61427
rat195_n582_uncorr-similar-weights_01.ttp:,922.0,52226.0,44630.0,2452,3145.3013849592703,17611.86110319987,61684
rat195_n582_uncorr-similar-weights_01.ttp:,915.0,52233.0,44525.0,2448,3166.6812853583947,17323.20775877139,61438
rat195_n582_uncorr-similar-weights_01.ttp:,915.0,52233.0,44525.0,2448,3166.6812853583947,17323.20775877139,61365
rat195_n582_uncorr-similar-weights_01.ttp:,922.0,52226.0,44630.0,2452,3145.3013849592703,17611.86110319987,61686
rat195_n582_uncorr-similar-weights_01.ttp:,927.0,52221.0,44932.0,2450,3166.184409871869,17734.475919200646,61486
rat195_n582_uncorr-similar-weights_01.ttp:,922.0,52226.0,44630.0,2452,3145.3013849592703,17611.86110319987,61547
rat195_n582_uncorr-similar-weights_01.ttp:,922.0,52226.0,44630.0,2452,3145.3013849592703,17611.86110319987,61647
rat195_n582_uncorr-similar-weights_01.ttp:,927.0,52221.0,44932.0,2450,3166.184409871869,17734.475919200646,61495
rat195_n582_uncorr-similar-weights_01.ttp:,922.0,52226.0,44630.0,2452,3145.3013849592703,17611.86110319987,61634
rat195_n582_uncorr-similar-weights_01.ttp:,930.0,52218.0,44596.0,2451,3172.527895155768,17343.985380611954,61619
rat195_n582_uncorr-similar-weights_01.ttp:,930.0,52218.0,44596.0,2451,3172.527895155768,17343.985380611954,61498
rat195_n582_uncorr-similar-weights_01.ttp:,922.0,52226.0,44630.0,2452,3145.3013849592703,17611.86110319987,61614
rat195_n582_uncorr-similar-weights_01.ttp:,915.0,52233.0,44525.0,2448,3166.6812853583947,17323.20775877139,61428
rat195_n582_uncorr-similar-weights_01.ttp:,915.0,52233.0,44525.0,2448,3166.6812853583947,17323.20775877139,61651
rat195_n582_uncorr-similar-weights_01.ttp:,927.0,52221.0,45079.0,2453,3190.0129708230056,17676.788580630382,61481
rat195_n582_uncorr-similar-weights_01.ttp:,915.0,52233.0,44525.0,2448,3166.6812853583947,17323.20775877139,61528
RESULTS,FOR,heuristics,:,28
rat195_n582_uncorr-similar-weights_01.ttp:,927.0,52221.0,45606.0,2450,3266.1432695130425,17549.829314882965,64833
rat195_n582_uncorr-similar-weights_01.ttp:,919.0,52229.0,45088.0,2448,3214.698034044556,17473.743887557262,71838
rat195_n582_uncorr-similar-weights_01.ttp:,924.0,52224.0,45224.0,2452,3194.750800709477,17781.090621905594,68126
rat195_n582_uncorr-similar-weights_01.ttp:,922.0,52226.0,45442.0,2448,3255.896772290354,17473.84672602586,66655
rat195_n582_uncorr-similar-weights_01.ttp:,924.0,52224.0,45495.0,2451,3254.6180016594535,17537.831365745296,67152
rat195_n582_uncorr-similar-weights_01.ttp:,921.0,52227.0,44879.0,2448,3191.987464760291,17459.8276777091,65857
rat195_n582_uncorr-similar-weights_01.ttp:,923.0,52225.0,45255.0,2452,3198.3456235147664,17781.21109400816,66095
rat195_n582_uncorr-similar-weights_01.ttp:,926.0,52222.0,45437.0,2448,3251.9461823275674,17502.782293806198,70321
rat195_n582_uncorr-similar-weights_01.ttp:,930.0,52218.0,45467.0,2451,3250.8436202596768,17542.253301969376,69219
rat195_n582_uncorr-similar-weights_01.ttp:,918.0,52230.0,45245.0,2448,3241.0620822446635,17404.276713518342,68334
rat195_n582_uncorr-similar-weights_01.ttp:,930.0,52218.0,44596.0,2451,3172.527895155768,17343.985380611954,64244
rat195_n582_uncorr-similar-weights_01.ttp:,924.0,52224.0,45417.0,2450,3209.729441296891,17845.424099259708,65368
rat195_n582_uncorr-similar-weights_01.ttp:,927.0,52221.0,45086.0,2448,3213.12154334179,17485.285942694023,71311
rat195_n582_uncorr-similar-weights_01.ttp:,927.0,52221.0,45143.0,2451,3215.823097269439,17519.079594455518,64412
rat195_n582_uncorr-similar-weights_01.ttp:,924.0,52224.0,45479.0,2452,3219.6521356438957,17822.188154818938,68285
rat195_n582_uncorr-similar-weights_01.ttp:,918.0,52230.0,45027.0,2448,3221.5488159067486,17353.89567136103,66708
rat195_n582_uncorr-similar-weights_01.ttp:,926.0,52222.0,45437.0,2448,3251.9461823275674,17502.782293806198,70620
rat195_n582_uncorr-similar-weights_01.ttp:,919.0,52229.0,45406.0,2448,3254.1933339743773,17452.4792611601,69514
rat195_n582_uncorr-similar-weights_01.ttp:,926.0,52222.0,45125.0,2448,3216.231839488865,17497.568498790653,72909
rat195_n582_uncorr-similar-weights_01.ttp:,925.0,52223.0,45649.0,2450,3270.7914486290665,17552.90145627632,66059
rat195_n582_uncorr-similar-weights_01.ttp:,925.0,52223.0,45295.0,2448,3236.1787898780267,17496.22419494775,70855
rat195_n582_uncorr-similar-weights_01.ttp:,932.0,52216.0,45530.0,2451,3268.6241669018523,17452.51840631309,65190
rat195_n582_uncorr-similar-weights_01.ttp:,931.0,52217.0,45495.0,2450,3220.2704418716435,17832.876904322584,67084
rat195_n582_uncorr-similar-weights_01.ttp:,929.0,52219.0,44972.0,2451,3199.9398420426974,17484.51675685323,67616
rat195_n582_uncorr-similar-weights_01.ttp:,915.0,52233.0,44880.0,2448,3198.1968657603015,17407.48892311901,65443
rat195_n582_uncorr-similar-weights_01.ttp:,919.0,52229.0,45206.0,2451,3240.6646010874556,17368.691076658757,66771
rat195_n582_uncorr-similar-weights_01.ttp:,920.0,52228.0,45039.0,2452,3209.923438673766,17465.757661792348,65065
rat195_n582_uncorr-similar-weights_01.ttp:,917.0,52231.0,44960.0,2448,3203.9239914620366,17438.292913341105,66535
rat195_n582_uncorr-similar-weights_01.ttp:,927.0,52221.0,45544.0,2450,3258.2711858956163,17555.450513156655,65599
rat195_n582_uncorr-similar-weights_01.ttp:,925.0,52223.0,45345.0,2452,3213.6265414769387,17739.948008713098,71257
RESULTS,FOR,heuristics,:,29
rat195_n582_uncorr-similar-weights_01.ttp:,927.0,52221.0,44932.0,2450,3166.184409871869,17734.475919200646,600052
rat195_n582_uncorr-similar-weights_01.ttp:,927.0,52221.0,44932.0,2450,3166.184409871869,17734.475919200646,600062
rat195_n582_uncorr-similar-weights_01.ttp:,930.0,52218.0,44596.0,2451,3172.527895155768,17343.985380611954,600294
rat195_n582_uncorr-similar-weights_01.ttp:,927.0,52221.0,44932.0,2450,3166.184409871869,17734.475919200646,600021
rat195_n582_uncorr-similar-weights_01.ttp:,922.0,52226.0,44630.0,2452,3145.3013849592703,17611.86110319987,600380
rat195_n582_uncorr-similar-weights_01.ttp:,915.0,52233.0,44525.0,2448,3166.6812853583947,17323.20775877139,600199
rat195_n582_uncorr-similar-weights_01.ttp:,922.0,52226.0,44630.0,2452,3145.3013849592703,17611.86110319987,600303
rat195_n582_uncorr-similar-weights_01.ttp:,930.0,52218.0,44596.0,2451,3172.527895155768,17343.985380611954,599991
rat195_n582_uncorr-similar-weights_01.ttp:,915.0,52233.0,44525.0,2448,3166.6812853583947,17323.20775877139,600129
rat195_n582_uncorr-similar-weights_01.ttp:,928.0,52220.0,44974.0,2454,3170.264091921287,17741.431450396143,600004
rat195_n582_uncorr-similar-weights_01.ttp:,927.0,52221.0,44932.0,2450,3166.184409871869,17734.475919200646,600110
rat195_n582_uncorr-similar-weights_01.ttp:,925.0,52223.0,45081.0,2450,3214.697537176379,17466.748155654906,600017
rat195_n582_uncorr-similar-weights_01.ttp:,922.0,52226.0,44630.0,2452,3145.3013849592703,17611.86110319987,600285
rat195_n582_uncorr-similar-weights_01.ttp:,922.0,52226.0,44630.0,2452,3145.3013849592703,17611.86110319987,600167
rat195_n582_uncorr-similar-weights_01.ttp:,922.0,52226.0,44630.0,2452,3145.3013849592703,17611.86110319987,600150
rat195_n582_uncorr-similar-weights_01.ttp:,922.0,52226.0,44630.0,2452,3145.3013849592703,17611.86110319987,600157
rat195_n582_uncorr-similar-weights_01.ttp:,928.0,52220.0,44974.0,2454,3170.264091921287,17741.431450396143,600050
rat195_n582_uncorr-similar-weights_01.ttp:,927.0,52221.0,44932.0,2450,3166.184409871869,17734.475919200646,599990
rat195_n582_uncorr-similar-weights_01.ttp:,927.0,52221.0,44932.0,2450,3166.184409871869,17734.475919200646,600062
rat195_n582_uncorr-similar-weights_01.ttp:,927.0,52221.0,44932.0,2450,3166.184409871869,17734.475919200646,600255
rat195_n582_uncorr-similar-weights_01.ttp:,927.0,52221.0,45079.0,2453,3190.0129708230056,17676.788580630382,600091
rat195_n582_uncorr-similar-weights_01.ttp:,925.0,52223.0,45081.0,2450,3214.697537176379,17466.748155654906,600251
rat195_n582_uncorr-similar-weights_01.ttp:,930.0,52218.0,44596.0,2451,3172.527895155768,17343.985380611954,600081
rat195_n582_uncorr-similar-weights_01.ttp:,922.0,52226.0,44630.0,2452,3145.3013849592703,17611.86110319987,600289
rat195_n582_uncorr-similar-weights_01.ttp:,925.0,52223.0,45081.0,2450,3214.697537176379,17466.748155654906,600037
rat195_n582_uncorr-similar-weights_01.ttp:,927.0,52221.0,44932.0,2450,3166.184409871869,17734.475919200646,600133
rat195_n582_uncorr-similar-weights_01.ttp:,930.0,52218.0,44596.0,2451,3172.527895155768,17343.985380611954,600033
rat195_n582_uncorr-similar-weights_01.ttp:,922.0,52226.0,44630.0,2452,3145.3013849592703,17611.86110319987,600034
rat195_n582_uncorr-similar-weights_01.ttp:,922.0,52226.0,44630.0,2452,3145.3013849592703,17611.86110319987,600211
rat195_n582_uncorr-similar-weights_01.ttp:,927.0,52221.0,44932.0,2450,3166.184409871869,17734.475919200646,600060
RESULTS,FOR,heuristics,:,30
rat195_n582_uncorr-similar-weights_01.ttp:,927.0,52221.0,45469.0,2452,3218.86990646252,17818.907503486957,600021
rat195_n582_uncorr-similar-weights_01.ttp:,925.0,52223.0,45280.0,2448,3233.5853036900785,17503.502241302227,600010
rat195_n582_uncorr-similar-weights_01.ttp:,928.0,52220.0,45595.0,2450,3261.664863075156,17577.29882618441,600122
rat195_n582_uncorr-similar-weights_01.ttp:,926.0,52222.0,45262.0,2450,3230.013854773691,17516.180987493994,600015
rat195_n582_uncorr-similar-weights_01.ttp:,926.0,52222.0,45125.0,2448,3216.231839488865,17497.568498790653,600014
rat195_n582_uncorr-similar-weights_01.ttp:,926.0,52222.0,45501.0,2446,3259.5468517863505,17501.49254315525,600295
rat195_n582_uncorr-similar-weights_01.ttp:,927.0,52221.0,45267.0,2448,3231.335062634772,17509.83181196731,600011
rat195_n582_uncorr-similar-weights_01.ttp:,927.0,52221.0,45282.0,2448,3233.9282346748314,17502.5564641432,600200
rat195_n582_uncorr-similar-weights_01.ttp:,926.0,52222.0,45437.0,2448,3251.9461823275674,17502.782293806198,600052
rat195_n582_uncorr-similar-weights_01.ttp:,927.0,52221.0,45500.0,2450,3214.9653060259807,17883.448021236825,600164
rat195_n582_uncorr-similar-weights_01.ttp:,927.0,52221.0,45267.0,2448,3231.335062634772,17509.83181196731,600004
rat195_n582_uncorr-similar-weights_01.ttp:,926.0,52222.0,45437.0,2448,3251.9461823275674,17502.782293806198,600063
rat195_n582_uncorr-similar-weights_01.ttp:,926.0,52222.0,45262.0,2450,3230.013854773691,17516.180987493994,599995
rat195_n582_uncorr-similar-weights_01.ttp:,926.0,52222.0,45460.0,2450,3211.051828368772,17877.06479431225,600200
rat195_n582_uncorr-similar-weights_01.ttp:,927.0,52221.0,45282.0,2450,3233.0461379603184,17510.133674920864,599987
rat195_n582_uncorr-similar-weights_01.ttp:,922.0,52226.0,45635.0,2450,3271.4562833397945,17533.190526111164,600047
rat195_n582_uncorr-similar-weights_01.ttp:,930.0,52218.0,45462.0,2450,3206.961250373023,17914.202859295732,600191
rat195_n582_uncorr-similar-weights_01.ttp:,932.0,52216.0,45190.0,2451,3221.3213837517,17518.849313572897,600195
rat195_n582_uncorr-similar-weights_01.ttp:,925.0,52223.0,45295.0,2450,3235.29422399011,17503.822615924957,600044
rat195_n582_uncorr-similar-weights_01.ttp:,927.0,52221.0,45142.0,2452,3186.79751359897,17767.409358184846,600202
rat195_n582_uncorr-similar-weights_01.ttp:,928.0,52220.0,45228.0,2448,3228.224980333751,17497.54741893308,600279
rat195_n582_uncorr-similar-weights_01.ttp:,919.0,52229.0,45177.0,2452,3188.4460306047854,17788.248597104895,600013
rat195_n582_uncorr-similar-weights_01.ttp:,925.0,52223.0,45280.0,2448,3233.5853036900785,17503.502241302227,600134
rat195_n582_uncorr-similar-weights_01.ttp:,927.0,52221.0,45282.0,2448,3233.9282346748314,17502.5564641432,600273
rat195_n582_uncorr-similar-weights_01.ttp:,921.0,52227.0,45173.0,2453,3189.4555349724797,17775.5769545864,600022
rat195_n582_uncorr-similar-weights_01.ttp:,924.0,52224.0,45468.0,2448,3257.0037287279874,17490.33797022659,600037
rat195_n582_uncorr-similar-weights_01.ttp:,923.0,52225.0,45326.0,2450,3239.5696498059,17498.09670816732,600216
rat195_n582_uncorr-similar-weights_01.ttp:,930.0,52218.0,45476.0,2450,3251.8392856161536,17542.70053655724,600032
rat195_n582_uncorr-similar-weights_01.ttp:,917.0,52231.0,45434.0,2450,3251.134611367309,17506.753688354816,600025
rat195_n582_uncorr-similar-weights_01.ttp:,922.0,52226.0,45198.0,2452,3193.586427729965,17765.0925857996,600004
