Enter TTP instance file:
RESULTS FOR heuristics : 20
rl11849_n11848_bounded-strongly-corr_01.ttp: 32.0 1020202.0 1556802.0 928777 1195650.6641369567 695933.5218213912 47431
rl11849_n11848_bounded-strongly-corr_01.ttp: 6.0 1020228.0 1552028.0 928230 1182533.3826792417 700603.964470946 45590
rl11849_n11848_bounded-strongly-corr_01.ttp: 51.0 1020183.0 1551783.0 928029 1194686.4856393521 691608.7303396665 44160
rl11849_n11848_bounded-strongly-corr_01.ttp: 2.0 1020232.0 1556432.0 929259 1188857.363635206 700454.6981826518 44038
rl11849_n11848_bounded-strongly-corr_01.ttp: 23.0 1020211.0 1551611.0 928144 1186881.7897275563 697056.1113961595 42620
rl11849_n11848_bounded-strongly-corr_01.ttp: 58.0 1020176.0 1553076.0 928297 1189118.2188016104 696910.8824628405 43061
rl11849_n11848_bounded-strongly-corr_01.ttp: 33.0 1020201.0 1550801.0 928930 1183924.4375801776 698375.4049422722 44289
rl11849_n11848_bounded-strongly-corr_01.ttp: 45.0 1020189.0 1552489.0 928162 1194348.3203726732 692558.2093316753 42606
rl11849_n11848_bounded-strongly-corr_01.ttp: 33.0 1020201.0 1551601.0 928581 1183355.464607842 699585.0654823538 43410
rl11849_n11848_bounded-strongly-corr_01.ttp: 21.0 1020213.0 1554313.0 928179 1182514.4938650308 702902.5644171778 43129
rl11849_n11848_bounded-strongly-corr_01.ttp: 4.0 1020230.0 1559930.0 928650 1192673.338625652 701205.1961895305 43519
rl11849_n11848_bounded-strongly-corr_01.ttp: 16.0 1020218.0 1553918.0 928529 1186654.2731230913 699526.9233513743 43565
rl11849_n11848_bounded-strongly-corr_01.ttp: 42.0 1020192.0 1555292.0 929471 1191559.0136581627 697369.5101661229 43319
rl11849_n11848_bounded-strongly-corr_01.ttp: 9.0 1020225.0 1557825.0 928849 1200235.9034235687 693655.1495350306 43858
rl11849_n11848_bounded-strongly-corr_01.ttp: 24.0 1020210.0 1550310.0 927531 1183737.0703725307 698019.3093317779 43109
rl11849_n11848_bounded-strongly-corr_01.ttp: 7.0 1020227.0 1551027.0 928070 1186391.3113013876 696825.255863001 43059
rl11849_n11848_bounded-strongly-corr_01.ttp: 64.0 1020170.0 1554370.0 928135 1186455.9932780017 700121.6848398389 43346
rl11849_n11848_bounded-strongly-corr_01.ttp: 38.0 1020196.0 1552696.0 928535 1193157.4606167134 693622.6283559664 43172
rl11849_n11848_bounded-strongly-corr_01.ttp: 66.0 1020168.0 1552768.0 928424 1190962.9033858818 695274.7095621651 44914
rl11849_n11848_bounded-strongly-corr_01.ttp: 7.0 1020227.0 1556827.0 928561 1192186.2650215884 698452.8891844563 42708
rl11849_n11848_bounded-strongly-corr_01.ttp: 1.0 1020233.0 1557333.0 927778 1192781.7981662918 698530.1053202699 43518
rl11849_n11848_bounded-strongly-corr_01.ttp: 46.0 1020188.0 1553488.0 928392 1186169.3222607025 699446.0879722942 44156
rl11849_n11848_bounded-strongly-corr_01.ttp: 9.0 1020225.0 1554425.0 928150 1190743.000715304 697090.0394849812 43232
rl11849_n11848_bounded-strongly-corr_01.ttp: 31.0 1020203.0 1554003.0 928460 1190444.03224589 696883.2967829593 43260
rl11849_n11848_bounded-strongly-corr_01.ttp: 10.0 1020224.0 1560624.0 927481 1194954.27044704 700256.9252781313 42023
rl11849_n11848_bounded-strongly-corr_01.ttp: 98.0 1020136.0 1552536.0 928221 1191599.2766546633 694584.5208086425 42475
rl11849_n11848_bounded-strongly-corr_01.ttp: 39.0 1020195.0 1556295.0 928175 1194331.6190838597 696376.234259621 42440
rl11849_n11848_bounded-strongly-corr_01.ttp: 96.0 1020138.0 1557438.0 927551 1193301.8691537487 698260.654209301 42571
rl11849_n11848_bounded-strongly-corr_01.ttp: 67.0 1020167.0 1554667.0 929337 1195055.7291734323 694226.8749951287 43931
rl11849_n11848_bounded-strongly-corr_01.ttp: 8.0 1020226.0 1553326.0 927675 1185426.4166023796 699818.9800462867 42803
RESULTS FOR heuristics : 21
rl11849_n11848_bounded-strongly-corr_01.ttp: 13.0 1020221.0 1558821.0 928715 1184602.5623073336 705907.1551387198 64971
rl11849_n11848_bounded-strongly-corr_01.ttp: 25.0 1020209.0 1556509.0 927995 1195476.6320544477 695765.8249207977 61403
rl11849_n11848_bounded-strongly-corr_01.ttp: 0.0 1020234.0 1556534.0 928525 1193566.2626049565 697166.2909244313 64587
rl11849_n11848_bounded-strongly-corr_01.ttp: 25.0 1020209.0 1552709.0 927411 1191378.967324659 694916.1435262456 62776
rl11849_n11848_bounded-strongly-corr_01.ttp: 13.0 1020221.0 1556021.0 928498 1191155.6389354323 698388.9399664887 63566
rl11849_n11848_bounded-strongly-corr_01.ttp: 2.0 1020232.0 1553632.0 928554 1185871.8787563746 699804.2472954104 62865
rl11849_n11848_bounded-strongly-corr_01.ttp: 100.0 1020134.0 1555334.0 928157 1199235.2982554273 691884.5852560924 62606
rl11849_n11848_bounded-strongly-corr_01.ttp: 35.0 1020199.0 1552899.0 928174 1193297.4073460468 693724.8667108463 63757
rl11849_n11848_bounded-strongly-corr_01.ttp: 58.0 1020176.0 1552776.0 928546 1182476.714110814 701392.765840214 62561
rl11849_n11848_bounded-strongly-corr_01.ttp: 23.0 1020211.0 1552011.0 927749 1191328.2826297022 694254.6365066144 62255
rl11849_n11848_bounded-strongly-corr_01.ttp: 84.0 1020150.0 1555550.0 928168 1186900.1980562883 700981.8573994725 63238
rl11849_n11848_bounded-strongly-corr_01.ttp: 7.0 1020227.0 1552627.0 928200 1186460.9718815708 698375.1002452691 61803
rl11849_n11848_bounded-strongly-corr_01.ttp: 15.0 1020219.0 1556719.0 928761 1189621.3298627539 700191.6424988173 65006
rl11849_n11848_bounded-strongly-corr_01.ttp: 51.0 1020183.0 1554183.0 930743 1196071.4347542697 693011.5669769258 64972
rl11849_n11848_bounded-strongly-corr_01.ttp: 25.0 1020209.0 1548509.0 928806 1188343.7119270065 692901.5274125554 64573
rl11849_n11848_bounded-strongly-corr_01.ttp: 14.0 1020220.0 1553220.0 928552 1187665.2921714142 698100.9896365817 62630
rl11849_n11848_bounded-strongly-corr_01.ttp: 13.0 1020221.0 1553721.0 928920 1196392.3057219451 692318.5398801996 63168
rl11849_n11848_bounded-strongly-corr_01.ttp: 39.0 1020195.0 1553595.0 927633 1184890.7759848537 700473.6412909053 61299
rl11849_n11848_bounded-strongly-corr_01.ttp: 5.0 1020229.0 1555129.0 928379 1187391.9545669702 700206.7927117815 64896
rl11849_n11848_bounded-strongly-corr_01.ttp: 24.0 1020210.0 1550510.0 928969 1182816.7974459927 698881.9058388852 61540
rl11849_n11848_bounded-strongly-corr_01.ttp: 14.0 1020220.0 1552520.0 927181 1185079.1787149904 699262.9913252069 62557
rl11849_n11848_bounded-strongly-corr_01.ttp: 7.0 1020227.0 1553227.0 927973 1181676.3049308925 702420.0604497574 62982
rl11849_n11848_bounded-strongly-corr_01.ttp: 8.0 1020226.0 1552126.0 928263 1182165.0513261228 700967.1630451916 62756
rl11849_n11848_bounded-strongly-corr_01.ttp: 22.0 1020212.0 1560612.0 928637 1204256.637303603 693547.2211414058 62483
rl11849_n11848_bounded-strongly-corr_01.ttp: 4.0 1020230.0 1553030.0 928828 1179412.0868347825 703853.2974789566 63103
rl11849_n11848_bounded-strongly-corr_01.ttp: 6.0 1020228.0 1550928.0 927754 1185175.626051954 697601.5492425931 63389
rl11849_n11848_bounded-strongly-corr_01.ttp: 21.0 1020213.0 1555913.0 928818 1182183.8199221857 704740.6496560263 63366
rl11849_n11848_bounded-strongly-corr_01.ttp: 72.0 1020162.0 1552462.0 928193 1181538.933098804 701753.9681688611 64167
rl11849_n11848_bounded-strongly-corr_01.ttp: 17.0 1020217.0 1555117.0 928142 1193170.4106437122 696034.3043365272 64817
rl11849_n11848_bounded-strongly-corr_01.ttp: 71.0 1020163.0 1554963.0 928794 1190033.2704600664 698139.0452687523 64142
RESULTS FOR heuristics : 22
rl11849_n11848_bounded-strongly-corr_01.ttp: 7.0 1020227.0 1556027.0 928258 1186474.678829237 701765.2312429495 599804
rl11849_n11848_bounded-strongly-corr_01.ttp: 11.0 1020223.0 1552823.0 928009 1189724.529752283 696221.3385783563 599813
rl11849_n11848_bounded-strongly-corr_01.ttp: 30.0 1020204.0 1557904.0 927987 1196189.6513590799 696647.4510214626 599801
rl11849_n11848_bounded-strongly-corr_01.ttp: 1.0 1020233.0 1555233.0 928299 1191811.3022587758 697128.8623736815 599804
rl11849_n11848_bounded-strongly-corr_01.ttp: 8.0 1020226.0 1558626.0 928348 1197507.6826446657 696420.4684958407 599799
rl11849_n11848_bounded-strongly-corr_01.ttp: 3.0 1020231.0 1554731.0 928243 1190204.9369443045 697783.4454001008 599790
rl11849_n11848_bounded-strongly-corr_01.ttp: 8.0 1020226.0 1553226.0 928423 1183885.0130094544 700828.7906331929 599802
rl11849_n11848_bounded-strongly-corr_01.ttp: 14.0 1020220.0 1561520.0 930122 1189513.410739219 705070.3442677623 599793
rl11849_n11848_bounded-strongly-corr_01.ttp: 32.0 1020202.0 1549902.0 927904 1184046.5713434687 697388.4686327026 599803
rl11849_n11848_bounded-strongly-corr_01.ttp: 10.0 1020224.0 1555824.0 928630 1187204.2964055727 701036.9065879877 599803
rl11849_n11848_bounded-strongly-corr_01.ttp: 4.0 1020230.0 1552330.0 928341 1187685.982375524 697196.0926896228 599820
rl11849_n11848_bounded-strongly-corr_01.ttp: 15.0 1020219.0 1553219.0 927804 1183625.9086915117 701008.3457421116 599791
rl11849_n11848_bounded-strongly-corr_01.ttp: 32.0 1020202.0 1545902.0 928117 1181982.740710825 694874.426688206 599790
rl11849_n11848_bounded-strongly-corr_01.ttp: 3.0 1020231.0 1557931.0 928097 1180108.4147199844 708252.9414016113 599804
rl11849_n11848_bounded-strongly-corr_01.ttp: 3.0 1020231.0 1553531.0 927931 1193637.0323690376 694112.336694293 599795
rl11849_n11848_bounded-strongly-corr_01.ttp: 8.0 1020226.0 1551726.0 928444 1191566.0499806257 693798.4440139495 599803
rl11849_n11848_bounded-strongly-corr_01.ttp: 8.0 1020226.0 1558726.0 927760 1192604.6232501327 700050.6712599045 599797
rl11849_n11848_bounded-strongly-corr_01.ttp: 7.0 1020227.0 1554627.0 927637 1189996.9264349493 697829.2129668365 599796
rl11849_n11848_bounded-strongly-corr_01.ttp: 6.0 1020228.0 1551328.0 929638 1190508.8225815867 694161.6477412577 599805
rl11849_n11848_bounded-strongly-corr_01.ttp: 73.0 1020161.0 1552161.0 929247 1191878.8791116946 694008.2070395799 599808
rl11849_n11848_bounded-strongly-corr_01.ttp: 10.0 1020224.0 1555024.0 927668 1192296.6091611078 696570.4414040024 599798
rl11849_n11848_bounded-strongly-corr_01.ttp: 0.0 1020234.0 1554734.0 928061 1195669.5005958173 693851.9595710116 599790
rl11849_n11848_bounded-strongly-corr_01.ttp: 14.0 1020220.0 1555620.0 929260 1192909.5051686335 696725.1562785839 599806
rl11849_n11848_bounded-strongly-corr_01.ttp: 12.0 1020222.0 1558522.0 929254 1187066.663576947 703834.0022245982 599818
rl11849_n11848_bounded-strongly-corr_01.ttp: 36.0 1020198.0 1560798.0 928745 1197262.638832113 698768.9000408787 599800
rl11849_n11848_bounded-strongly-corr_01.ttp: 4.0 1020230.0 1553330.0 927899 1189128.6385050116 697157.3802763917 599794
rl11849_n11848_bounded-strongly-corr_01.ttp: 2.0 1020232.0 1553532.0 928354 1183862.1180132627 701151.2750304509 599804
rl11849_n11848_bounded-strongly-corr_01.ttp: 23.0 1020211.0 1558611.0 927738 1188555.6431746918 702850.936914222 599802
rl11849_n11848_bounded-strongly-corr_01.ttp: 12.0 1020222.0 1552322.0 928029 1180191.825028503 702583.8859794778 599820
rl11849_n11848_bounded-strongly-corr_01.ttp: 1.0 1020233.0 1550833.0 927816 1184580.195925659 697935.2589335255 599821
RESULTS FOR heuristics : 23
rl11849_n11848_bounded-strongly-corr_01.ttp: 3.0 1020231.0 1550631.0 928038 1189200.204615112 694406.8526771194 599836
rl11849_n11848_bounded-strongly-corr_01.ttp: 21.0 1020213.0 1557313.0 927737 1198253.8472312142 694570.2299935258 600292
rl11849_n11848_bounded-strongly-corr_01.ttp: 24.0 1020210.0 1550710.0 927593 1187278.1886626333 695869.7041629041 600082
rl11849_n11848_bounded-strongly-corr_01.ttp: 8.0 1020226.0 1555326.0 928173 1201238.047971489 690434.605460528 599872
rl11849_n11848_bounded-strongly-corr_01.ttp: 5.0 1020229.0 1555929.0 928307 1195380.4182370824 695255.0988693007 600289
rl11849_n11848_bounded-strongly-corr_01.ttp: 18.0 1020216.0 1562616.0 929356 1191184.3519424526 704963.2666014342 600323
rl11849_n11848_bounded-strongly-corr_01.ttp: 10.0 1020224.0 1556524.0 927988 1189683.0852028846 699952.1786539231 600216
rl11849_n11848_bounded-strongly-corr_01.ttp: 47.0 1020187.0 1554987.0 928522 1181714.0923438547 704152.8535124246 600025
rl11849_n11848_bounded-strongly-corr_01.ttp: 103.0 1020131.0 1558431.0 928697 1199212.1594064487 694998.2452273569 599950
rl11849_n11848_bounded-strongly-corr_01.ttp: 45.0 1020189.0 1558589.0 928401 1197947.627772508 696066.7080037943 600198
rl11849_n11848_bounded-strongly-corr_01.ttp: 23.0 1020211.0 1560111.0 929378 1199212.9421042474 696677.6816849419 600306
rl11849_n11848_bounded-strongly-corr_01.ttp: 4.0 1020230.0 1553230.0 927782 1188885.0044260256 697232.7968132616 600061
rl11849_n11848_bounded-strongly-corr_01.ttp: 22.0 1020212.0 1559812.0 928626 1202577.1405668918 693956.4587918379 600141
rl11849_n11848_bounded-strongly-corr_01.ttp: 11.0 1020223.0 1560823.0 929716 1194694.8635378736 700642.698252731 599941
rl11849_n11848_bounded-strongly-corr_01.ttp: 101.0 1020133.0 1551833.0 929206 1181191.766587132 701374.9280572651 600329
rl11849_n11848_bounded-strongly-corr_01.ttp: 42.0 1020192.0 1547892.0 929304 1196733.920303058 686243.5773817982 599914
rl11849_n11848_bounded-strongly-corr_01.ttp: 34.0 1020200.0 1554600.0 928075 1187261.1819249648 699771.9490140254 599809
rl11849_n11848_bounded-strongly-corr_01.ttp: 2.0 1020232.0 1558132.0 928572 1198066.3338840578 695524.2396034783 600187
rl11849_n11848_bounded-strongly-corr_01.ttp: 14.0 1020220.0 1558320.0 927772 1186781.4369327968 703837.3654083863 600201
rl11849_n11848_bounded-strongly-corr_01.ttp: 20.0 1020214.0 1554714.0 929207 1187090.1951112505 700009.0595198997 600187
rl11849_n11848_bounded-strongly-corr_01.ttp: 5.0 1020229.0 1548829.0 929131 1180394.5265291815 698944.9408989893 600002
rl11849_n11848_bounded-strongly-corr_01.ttp: 66.0 1020168.0 1558968.0 929125 1180401.7344872684 709078.7511691668 599975
rl11849_n11848_bounded-strongly-corr_01.ttp: 29.0 1020205.0 1552105.0 928036 1189031.8875396473 696002.040971454 600231
rl11849_n11848_bounded-strongly-corr_01.ttp: 79.0 1020155.0 1554355.0 927339 1183776.856927514 702035.6630121899 600305
rl11849_n11848_bounded-strongly-corr_01.ttp: 117.0 1020117.0 1562317.0 928902 1194313.9388635652 702410.9640182331 600109
rl11849_n11848_bounded-strongly-corr_01.ttp: 77.0 1020157.0 1551857.0 929092 1189163.45246745 695659.314223436 600221
rl11849_n11848_bounded-strongly-corr_01.ttp: 37.0 1020197.0 1556997.0 928229 1195222.9430276207 696436.4810201131 599922
rl11849_n11848_bounded-strongly-corr_01.ttp: 23.0 1020211.0 1551611.0 929162 1197039.1350377046 689742.8227728527 600046
rl11849_n11848_bounded-strongly-corr_01.ttp: 1.0 1020233.0 1550833.0 929451 1190429.5010404363 693723.7592508859 599823
rl11849_n11848_bounded-strongly-corr_01.ttp: 9.0 1020225.0 1559125.0 928991 1186845.5019900918 704596.238567134 599825
RESULTS FOR heuristics : 24
rl11849_n11848_bounded-strongly-corr_01.ttp: 7.0 1020227.0 1553027.0 927603 1172656.1606687112 708714.5643185279 573685
rl11849_n11848_bounded-strongly-corr_01.ttp: 56.0 1020178.0 1557378.0 927170 1183474.5375962239 705276.3329307189 577704
rl11849_n11848_bounded-strongly-corr_01.ttp: 15.0 1020219.0 1561219.0 928347 1191301.9358139725 703481.6062139398 577468
rl11849_n11848_bounded-strongly-corr_01.ttp: 3.0 1020231.0 1554031.0 927324 1179210.7051356903 704999.292302303 570424
rl11849_n11848_bounded-strongly-corr_01.ttp: 10.0 1020224.0 1555424.0 929453 1179904.8483347045 705892.5091990128 555710
rl11849_n11848_bounded-strongly-corr_01.ttp: 25.0 1020209.0 1555609.0 928187 1178246.364085865 707271.6178581773 573870
rl11849_n11848_bounded-strongly-corr_01.ttp: 32.0 1020202.0 1551702.0 928220 1179350.657290373 702569.5267509315 574645
rl11849_n11848_bounded-strongly-corr_01.ttp: 0.0 1020234.0 1557434.0 929609 1184153.7092368864 704843.3293494418 560081
rl11849_n11848_bounded-strongly-corr_01.ttp: 73.0 1020161.0 1555261.0 927235 1181771.7757199726 704385.3214816198 576737
rl11849_n11848_bounded-strongly-corr_01.ttp: 1.0 1020233.0 1558133.0 928023 1180607.087568158 708095.8969509263 575874
rl11849_n11848_bounded-strongly-corr_01.ttp: 12.0 1020222.0 1554422.0 927849 1179879.4713262464 704908.7806451026 572432
rl11849_n11848_bounded-strongly-corr_01.ttp: 9.0 1020225.0 1555725.0 928775 1182247.7361730284 704506.6299554196 570183
rl11849_n11848_bounded-strongly-corr_01.ttp: 4.0 1020230.0 1555130.0 928185 1178002.6042473929 706968.1249418772 573619
rl11849_n11848_bounded-strongly-corr_01.ttp: 79.0 1020155.0 1550955.0 928415 1173916.679260148 705734.9909326935 566752
rl11849_n11848_bounded-strongly-corr_01.ttp: 82.0 1020152.0 1551252.0 927840 1169213.7658654302 709418.0885768903 563503
rl11849_n11848_bounded-strongly-corr_01.ttp: 51.0 1020183.0 1557883.0 928332 1185126.344677157 704592.031832447 569669
rl11849_n11848_bounded-strongly-corr_01.ttp: 27.0 1020207.0 1557307.0 928672 1177122.5027956148 709778.7979871574 569064
rl11849_n11848_bounded-strongly-corr_01.ttp: 32.0 1020202.0 1560302.0 928389 1188415.502146267 704642.8384546877 572492
rl11849_n11848_bounded-strongly-corr_01.ttp: 56.0 1020178.0 1555478.0 929120 1180039.1403531425 705849.8189457374 569549
rl11849_n11848_bounded-strongly-corr_01.ttp: 16.0 1020218.0 1553118.0 928184 1178680.0876885497 704468.3368642443 573111
rl11849_n11848_bounded-strongly-corr_01.ttp: 6.0 1020228.0 1555528.0 928573 1175458.4280126246 709197.9318309103 569669
rl11849_n11848_bounded-strongly-corr_01.ttp: 62.0 1020172.0 1560772.0 928269 1185099.747907536 707500.181506574 566897
rl11849_n11848_bounded-strongly-corr_01.ttp: 26.0 1020208.0 1556208.0 928370 1186458.5549425508 701957.8404413634 569971
rl11849_n11848_bounded-strongly-corr_01.ttp: 14.0 1020220.0 1556820.0 927229 1181239.2335977606 706327.7518096124 564698
rl11849_n11848_bounded-strongly-corr_01.ttp: 22.0 1020212.0 1555712.0 928846 1178386.848706442 707273.4689313618 564579
rl11849_n11848_bounded-strongly-corr_01.ttp: 11.0 1020223.0 1565223.0 928804 1196680.4467712643 703613.0783246898 570295
rl11849_n11848_bounded-strongly-corr_01.ttp: 60.0 1020174.0 1552174.0 927384 1174506.7347116668 706529.1510075999 564575
rl11849_n11848_bounded-strongly-corr_01.ttp: 9.0 1020225.0 1550725.0 928274 1169913.0838503072 708387.5796277788 570080
rl11849_n11848_bounded-strongly-corr_01.ttp: 80.0 1020154.0 1555954.0 930349 1183043.230694823 704162.8738997275 570622
rl11849_n11848_bounded-strongly-corr_01.ttp: 20.0 1020214.0 1551914.0 927819 1174615.6888633247 706190.7040184062 573268
RESULTS FOR heuristics : 25
rl11849_n11848_bounded-strongly-corr_01.ttp: 10.0 1020224.0 1550924.0 926752 1177301.3964167559 703266.9945799358 600228
rl11849_n11848_bounded-strongly-corr_01.ttp: 5.0 1020229.0 1556729.0 928308 1187053.6693707628 702050.3580530508 599999
rl11849_n11848_bounded-strongly-corr_01.ttp: 38.0 1020196.0 1547596.0 928809 1193350.4699292285 688383.6616509554 599992
rl11849_n11848_bounded-strongly-corr_01.ttp: 11.0 1020223.0 1552623.0 928258 1181392.5813109942 702020.3414560842 599912
rl11849_n11848_bounded-strongly-corr_01.ttp: 6.0 1020228.0 1549528.0 928416 1190992.5261574266 692013.3811666529 600161
rl11849_n11848_bounded-strongly-corr_01.ttp: 32.0 1020202.0 1552702.0 929776 1202896.3638019816 686616.6180625734 600000
rl11849_n11848_bounded-strongly-corr_01.ttp: 50.0 1020184.0 1556784.0 928334 1196668.534147721 695182.6554136409 600099
rl11849_n11848_bounded-strongly-corr_01.ttp: 41.0 1020193.0 1552393.0 928699 1192601.360542712 693720.0204092474 600001
rl11849_n11848_bounded-strongly-corr_01.ttp: 19.0 1020215.0 1558215.0 928696 1195413.0640100595 697517.5939127572 599997
rl11849_n11848_bounded-strongly-corr_01.ttp: 16.0 1020218.0 1553818.0 927492 1176663.4972467986 706620.281982305 600201
rl11849_n11848_bounded-strongly-corr_01.ttp: 8.0 1020226.0 1552726.0 929322 1192512.1288979384 694117.2671934844 600020
rl11849_n11848_bounded-strongly-corr_01.ttp: 53.0 1020181.0 1555481.0 928699 1186112.0215102162 701480.3445126443 600015
rl11849_n11848_bounded-strongly-corr_01.ttp: 36.0 1020198.0 1554498.0 928250 1189739.6411604628 697885.4583644669 599852
rl11849_n11848_bounded-strongly-corr_01.ttp: 39.0 1020195.0 1553295.0 928913 1203124.211185684 687045.5679463076 599993
rl11849_n11848_bounded-strongly-corr_01.ttp: 6.0 1020228.0 1559428.0 927774 1212380.9361657624 686513.7259606512 600121
rl11849_n11848_bounded-strongly-corr_01.ttp: 7.0 1020227.0 1560727.0 929284 1195841.187300148 699721.3451438935 599991
rl11849_n11848_bounded-strongly-corr_01.ttp: 42.0 1020192.0 1555692.0 928076 1187186.0012944133 700918.0790680224 600001
rl11849_n11848_bounded-strongly-corr_01.ttp: 44.0 1020190.0 1551890.0 927776 1178564.491354815 703323.5662245332 600009
rl11849_n11848_bounded-strongly-corr_01.ttp: 18.0 1020216.0 1547316.0 927750 1189332.2788338186 690996.7592396507 600000
rl11849_n11848_bounded-strongly-corr_01.ttp: 41.0 1020193.0 1552893.0 929235 1189875.6821209542 696182.5088729131 599785
rl11849_n11848_bounded-strongly-corr_01.ttp: 1.0 1020233.0 1554033.0 927890 1188105.928485779 698596.731490239 600155
rl11849_n11848_bounded-strongly-corr_01.ttp: 37.0 1020197.0 1558697.0 927818 1199108.168257857 695339.118854343 600285
rl11849_n11848_bounded-strongly-corr_01.ttp: 12.0 1020222.0 1556922.0 929173 1173857.951957714 711744.2745904459 599992
rl11849_n11848_bounded-strongly-corr_01.ttp: 55.0 1020179.0 1550279.0 927972 1186398.4791894706 696072.0949835812 599992
rl11849_n11848_bounded-strongly-corr_01.ttp: 1.0 1020233.0 1561633.0 928131 1190703.8932126598 704326.196886885 600151
rl11849_n11848_bounded-strongly-corr_01.ttp: 108.0 1020126.0 1551326.0 928179 1179135.8657674827 702348.1766474125 600014
rl11849_n11848_bounded-strongly-corr_01.ttp: 46.0 1020188.0 1551688.0 927714 1188555.9812387943 695927.6935080681 600069
rl11849_n11848_bounded-strongly-corr_01.ttp: 56.0 1020178.0 1550578.0 928701 1182826.6101428384 698942.8406971564 600124
rl11849_n11848_bounded-strongly-corr_01.ttp: 36.0 1020198.0 1552198.0 928019 1190366.4881285434 695134.1285474488 600013
rl11849_n11848_bounded-strongly-corr_01.ttp: 98.0 1020136.0 1554336.0 928511 1193724.3710848356 694854.4528189184 600001
RESULTS FOR heuristics : 26
rl11849_n11848_bounded-strongly-corr_01.ttp: 30.0 1020204.0 1557404.0 927188 1178527.9446602098 708863.879844649 600177
rl11849_n11848_bounded-strongly-corr_01.ttp: 6.0 1020228.0 1558128.0 929188 1185363.5317877443 704666.2571128241 600050
rl11849_n11848_bounded-strongly-corr_01.ttp: 7.0 1020227.0 1555827.0 927232 1191205.3121278111 698159.175267976 600013
rl11849_n11848_bounded-strongly-corr_01.ttp: 29.0 1020205.0 1555705.0 929062 1191650.7912027966 697716.4303339864 600193
rl11849_n11848_bounded-strongly-corr_01.ttp: 29.0 1020205.0 1553605.0 930164 1193146.2829050948 694539.6763083318 600013
rl11849_n11848_bounded-strongly-corr_01.ttp: 16.0 1020218.0 1558418.0 928650 1188106.9442053162 702981.0001721723 600014
rl11849_n11848_bounded-strongly-corr_01.ttp: 24.0 1020210.0 1552510.0 930570 1189432.6408846031 696118.4985630858 600152
rl11849_n11848_bounded-strongly-corr_01.ttp: 15.0 1020219.0 1552919.0 927572 1193158.364393003 693844.9776370379 600027
rl11849_n11848_bounded-strongly-corr_01.ttp: 9.0 1020225.0 1552425.0 928543 1175957.053538389 705735.9214523599 600021
rl11849_n11848_bounded-strongly-corr_01.ttp: 38.0 1020196.0 1551796.0 927929 1184843.816518546 698708.4521066468 599994
rl11849_n11848_bounded-strongly-corr_01.ttp: 17.0 1020217.0 1557217.0 928508 1194417.782415489 697236.196660848 600023
rl11849_n11848_bounded-strongly-corr_01.ttp: 14.0 1020220.0 1553120.0 928929 1191477.9872046215 695255.8492126726 600152
rl11849_n11848_bounded-strongly-corr_01.ttp: 29.0 1020205.0 1554405.0 928154 1197796.039036218 691991.851893923 600000
rl11849_n11848_bounded-strongly-corr_01.ttp: 41.0 1020193.0 1549793.0 927535 1185804.0457790163 696014.0870391083 600173
rl11849_n11848_bounded-strongly-corr_01.ttp: 33.0 1020201.0 1550901.0 928019 1189414.1806207227 694522.7899530797 600022
rl11849_n11848_bounded-strongly-corr_01.ttp: 39.0 1020195.0 1556595.0 927520 1191225.9159971345 698912.3404820631 599995
rl11849_n11848_bounded-strongly-corr_01.ttp: 14.0 1020220.0 1554120.0 928109 1190389.1850072457 697039.7867947831 600256
rl11849_n11848_bounded-strongly-corr_01.ttp: 33.0 1020201.0 1548601.0 928390 1185866.2733286677 694777.2832033592 600162
rl11849_n11848_bounded-strongly-corr_01.ttp: 18.0 1020216.0 1552416.0 928278 1182887.8209606968 700736.7689082983 600096
rl11849_n11848_bounded-strongly-corr_01.ttp: 2.0 1020232.0 1552132.0 928390 1189913.286257645 695394.4338944956 600130
rl11849_n11848_bounded-strongly-corr_01.ttp: 4.0 1020230.0 1557530.0 928107 1192219.28531464 699132.1145734593 600241
rl11849_n11848_bounded-strongly-corr_01.ttp: 15.0 1020219.0 1550119.0 929107 1174480.1001610365 704493.3278840538 600013
rl11849_n11848_bounded-strongly-corr_01.ttp: 2.0 1020232.0 1555832.0 927541 1188614.7065664525 700029.4112721542 599997
rl11849_n11848_bounded-strongly-corr_01.ttp: 21.0 1020213.0 1555713.0 927811 1183496.8805196895 703595.2460258235 600202
rl11849_n11848_bounded-strongly-corr_01.ttp: 2.0 1020232.0 1553932.0 928200 1190045.966245883 697098.9043029643 600022
rl11849_n11848_bounded-strongly-corr_01.ttp: 18.0 1020216.0 1556716.0 927984 1187322.082813242 701844.1003744658 600074
rl11849_n11848_bounded-strongly-corr_01.ttp: 15.0 1020219.0 1557319.0 928971 1196957.3291476711 695509.7230136768 600013
rl11849_n11848_bounded-strongly-corr_01.ttp: 37.0 1020197.0 1552897.0 928586 1182856.8434333387 701240.0727279962 600020
rl11849_n11848_bounded-strongly-corr_01.ttp: 2.0 1020232.0 1557832.0 927872 1192245.9795552702 699414.8947202055 600001
rl11849_n11848_bounded-strongly-corr_01.ttp: 25.0 1020209.0 1556709.0 927199 1186782.0215704404 702225.944469283 600023
RESULTS FOR heuristics : 27
rl11849_n11848_bounded-strongly-corr_01.ttp: 19.0 1020215.0 1555515.0 928670 1188866.0464474016 699531.4465578708 600214
rl11849_n11848_bounded-strongly-corr_01.ttp: 39.0 1020195.0 1560895.0 928341 1189325.9392307359 704580.3237538702 600191
rl11849_n11848_bounded-strongly-corr_01.ttp: 5.0 1020229.0 1554429.0 928199 1186736.5464954737 699978.6865232589 599993
rl11849_n11848_bounded-strongly-corr_01.ttp: 54.0 1020180.0 1558580.0 927750 1195044.9971774253 698147.6020322539 600088
rl11849_n11848_bounded-strongly-corr_01.ttp: 8.0 1020226.0 1552726.0 927090 1190104.8141709284 695850.5337969315 600124
rl11849_n11848_bounded-strongly-corr_01.ttp: 4.0 1020230.0 1557630.0 927574 1193342.288944254 698423.5519601372 600000
rl11849_n11848_bounded-strongly-corr_01.ttp: 38.0 1020196.0 1554796.0 928530 1192675.08957529 696069.9355057912 600013
rl11849_n11848_bounded-strongly-corr_01.ttp: 0.0 1020234.0 1554134.0 928002 1190815.9608370338 696746.5081973356 600060
rl11849_n11848_bounded-strongly-corr_01.ttp: 29.0 1020205.0 1550005.0 928032 1184203.827862915 697378.2439387013 600011
rl11849_n11848_bounded-strongly-corr_01.ttp: 28.0 1020206.0 1549806.0 928426 1177217.1182992419 702209.6748245459 600000
rl11849_n11848_bounded-strongly-corr_01.ttp: 29.0 1020205.0 1555505.0 928438 1188902.7680991797 699495.0069685907 599991
rl11849_n11848_bounded-strongly-corr_01.ttp: 58.0 1020176.0 1562376.0 928342 1193522.4657065521 703039.8246912825 599992
rl11849_n11848_bounded-strongly-corr_01.ttp: 6.0 1020228.0 1550128.0 927248 1183812.3639842574 697783.0979313346 600000
rl11849_n11848_bounded-strongly-corr_01.ttp: 23.0 1020211.0 1559011.0 928959 1193407.8859837754 699757.3220916818 600009
rl11849_n11848_bounded-strongly-corr_01.ttp: 3.0 1020231.0 1558431.0 928536 1194614.5158594067 698308.5485812272 600027
rl11849_n11848_bounded-strongly-corr_01.ttp: 89.0 1020145.0 1558445.0 927353 1190986.018753735 700935.0664973108 599997
rl11849_n11848_bounded-strongly-corr_01.ttp: 132.0 1020102.0 1559802.0 928357 1197274.2110972772 697764.5680099605 600013
rl11849_n11848_bounded-strongly-corr_01.ttp: 1.0 1020233.0 1561533.0 927775 1197020.0840192141 699678.5395061659 599994
rl11849_n11848_bounded-strongly-corr_01.ttp: 20.0 1020214.0 1552614.0 927858 1184764.3922829737 699583.6375562589 599975
rl11849_n11848_bounded-strongly-corr_01.ttp: 65.0 1020169.0 1546469.0 928227 1173432.6479816127 701597.4934532389 600017
rl11849_n11848_bounded-strongly-corr_01.ttp: 10.0 1020224.0 1552224.0 928231 1185852.7432455462 698410.0248632068 600200
rl11849_n11848_bounded-strongly-corr_01.ttp: 66.0 1020168.0 1553368.0 928465 1190003.233295156 696565.6720274878 600013
rl11849_n11848_bounded-strongly-corr_01.ttp: 9.0 1020225.0 1558925.0 929042 1185441.2699895948 705407.2856074917 599943
rl11849_n11848_bounded-strongly-corr_01.ttp: 29.0 1020205.0 1553905.0 928131 1194196.4598332513 694083.5489200591 600094
rl11849_n11848_bounded-strongly-corr_01.ttp: 0.0 1020234.0 1553834.0 927653 1173719.2400235482 708756.1471830453 599855
rl11849_n11848_bounded-strongly-corr_01.ttp: 5.0 1020229.0 1548329.0 927787 1175195.0739522101 702188.5467544087 599998
rl11849_n11848_bounded-strongly-corr_01.ttp: 0.0 1020234.0 1555334.0 928751 1183385.8279069203 703296.2039070174 600020
rl11849_n11848_bounded-strongly-corr_01.ttp: 11.0 1020223.0 1558623.0 927703 1187457.1398796428 703653.8592866573 600022
rl11849_n11848_bounded-strongly-corr_01.ttp: 107.0 1020127.0 1554327.0 929134 1187115.0786188247 699604.1433944462 600013
rl11849_n11848_bounded-strongly-corr_01.ttp: 8.0 1020226.0 1557626.0 927970 1190360.9029147087 700566.1499014097 600022
RESULTS FOR heuristics : 28
rl11849_n11848_bounded-strongly-corr_01.ttp: 19.0 1020215.0 1554415.0 928413 1190776.659686284 697055.8050258756 600003
rl11849_n11848_bounded-strongly-corr_01.ttp: 8.0 1020226.0 1551626.0 927910 1183596.4490343297 699436.5566952826 600063
rl11849_n11848_bounded-strongly-corr_01.ttp: 27.0 1020207.0 1552907.0 927650 1177536.52356436 705080.7030336608 600169
rl11849_n11848_bounded-strongly-corr_01.ttp: 15.0 1020219.0 1550619.0 927632 1180700.5122927092 700514.6311492494 600013
rl11849_n11848_bounded-strongly-corr_01.ttp: 2.0 1020232.0 1551232.0 928130 1182979.9312271657 699486.4495164407 600018
rl11849_n11848_bounded-strongly-corr_01.ttp: 11.0 1020223.0 1560123.0 929042 1196377.7205119135 698731.0412314223 600180
rl11849_n11848_bounded-strongly-corr_01.ttp: 28.0 1020206.0 1552406.0 928121 1179200.9159907894 703381.3404866316 600016
rl11849_n11848_bounded-strongly-corr_01.ttp: 61.0 1020173.0 1557573.0 928049 1198530.5694405225 694630.9900028239 600098
rl11849_n11848_bounded-strongly-corr_01.ttp: 19.0 1020215.0 1555115.0 926988 1188441.136175901 699437.3819533513 600034
rl11849_n11848_bounded-strongly-corr_01.ttp: 10.0 1020224.0 1550724.0 928245 1184349.6898585411 697992.2233018504 600097
rl11849_n11848_bounded-strongly-corr_01.ttp: 1.0 1020233.0 1553733.0 927708 1189277.6146207587 697453.1174730537 600207
rl11849_n11848_bounded-strongly-corr_01.ttp: 16.0 1020218.0 1557618.0 927549 1189325.2803135347 701303.7981742551 599999
rl11849_n11848_bounded-strongly-corr_01.ttp: 32.0 1020202.0 1558102.0 928814 1189442.8242487812 701703.1665408775 599996
rl11849_n11848_bounded-strongly-corr_01.ttp: 15.0 1020219.0 1553619.0 927676 1182674.5139107292 702093.3499842751 600017
rl11849_n11848_bounded-strongly-corr_01.ttp: 14.0 1020220.0 1557320.0 928710 1189387.0750748322 700961.3059461209 599995
rl11849_n11848_bounded-strongly-corr_01.ttp: 128.0 1020106.0 1555106.0 928224 1198656.8573101037 692073.0627367253 600020
rl11849_n11848_bounded-strongly-corr_01.ttp: 0.0 1020234.0 1552534.0 928685 1183993.6921836045 700058.5416278049 600027
rl11849_n11848_bounded-strongly-corr_01.ttp: 73.0 1020161.0 1551361.0 928699 1178563.5278283174 702795.2599636115 600013
rl11849_n11848_bounded-strongly-corr_01.ttp: 25.0 1020209.0 1548809.0 929012 1179843.8877843537 699321.4007952653 600065
rl11849_n11848_bounded-strongly-corr_01.ttp: 4.0 1020230.0 1552830.0 929280 1179647.9406061054 703483.4827636041 600014
rl11849_n11848_bounded-strongly-corr_01.ttp: 8.0 1020226.0 1554226.0 928717 1183760.6948342037 701918.2997193733 600013
rl11849_n11848_bounded-strongly-corr_01.ttp: 1.0 1020233.0 1562133.0 927440 1194605.1414431434 702017.2981609368 600006
rl11849_n11848_bounded-strongly-corr_01.ttp: 22.0 1020212.0 1559712.0 928850 1183378.1529031899 707679.7299097034 599991
rl11849_n11848_bounded-strongly-corr_01.ttp: 14.0 1020220.0 1556420.0 929329 1193877.9200013308 696827.8975990418 600031
rl11849_n11848_bounded-strongly-corr_01.ttp: 86.0 1020148.0 1552648.0 928882 1181544.4003583095 701936.0317420171 600207
rl11849_n11848_bounded-strongly-corr_01.ttp: 3.0 1020231.0 1551831.0 928204 1185972.1248394034 697931.0701156296 600016
rl11849_n11848_bounded-strongly-corr_01.ttp: 5.0 1020229.0 1554429.0 928083 1194948.4154647393 694066.1408653877 599996
rl11849_n11848_bounded-strongly-corr_01.ttp: 32.0 1020202.0 1551902.0 927968 1183824.2543439711 699548.5368723408 599996
rl11849_n11848_bounded-strongly-corr_01.ttp: 6.0 1020228.0 1553528.0 927866 1195787.0075897088 692561.3545354097 600013
rl11849_n11848_bounded-strongly-corr_01.ttp: 55.0 1020179.0 1549279.0 928190 1191068.7926646022 691709.4692814865 600194
RESULTS FOR heuristics : 29
rl11849_n11848_bounded-strongly-corr_01.ttp: 2.0 1020232.0 1553532.0 928972 1191704.2359621339 695504.9501072636 600017
rl11849_n11848_bounded-strongly-corr_01.ttp: 21.0 1020213.0 1553913.0 927825 1195041.047131832 693483.446065081 600100
rl11849_n11848_bounded-strongly-corr_01.ttp: 8.0 1020226.0 1552226.0 927315 1187781.5537138341 697023.2813260395 600020
rl11849_n11848_bounded-strongly-corr_01.ttp: 55.0 1020179.0 1565079.0 928190 1195481.3666134737 704332.416038299 600084
rl11849_n11848_bounded-strongly-corr_01.ttp: 52.0 1020182.0 1557482.0 928038 1194966.1799628315 697106.3504267613 620800
rl11849_n11848_bounded-strongly-corr_01.ttp: 22.0 1020212.0 1552812.0 928921 1198502.309079064 689890.3374630739 600021
rl11849_n11848_bounded-strongly-corr_01.ttp: 1.0 1020233.0 1554833.0 928971 1195302.3490267056 694215.308700772 600054
rl11849_n11848_bounded-strongly-corr_01.ttp: 2.0 1020232.0 1543732.0 929173 1189783.9525824676 687087.5541406234 600015
rl11849_n11848_bounded-strongly-corr_01.ttp: 70.0 1020164.0 1552064.0 927758 1184804.4380589004 699004.8045975917 600309
rl11849_n11848_bounded-strongly-corr_01.ttp: 19.0 1020215.0 1560615.0 927981 1208976.2410006549 690152.1064795285 600072
rl11849_n11848_bounded-strongly-corr_01.ttp: 34.0 1020200.0 1560700.0 928883 1192750.05971018 701919.9570086704 622333
rl11849_n11848_bounded-strongly-corr_01.ttp: 79.0 1020155.0 1553955.0 928295 1193424.0137052238 694689.7101322389 600197
rl11849_n11848_bounded-strongly-corr_01.ttp: 46.0 1020188.0 1549988.0 928898 1180400.382798618 700099.7243849951 600014
rl11849_n11848_bounded-strongly-corr_01.ttp: 19.0 1020215.0 1550915.0 928279 1194324.8123536336 691001.1351053838 600064
rl11849_n11848_bounded-strongly-corr_01.ttp: 14.0 1020220.0 1560620.0 927546 1199992.3869347998 696625.4814069441 600101
rl11849_n11848_bounded-strongly-corr_01.ttp: 31.0 1020203.0 1549403.0 928416 1182513.8574775427 697993.0226161693 600023
rl11849_n11848_bounded-strongly-corr_01.ttp: 47.0 1020187.0 1558787.0 928829 1195354.5249905498 698131.7420068042 600154
rl11849_n11848_bounded-strongly-corr_01.ttp: 41.0 1020193.0 1551093.0 927843 1188356.0279201025 695476.6598975263 600014
rl11849_n11848_bounded-strongly-corr_01.ttp: 9.0 1020225.0 1557425.0 927369 1199316.0870056008 693917.4173559675 600055
rl11849_n11848_bounded-strongly-corr_01.ttp: 3.0 1020231.0 1552331.0 927684 1187495.4093351113 697334.3052787199 600013
rl11849_n11848_bounded-strongly-corr_01.ttp: 18.0 1020216.0 1560516.0 928478 1185797.4698870087 706741.8216813538 600016
rl11849_n11848_bounded-strongly-corr_01.ttp: 5.0 1020229.0 1560229.0 929483 1195433.298265991 699517.0252484864 599996
rl11849_n11848_bounded-strongly-corr_01.ttp: 62.0 1020172.0 1550572.0 928094 1190105.3512963199 693696.1470666497 600245
rl11849_n11848_bounded-strongly-corr_01.ttp: 28.0 1020206.0 1556606.0 928521 1198682.8801032046 693554.3263256927 600013
rl11849_n11848_bounded-strongly-corr_01.ttp: 5.0 1020229.0 1552729.0 928136 1186634.1079603534 698352.4422685456 600083
rl11849_n11848_bounded-strongly-corr_01.ttp: 31.0 1020203.0 1559003.0 928595 1193554.0370129177 699644.0933506993 600201
rl11849_n11848_bounded-strongly-corr_01.ttp: 40.0 1020194.0 1554794.0 929000 1185987.0124354954 700883.3510464433 600008
rl11849_n11848_bounded-strongly-corr_01.ttp: 33.0 1020201.0 1545401.0 928037 1186135.0640551352 691383.7538803027 599993
rl11849_n11848_bounded-strongly-corr_01.ttp: 22.0 1020212.0 1553912.0 928866 1193577.5505984023 694536.1635691504 599993
rl11849_n11848_bounded-strongly-corr_01.ttp: 8.0 1020226.0 1555326.0 927913 1182282.412806419 704082.6627793784 600083
RESULTS FOR heuristics : 30
rl11849_n11848_bounded-strongly-corr_01.ttp: 69.0 1020165.0 1557365.0 928114 1209138.1445539398 686785.5359211634 600002
rl11849_n11848_bounded-strongly-corr_01.ttp: 57.0 1020177.0 1551477.0 928142 1183262.186191339 699528.2259422359 600182
rl11849_n11848_bounded-strongly-corr_01.ttp: 17.0 1020217.0 1556617.0 927972 1196201.5131344516 695351.9105431949 600036
rl11849_n11848_bounded-strongly-corr_01.ttp: 14.0 1020220.0 1555020.0 929605 1190747.5181622128 697681.7869232068 600109
rl11849_n11848_bounded-strongly-corr_01.ttp: 35.0 1020199.0 1557299.0 928176 1186862.7505646744 702757.8195934345 600243
rl11849_n11848_bounded-strongly-corr_01.ttp: 35.0 1020199.0 1552099.0 927632 1185463.8633248003 698565.0184061439 621120
rl11849_n11848_bounded-strongly-corr_01.ttp: 6.0 1020228.0 1552928.0 928155 1193328.258666453 693731.6537601539 600099
rl11849_n11848_bounded-strongly-corr_01.ttp: 12.0 1020222.0 1549122.0 927615 1184243.8858947502 696466.4021557799 600017
rl11849_n11848_bounded-strongly-corr_01.ttp: 37.0 1020197.0 1555197.0 928284 1181108.8538065578 704798.6252592783 621834
rl11849_n11848_bounded-strongly-corr_01.ttp: 40.0 1020194.0 1556494.0 927930 1201931.0018590558 691103.6786614798 600018
rl11849_n11848_bounded-strongly-corr_01.ttp: 32.0 1020202.0 1564202.0 928028 1197005.4963300785 702358.0426423436 600213
rl11849_n11848_bounded-strongly-corr_01.ttp: 25.0 1020209.0 1553509.0 928390 1182120.6674353748 702382.1194465301 599993
rl11849_n11848_bounded-strongly-corr_01.ttp: 12.0 1020222.0 1557522.0 928657 1205150.6688660728 689813.5184164277 600015
rl11849_n11848_bounded-strongly-corr_01.ttp: 20.0 1020214.0 1550714.0 928154 1176797.4148156329 703419.8613327444 600014
rl11849_n11848_bounded-strongly-corr_01.ttp: 12.0 1020222.0 1553722.0 926876 1179532.2297214514 704458.794600555 600040
rl11849_n11848_bounded-strongly-corr_01.ttp: 13.0 1020221.0 1559221.0 927451 1200063.8295862242 695175.0426979186 600019
rl11849_n11848_bounded-strongly-corr_01.ttp: 10.0 1020224.0 1553924.0 929227 1203612.854245612 687322.7449431594 600200
rl11849_n11848_bounded-strongly-corr_01.ttp: 1.0 1020233.0 1547433.0 927495 1173482.8163764263 702525.3722089732 600018
rl11849_n11848_bounded-strongly-corr_01.ttp: 30.0 1020204.0 1551704.0 927507 1190165.7895582793 694784.6315180389 600133
rl11849_n11848_bounded-strongly-corr_01.ttp: 6.0 1020228.0 1557328.0 928793 1198601.0440905201 694335.2482548256 600168
rl11849_n11848_bounded-strongly-corr_01.ttp: 12.0 1020222.0 1555222.0 929453 1192770.2250419017 696427.4379698308 600001
rl11849_n11848_bounded-strongly-corr_01.ttp: 1.0 1020233.0 1557333.0 929125 1192044.9258998998 699060.6533520722 600013
rl11849_n11848_bounded-strongly-corr_01.ttp: 16.0 1020218.0 1556618.0 928017 1187746.960203137 701440.1886537414 600176
rl11849_n11848_bounded-strongly-corr_01.ttp: 51.0 1020183.0 1557083.0 928677 1190765.9618452818 699731.5074713972 600174
rl11849_n11848_bounded-strongly-corr_01.ttp: 18.0 1020216.0 1548016.0 929196 1174156.0408350304 702623.6505987782 600180
rl11849_n11848_bounded-strongly-corr_01.ttp: 28.0 1020206.0 1552306.0 927950 1192183.9320612894 693933.5689158717 600209
rl11849_n11848_bounded-strongly-corr_01.ttp: 22.0 1020212.0 1556012.0 927682 1191650.8633589859 698023.3783815302 600019
rl11849_n11848_bounded-strongly-corr_01.ttp: 106.0 1020128.0 1558528.0 927540 1199785.4863179475 694682.4498510779 600226
rl11849_n11848_bounded-strongly-corr_01.ttp: 4.0 1020230.0 1550930.0 927546 1193259.2146403557 691783.365458944 621925
rl11849_n11848_bounded-strongly-corr_01.ttp: 3.0 1020231.0 1552331.0 929324 1181640.3493335377 701549.9484798529 600078
