Enter,TTP,instance,file:
RESULTS,FOR,heuristics,:,20
pcb3038_n9111_uncorr-similar-weights_01.ttp:,271.0,831723.0,717743.0,140213,191708.90141789295,315154.30702242476,3755
pcb3038_n9111_uncorr-similar-weights_01.ttp:,234.0,831760.0,718113.0,140230,190095.6901278525,318912.05073150975,3616
pcb3038_n9111_uncorr-similar-weights_01.ttp:,203.0,831791.0,718893.0,140185,191561.54503325967,316613.7554301547,3434
pcb3038_n9111_uncorr-similar-weights_01.ttp:,377.0,831617.0,714418.0,140329,193254.29731017764,308583.9756486269,3645
pcb3038_n9111_uncorr-similar-weights_01.ttp:,249.0,831745.0,720644.0,140074,192145.09747539958,317139.29530166084,3427
pcb3038_n9111_uncorr-similar-weights_01.ttp:,248.0,831746.0,718422.0,140090,191869.22983384196,315496.61734893185,3449
pcb3038_n9111_uncorr-similar-weights_01.ttp:,332.0,831662.0,715709.0,140133,190335.04142352685,316005.41301059356,3622
pcb3038_n9111_uncorr-similar-weights_01.ttp:,371.0,831623.0,716476.0,140281,193463.015297046,310203.6678762034,3513
pcb3038_n9111_uncorr-similar-weights_01.ttp:,208.0,831786.0,718989.0,140122,190260.60605390696,319441.7272867954,3532
pcb3038_n9111_uncorr-similar-weights_01.ttp:,166.0,831828.0,714074.0,140159,189911.8526604501,315259.1094130548,3610
pcb3038_n9111_uncorr-similar-weights_01.ttp:,244.0,831750.0,720002.0,140280,191011.36802528577,318878.1271468999,3579
pcb3038_n9111_uncorr-similar-weights_01.ttp:,124.0,831870.0,719131.0,140132,189809.05355102944,320531.98754283815,3424
pcb3038_n9111_uncorr-similar-weights_01.ttp:,215.0,831779.0,717898.0,140106,189836.78535844304,319240.7507472696,3611
pcb3038_n9111_uncorr-similar-weights_01.ttp:,366.0,831628.0,715989.0,140307,193159.96276420006,310353.07819517987,3562
pcb3038_n9111_uncorr-similar-weights_01.ttp:,266.0,831728.0,718561.0,140168,190819.87395596536,317839.2646924727,3306
pcb3038_n9111_uncorr-similar-weights_01.ttp:,311.0,831683.0,719948.0,140228,192692.0539481732,315294.68670883623,3493
pcb3038_n9111_uncorr-similar-weights_01.ttp:,334.0,831660.0,713546.0,140148,191744.2157088903,310883.14701133035,3401
pcb3038_n9111_uncorr-similar-weights_01.ttp:,379.0,831615.0,714931.0,140078,194213.74238434318,307082.14099287934,3501
pcb3038_n9111_uncorr-similar-weights_01.ttp:,201.0,831793.0,716198.0,140233,192212.1485166332,312552.4881150703,3473
pcb3038_n9111_uncorr-similar-weights_01.ttp:,362.0,831632.0,715375.0,140336,193838.21450763973,308314.7495339566,3525
pcb3038_n9111_uncorr-similar-weights_01.ttp:,219.0,831775.0,722602.0,140433,191371.38544618624,320722.0905630089,3604
pcb3038_n9111_uncorr-similar-weights_01.ttp:,210.0,831784.0,721055.0,140103,190744.5397829556,320491.46645579324,3353
pcb3038_n9111_uncorr-similar-weights_01.ttp:,361.0,831633.0,713441.0,140330,194128.00879010087,305772.18154078815,3520
pcb3038_n9111_uncorr-similar-weights_01.ttp:,281.0,831713.0,712200.0,140091,193056.80932202967,306780.7004237377,3619
pcb3038_n9111_uncorr-similar-weights_01.ttp:,279.0,831715.0,719287.0,140272,190486.126108736,319266.1351716544,3475
pcb3038_n9111_uncorr-similar-weights_01.ttp:,270.0,831724.0,717740.0,140042,190540.94243212667,317604.020892534,3471
pcb3038_n9111_uncorr-similar-weights_01.ttp:,310.0,831684.0,717909.0,140087,191449.54589149283,315864.95362786506,3410
pcb3038_n9111_uncorr-similar-weights_01.ttp:,306.0,831688.0,717617.0,140232,191285.51445017682,315917.41965462867,3445
pcb3038_n9111_uncorr-similar-weights_01.ttp:,299.0,831695.0,719450.0,140157,192965.13462401714,314223.21728956397,3616
pcb3038_n9111_uncorr-similar-weights_01.ttp:,410.0,831584.0,715162.0,140316,193422.60815332542,308974.5228780166,3617
RESULTS,FOR,heuristics,:,21
pcb3038_n9111_uncorr-similar-weights_01.ttp:,317.0,831677.0,714991.0,140254,193364.07991813446,308926.43217191764,4610
pcb3038_n9111_uncorr-similar-weights_01.ttp:,398.0,831596.0,715194.0,140124,194280.3797652361,307205.20249300415,4503
pcb3038_n9111_uncorr-similar-weights_01.ttp:,340.0,831654.0,719035.0,139973,190437.78051644523,319115.660915465,5431
pcb3038_n9111_uncorr-similar-weights_01.ttp:,273.0,831721.0,719070.0,140211,192342.17513525116,315151.4322159725,5344
pcb3038_n9111_uncorr-similar-weights_01.ttp:,358.0,831636.0,720739.0,140272,190173.29050061828,321375.0899487016,5537
pcb3038_n9111_uncorr-similar-weights_01.ttp:,348.0,831646.0,715193.0,140137,192762.86734029272,310390.97858538525,4335
pcb3038_n9111_uncorr-similar-weights_01.ttp:,316.0,831678.0,718796.0,140190,190158.45730179228,319463.2396662362,5443
pcb3038_n9111_uncorr-similar-weights_01.ttp:,477.0,831517.0,712838.0,140128,193409.8063625496,306677.4066386458,4354
pcb3038_n9111_uncorr-similar-weights_01.ttp:,321.0,831673.0,718604.0,140179,189064.33092914108,321568.9050488037,5530
pcb3038_n9111_uncorr-similar-weights_01.ttp:,275.0,831719.0,718486.0,140144,190695.90324864828,318024.6031778386,5468
pcb3038_n9111_uncorr-similar-weights_01.ttp:,355.0,831639.0,715710.0,140148,193239.4593447392,309907.13537604763,4350
pcb3038_n9111_uncorr-similar-weights_01.ttp:,283.0,831711.0,719785.0,140277,191019.90706401542,318643.19516556757,5505
pcb3038_n9111_uncorr-similar-weights_01.ttp:,333.0,831661.0,715551.0,140132,193332.57786177532,309552.5864902718,4485
pcb3038_n9111_uncorr-similar-weights_01.ttp:,187.0,831807.0,722020.0,140093,190621.07112449378,321715.750638563,5381
pcb3038_n9111_uncorr-similar-weights_01.ttp:,380.0,831614.0,715852.0,140334,194273.5940748411,307877.4524428337,4776
pcb3038_n9111_uncorr-similar-weights_01.ttp:,293.0,831701.0,715104.0,140213,193361.69764424497,309044.43494708557,4485
pcb3038_n9111_uncorr-similar-weights_01.ttp:,259.0,831735.0,717448.0,140126,190641.66174941396,317100.51032623067,5366
pcb3038_n9111_uncorr-similar-weights_01.ttp:,368.0,831626.0,714882.0,140280,193372.1970482811,308800.3861986097,4493
pcb3038_n9111_uncorr-similar-weights_01.ttp:,233.0,831761.0,719384.0,140332,189244.96127878627,321969.5813145488,5422
pcb3038_n9111_uncorr-similar-weights_01.ttp:,332.0,831662.0,712669.0,140170,193166.75042197248,307018.82411385776,4468
pcb3038_n9111_uncorr-similar-weights_01.ttp:,419.0,831575.0,714688.0,140409,192073.1318379651,311334.42314027325,4719
pcb3038_n9111_uncorr-similar-weights_01.ttp:,294.0,831700.0,720220.0,140170,190185.90872592834,320829.59167555044,5486
pcb3038_n9111_uncorr-similar-weights_01.ttp:,381.0,831613.0,714091.0,140364,193443.8872438524,307858.83678790997,4622
pcb3038_n9111_uncorr-similar-weights_01.ttp:,232.0,831762.0,721073.0,140297,189711.43374180392,322678.98914221174,5461
pcb3038_n9111_uncorr-similar-weights_01.ttp:,392.0,831602.0,715341.0,140229,192133.56527653974,311860.51291926653,4498
pcb3038_n9111_uncorr-similar-weights_01.ttp:,297.0,831697.0,714923.0,140231,192042.22049038697,311634.3369701873,5356
pcb3038_n9111_uncorr-similar-weights_01.ttp:,381.0,831613.0,713927.0,140229,193828.9544046072,306886.1957503248,4455
pcb3038_n9111_uncorr-similar-weights_01.ttp:,253.0,831741.0,714436.0,140294,193960.52994773246,307118.8871097618,4586
pcb3038_n9111_uncorr-similar-weights_01.ttp:,425.0,831569.0,716708.0,140121,193110.50047866107,311175.94899481174,4479
pcb3038_n9111_uncorr-similar-weights_01.ttp:,283.0,831711.0,711716.0,140205,191823.61159035788,308886.4156602484,4563
RESULTS,FOR,heuristics,:,22
pcb3038_n9111_uncorr-similar-weights_01.ttp:,436.0,831558.0,714397.0,140401,193337.51414774737,308388.2202897305,599792
pcb3038_n9111_uncorr-similar-weights_01.ttp:,151.0,831843.0,718496.0,140077,189315.51858789218,320933.4109654264,599795
pcb3038_n9111_uncorr-similar-weights_01.ttp:,312.0,831682.0,713915.0,140234,192764.83719233214,309108.8418961025,599792
pcb3038_n9111_uncorr-similar-weights_01.ttp:,465.0,831529.0,715743.0,140302,193444.84957014376,309508.8159026981,599790
pcb3038_n9111_uncorr-similar-weights_01.ttp:,316.0,831678.0,716064.0,140161,193859.4356628032,308959.1851081132,599792
pcb3038_n9111_uncorr-similar-weights_01.ttp:,263.0,831731.0,713608.0,140203,192560.64117431495,309230.6535339386,599793
pcb3038_n9111_uncorr-similar-weights_01.ttp:,379.0,831615.0,713002.0,140191,193792.58733432472,306037.56659791805,599790
pcb3038_n9111_uncorr-similar-weights_01.ttp:,364.0,831630.0,719753.0,140069,191144.4001806297,318349.7596206776,599792
pcb3038_n9111_uncorr-similar-weights_01.ttp:,183.0,831811.0,719925.0,140155,190097.9265422,320719.35426138,599792
pcb3038_n9111_uncorr-similar-weights_01.ttp:,299.0,831695.0,717965.0,140018,190614.56927429533,317674.4045239798,599790
pcb3038_n9111_uncorr-similar-weights_01.ttp:,336.0,831658.0,717925.0,140178,191517.34479151003,315738.5759378289,599791
pcb3038_n9111_uncorr-similar-weights_01.ttp:,352.0,831642.0,718420.0,140105,191300.16035277388,316689.66325917485,599793
pcb3038_n9111_uncorr-similar-weights_01.ttp:,264.0,831730.0,719553.0,140322,191586.53929489254,317221.26748072566,599790
pcb3038_n9111_uncorr-similar-weights_01.ttp:,408.0,831586.0,716041.0,140202,192843.61573272222,311069.40696128336,599794
pcb3038_n9111_uncorr-similar-weights_01.ttp:,362.0,831632.0,715117.0,140221,193632.7640451152,308488.19550525805,599792
pcb3038_n9111_uncorr-similar-weights_01.ttp:,234.0,831760.0,715730.0,140204,189708.98619673282,317341.1289868611,599791
pcb3038_n9111_uncorr-similar-weights_01.ttp:,322.0,831672.0,719967.0,140111,190188.2243284911,320571.72891016863,599793
pcb3038_n9111_uncorr-similar-weights_01.ttp:,284.0,831710.0,720570.0,140167,190923.91125480726,319629.7863649047,599791
pcb3038_n9111_uncorr-similar-weights_01.ttp:,237.0,831757.0,718405.0,140181,190477.26493991655,318402.7436261752,599790
pcb3038_n9111_uncorr-similar-weights_01.ttp:,345.0,831649.0,714462.0,140267,194312.56772105713,306405.60778578,599790
pcb3038_n9111_uncorr-similar-weights_01.ttp:,388.0,831606.0,719317.0,140401,191284.9349917548,317618.63651731494,599790
pcb3038_n9111_uncorr-similar-weights_01.ttp:,316.0,831678.0,715425.0,140062,189981.20105413665,316464.47778631304,599791
pcb3038_n9111_uncorr-similar-weights_01.ttp:,287.0,831707.0,712742.0,140042,192369.61938633517,308765.79928869614,599792
pcb3038_n9111_uncorr-similar-weights_01.ttp:,207.0,831787.0,719322.0,140358,190713.98789114997,318822.62542858504,599792
pcb3038_n9111_uncorr-similar-weights_01.ttp:,321.0,831673.0,714304.0,140274,192431.33013760758,310198.20671102405,599792
pcb3038_n9111_uncorr-similar-weights_01.ttp:,282.0,831712.0,714016.0,140086,192193.68799467635,310409.25521117967,599792
pcb3038_n9111_uncorr-similar-weights_01.ttp:,284.0,831710.0,718657.0,140201,191375.03319466577,316769.43029120186,599792
pcb3038_n9111_uncorr-similar-weights_01.ttp:,332.0,831662.0,716070.0,140150,194246.93959143478,308151.42685798695,599791
pcb3038_n9111_uncorr-similar-weights_01.ttp:,319.0,831675.0,718074.0,140275,191742.6243271106,315414.48891306773,599790
pcb3038_n9111_uncorr-similar-weights_01.ttp:,283.0,831711.0,721662.0,140105,190685.3493241456,321222.76641929423,599790
RESULTS,FOR,heuristics,:,23
pcb3038_n9111_uncorr-similar-weights_01.ttp:,268.0,831726.0,711562.0,140250,192160.66867384937,308024.5957849163,599849
pcb3038_n9111_uncorr-similar-weights_01.ttp:,317.0,831677.0,716176.0,140073,192936.25331589338,311009.86803662387,308081
pcb3038_n9111_uncorr-similar-weights_01.ttp:,352.0,831642.0,718945.0,140134,191911.71174292007,315930.4053398678,599854
pcb3038_n9111_uncorr-similar-weights_01.ttp:,445.0,831549.0,713821.0,140159,193365.51340489066,307753.4218497296,599852
pcb3038_n9111_uncorr-similar-weights_01.ttp:,365.0,831629.0,713703.0,140172,192641.9252439138,309154.956987781,312180
pcb3038_n9111_uncorr-similar-weights_01.ttp:,294.0,831700.0,718860.0,140078,191087.103940876,317577.0817241604,599810
pcb3038_n9111_uncorr-similar-weights_01.ttp:,307.0,831687.0,718763.0,140191,191856.645681742,315864.0440683418,599842
pcb3038_n9111_uncorr-similar-weights_01.ttp:,196.0,831798.0,715977.0,140278,190321.5649204338,316301.713667089,599844
pcb3038_n9111_uncorr-similar-weights_01.ttp:,263.0,831731.0,718067.0,140227,192297.0491989035,314243.19668230263,306877
pcb3038_n9111_uncorr-similar-weights_01.ttp:,282.0,831712.0,720870.0,139998,190777.07313780495,320238.1464106096,599806
pcb3038_n9111_uncorr-similar-weights_01.ttp:,254.0,831740.0,712683.0,140025,191512.73537865994,310506.2557048141,310123
pcb3038_n9111_uncorr-similar-weights_01.ttp:,303.0,831691.0,716827.0,140355,191522.44250607662,314629.8707372391,599854
pcb3038_n9111_uncorr-similar-weights_01.ttp:,316.0,831678.0,718611.0,140142,190895.86281376006,317729.68809110386,599804
pcb3038_n9111_uncorr-similar-weights_01.ttp:,297.0,831697.0,715618.0,140165,193673.10794973493,308904.47330555663,599803
pcb3038_n9111_uncorr-similar-weights_01.ttp:,280.0,831714.0,719553.0,140326,190874.24580080435,318717.0838183109,599799
pcb3038_n9111_uncorr-similar-weights_01.ttp:,326.0,831668.0,720327.0,140259,189658.53864311334,322044.06884946197,599842
pcb3038_n9111_uncorr-similar-weights_01.ttp:,305.0,831689.0,719864.0,140248,191095.68995591273,318563.0510925832,309153
pcb3038_n9111_uncorr-similar-weights_01.ttp:,308.0,831686.0,712660.0,140325,192366.72116788718,308689.8855474369,599825
pcb3038_n9111_uncorr-similar-weights_01.ttp:,190.0,831804.0,717385.0,140193,190706.5814136531,316901.1790313285,599808
pcb3038_n9111_uncorr-similar-weights_01.ttp:,310.0,831684.0,717500.0,140240,190342.64181225994,317780.4521942541,599828
pcb3038_n9111_uncorr-similar-weights_01.ttp:,423.0,831571.0,716332.0,140255,192546.7578617984,311983.80849022337,599853
pcb3038_n9111_uncorr-similar-weights_01.ttp:,309.0,831685.0,716802.0,140248,194667.33511122828,308000.5962664206,599826
pcb3038_n9111_uncorr-similar-weights_01.ttp:,254.0,831740.0,714635.0,140265,189716.84504568865,316229.62540405383,599819
pcb3038_n9111_uncorr-similar-weights_01.ttp:,349.0,831645.0,719277.0,140175,194407.0956435682,311022.09914850676,599836
pcb3038_n9111_uncorr-similar-weights_01.ttp:,391.0,831603.0,713503.0,140255,192835.00012125392,308549.49974536675,599845
pcb3038_n9111_uncorr-similar-weights_01.ttp:,389.0,831605.0,712455.0,140400,193187.8012041763,306760.61747122975,599821
pcb3038_n9111_uncorr-similar-weights_01.ttp:,350.0,831644.0,717630.0,140045,193527.7293776419,311221.768306952,310249
pcb3038_n9111_uncorr-similar-weights_01.ttp:,254.0,831740.0,717737.0,140156,191961.49060817316,314617.86972283636,304683
pcb3038_n9111_uncorr-similar-weights_01.ttp:,268.0,831726.0,717809.0,140357,190562.57096487572,317627.600973761,599834
pcb3038_n9111_uncorr-similar-weights_01.ttp:,318.0,831676.0,717451.0,140248,191002.22608839502,316346.32521437044,599843
RESULTS,FOR,heuristics,:,24
pcb3038_n9111_uncorr-similar-weights_01.ttp:,330.0,831664.0,722178.0,140179,189469.7563450738,324291.511675345,597161
pcb3038_n9111_uncorr-similar-weights_01.ttp:,376.0,831618.0,723662.0,140226,190644.48312930492,323308.5854284596,597112
pcb3038_n9111_uncorr-similar-weights_01.ttp:,323.0,831671.0,722633.0,140209,189506.96809777035,324668.36699468223,597263
pcb3038_n9111_uncorr-similar-weights_01.ttp:,315.0,831679.0,719687.0,140347,189105.3656701084,322565.7320927723,598305
pcb3038_n9111_uncorr-similar-weights_01.ttp:,297.0,831697.0,721391.0,140299,189986.33142113412,322419.7040156183,598151
pcb3038_n9111_uncorr-similar-weights_01.ttp:,320.0,831674.0,723230.0,140160,189675.63307244747,324911.1705478603,596824
pcb3038_n9111_uncorr-similar-weights_01.ttp:,385.0,831609.0,721739.0,140271,189901.17004191413,322946.5429119803,598186
pcb3038_n9111_uncorr-similar-weights_01.ttp:,361.0,831633.0,722084.0,140258,189529.69085166874,324071.64921149565,596817
pcb3038_n9111_uncorr-similar-weights_01.ttp:,347.0,831647.0,720816.0,140255,189431.39574400295,323010.0689375938,596690
pcb3038_n9111_uncorr-similar-weights_01.ttp:,319.0,831675.0,718058.0,140210,187880.8747700619,323508.16298287,596913
pcb3038_n9111_uncorr-similar-weights_01.ttp:,310.0,831684.0,720553.0,140182,189387.99602741926,322838.20834241953,597988
pcb3038_n9111_uncorr-similar-weights_01.ttp:,214.0,831780.0,718136.0,140199,188171.86635859477,322975.080646951,597967
pcb3038_n9111_uncorr-similar-weights_01.ttp:,310.0,831684.0,719068.0,140227,188434.82991719677,323354.8571738868,596823
pcb3038_n9111_uncorr-similar-weights_01.ttp:,247.0,831747.0,718558.0,140362,188472.1188497956,322766.5504154292,597255
pcb3038_n9111_uncorr-similar-weights_01.ttp:,289.0,831705.0,723454.0,140123,190657.12412996465,323074.0393270742,596468
pcb3038_n9111_uncorr-similar-weights_01.ttp:,290.0,831704.0,718877.0,140153,188263.81077877156,323522.9973645797,597640
pcb3038_n9111_uncorr-similar-weights_01.ttp:,354.0,831640.0,721333.0,140396,190069.7300525196,322186.56688970886,597464
pcb3038_n9111_uncorr-similar-weights_01.ttp:,360.0,831634.0,721673.0,140240,189882.9049409208,322918.8996240663,596931
pcb3038_n9111_uncorr-similar-weights_01.ttp:,307.0,831687.0,720315.0,140097,189111.16465243144,323181.55422989395,597760
pcb3038_n9111_uncorr-similar-weights_01.ttp:,347.0,831647.0,722837.0,140087,190235.78125732538,323341.8593596167,597685
pcb3038_n9111_uncorr-similar-weights_01.ttp:,328.0,831666.0,723215.0,140277,190473.3559731997,323220.9524562806,597177
pcb3038_n9111_uncorr-similar-weights_01.ttp:,336.0,831658.0,723032.0,140301,189909.13586450124,324222.81468454737,598007
pcb3038_n9111_uncorr-similar-weights_01.ttp:,342.0,831652.0,723531.0,140135,189914.5018035152,324710.54621261806,596595
pcb3038_n9111_uncorr-similar-weights_01.ttp:,337.0,831657.0,720860.0,140191,189209.70150187213,323519.62684606854,596514
pcb3038_n9111_uncorr-similar-weights_01.ttp:,372.0,831622.0,720262.0,139998,189373.09926950402,322578.49153404153,597718
pcb3038_n9111_uncorr-similar-weights_01.ttp:,337.0,831657.0,723193.0,140168,190186.89520652682,323800.52006629365,597887
pcb3038_n9111_uncorr-similar-weights_01.ttp:,315.0,831679.0,723471.0,140265,190615.58039768203,323178.28116486775,597862
pcb3038_n9111_uncorr-similar-weights_01.ttp:,251.0,831743.0,721692.0,140141,189851.57917772775,323003.68372677173,597535
pcb3038_n9111_uncorr-similar-weights_01.ttp:,318.0,831676.0,719794.0,140161,188863.18830049655,323181.30456895725,597888
pcb3038_n9111_uncorr-similar-weights_01.ttp:,273.0,831721.0,720720.0,140124,189563.23520647365,322637.20606640534,597684
RESULTS,FOR,heuristics,:,25
pcb3038_n9111_uncorr-similar-weights_01.ttp:,387.0,831607.0,716136.0,139970,192451.01817131852,311988.8618402311,599820
pcb3038_n9111_uncorr-similar-weights_01.ttp:,286.0,831708.0,719627.0,140409,190950.20339328828,318631.5728740946,600023
pcb3038_n9111_uncorr-similar-weights_01.ttp:,320.0,831674.0,720794.0,140087,190867.86847206944,319971.4762086542,599520
pcb3038_n9111_uncorr-similar-weights_01.ttp:,364.0,831630.0,714639.0,140192,193124.2764631249,309078.0194274377,599838
pcb3038_n9111_uncorr-similar-weights_01.ttp:,415.0,831579.0,714640.0,140434,194276.45966737723,306659.4346985078,599790
pcb3038_n9111_uncorr-similar-weights_01.ttp:,271.0,831723.0,718258.0,140072,190769.32727225125,317642.4127282724,599791
pcb3038_n9111_uncorr-similar-weights_01.ttp:,270.0,831724.0,716680.0,140041,193249.48423258678,310856.0831115678,599812
pcb3038_n9111_uncorr-similar-weights_01.ttp:,407.0,831587.0,715211.0,140135,193373.65899364927,309126.31611333654,599782
pcb3038_n9111_uncorr-similar-weights_01.ttp:,217.0,831777.0,717242.0,140238,191557.04058133523,314972.214779196,599838
pcb3038_n9111_uncorr-similar-weights_01.ttp:,312.0,831682.0,721145.0,140273,192221.10939248305,317480.67027578555,600025
pcb3038_n9111_uncorr-similar-weights_01.ttp:,290.0,831704.0,720064.0,140385,191472.38879248488,317971.98353578174,599816
pcb3038_n9111_uncorr-similar-weights_01.ttp:,305.0,831689.0,717868.0,140075,190671.75304845927,317457.3185982355,599848
pcb3038_n9111_uncorr-similar-weights_01.ttp:,432.0,831562.0,714228.0,140280,194079.9954930605,306660.00946457294,599836
pcb3038_n9111_uncorr-similar-weights_01.ttp:,316.0,831678.0,719697.0,140079,190610.49502421555,319414.96044914733,599783
pcb3038_n9111_uncorr-similar-weights_01.ttp:,298.0,831696.0,719891.0,140226,192734.78940831326,315147.94224254217,599833
pcb3038_n9111_uncorr-similar-weights_01.ttp:,280.0,831714.0,714772.0,140028,193047.19005537388,309372.90088371484,599805
pcb3038_n9111_uncorr-similar-weights_01.ttp:,248.0,831746.0,719853.0,139999,189875.67806554274,321114.0760623602,599793
pcb3038_n9111_uncorr-similar-weights_01.ttp:,242.0,831752.0,721357.0,140224,192038.20336662282,318076.77293009206,600034
pcb3038_n9111_uncorr-similar-weights_01.ttp:,351.0,831643.0,714980.0,140276,193277.2848845348,309097.7017424769,599788
pcb3038_n9111_uncorr-similar-weights_01.ttp:,310.0,831684.0,716769.0,140253,190334.9369937345,317065.63231315755,599787
pcb3038_n9111_uncorr-similar-weights_01.ttp:,267.0,831727.0,720825.0,140254,192705.76104716773,316142.90180094773,599785
pcb3038_n9111_uncorr-similar-weights_01.ttp:,230.0,831764.0,718422.0,140126,190998.5169771475,317325.11434799025,599806
pcb3038_n9111_uncorr-similar-weights_01.ttp:,291.0,831703.0,719444.0,140276,190319.9795438999,319772.04295781016,599798
pcb3038_n9111_uncorr-similar-weights_01.ttp:,313.0,831681.0,716201.0,140155,189732.9703165351,317761.7623352763,599833
pcb3038_n9111_uncorr-similar-weights_01.ttp:,233.0,831761.0,717684.0,140170,190897.26233532678,316799.7490958137,599797
pcb3038_n9111_uncorr-similar-weights_01.ttp:,375.0,831619.0,711381.0,140327,194232.21591755288,303493.34657313896,599825
pcb3038_n9111_uncorr-similar-weights_01.ttp:,325.0,831669.0,719470.0,140159,190335.7503994622,319764.92416112934,599810
pcb3038_n9111_uncorr-similar-weights_01.ttp:,361.0,831633.0,718136.0,140204,190881.59108682955,317284.65871765796,599789
pcb3038_n9111_uncorr-similar-weights_01.ttp:,350.0,831644.0,715103.0,140278,193836.0039033105,308047.3918030479,599785
pcb3038_n9111_uncorr-similar-weights_01.ttp:,456.0,831538.0,714010.0,140214,194121.8787756754,306354.05457108165,599837
RESULTS,FOR,heuristics,:,26
pcb3038_n9111_uncorr-similar-weights_01.ttp:,311.0,831683.0,720658.0,140164,189541.1290640327,322621.62896553136,600038
pcb3038_n9111_uncorr-similar-weights_01.ttp:,211.0,831783.0,719091.0,140216,189691.8604403295,320738.093075308,599823
pcb3038_n9111_uncorr-similar-weights_01.ttp:,276.0,831718.0,717786.0,140165,190804.23126863106,317097.11433587474,600024
pcb3038_n9111_uncorr-similar-weights_01.ttp:,266.0,831728.0,719575.0,140263,190361.36052900922,319816.1428890806,599798
pcb3038_n9111_uncorr-similar-weights_01.ttp:,298.0,831696.0,714951.0,140233,193116.708799113,309405.91152186267,599784
pcb3038_n9111_uncorr-similar-weights_01.ttp:,264.0,831730.0,715115.0,140118,194353.14927366667,306973.3865253,600025
pcb3038_n9111_uncorr-similar-weights_01.ttp:,297.0,831697.0,718361.0,140280,190539.33607089598,318228.3942511184,599820
pcb3038_n9111_uncorr-similar-weights_01.ttp:,305.0,831689.0,715406.0,140120,194229.7405993576,307523.544741349,599838
pcb3038_n9111_uncorr-similar-weights_01.ttp:,287.0,831707.0,719255.0,140156,190477.29758579258,319252.67506983556,599799
pcb3038_n9111_uncorr-similar-weights_01.ttp:,325.0,831669.0,714462.0,140262,193547.87643086503,308011.45949518343,599808
pcb3038_n9111_uncorr-similar-weights_01.ttp:,303.0,831691.0,719934.0,140249,190746.7642691232,319365.7950348413,599805
pcb3038_n9111_uncorr-similar-weights_01.ttp:,211.0,831783.0,718410.0,139996,190615.72746995252,318116.9723130997,599799
pcb3038_n9111_uncorr-similar-weights_01.ttp:,396.0,831598.0,716237.0,140121,192325.89903135542,312352.6120341536,599792
pcb3038_n9111_uncorr-similar-weights_01.ttp:,364.0,831630.0,717512.0,140174,193054.58083572565,312097.38024497614,314153
pcb3038_n9111_uncorr-similar-weights_01.ttp:,399.0,831595.0,715483.0,140183,191298.44281142097,313756.27009601594,314959
pcb3038_n9111_uncorr-similar-weights_01.ttp:,367.0,831627.0,716539.0,140115,193241.61002744947,310731.6189423561,599797
pcb3038_n9111_uncorr-similar-weights_01.ttp:,227.0,831767.0,717213.0,140194,190853.90623770672,316419.79690081585,600024
pcb3038_n9111_uncorr-similar-weights_01.ttp:,364.0,831630.0,719542.0,140145,192195.96564042504,315930.4721551074,599841
pcb3038_n9111_uncorr-similar-weights_01.ttp:,193.0,831801.0,718976.0,140172,189676.48699623792,320655.37730790034,600027
pcb3038_n9111_uncorr-similar-weights_01.ttp:,376.0,831618.0,717689.0,139983,191307.75542987604,315942.7135972603,599808
pcb3038_n9111_uncorr-similar-weights_01.ttp:,350.0,831644.0,718923.0,140177,190812.81204321276,318216.0947092532,600024
pcb3038_n9111_uncorr-similar-weights_01.ttp:,287.0,831707.0,713994.0,140227,193317.15375238608,308027.9771199892,313854
pcb3038_n9111_uncorr-similar-weights_01.ttp:,283.0,831711.0,720688.0,140229,190243.62009606874,321176.3977982556,599848
pcb3038_n9111_uncorr-similar-weights_01.ttp:,336.0,831658.0,713473.0,140498,193165.5873940818,307825.26647242816,599826
pcb3038_n9111_uncorr-similar-weights_01.ttp:,310.0,831684.0,718925.0,140178,191514.7107595351,316744.10740497627,600025
pcb3038_n9111_uncorr-similar-weights_01.ttp:,345.0,831649.0,713553.0,140372,192072.78868962443,310200.14375178865,599832
pcb3038_n9111_uncorr-similar-weights_01.ttp:,385.0,831609.0,712314.0,140218,193496.4703642288,305971.4122351195,599840
pcb3038_n9111_uncorr-similar-weights_01.ttp:,289.0,831705.0,716790.0,140273,191075.62075109384,315531.1964227029,600024
pcb3038_n9111_uncorr-similar-weights_01.ttp:,333.0,831661.0,720623.0,140234,190492.11171067288,320589.5654075869,600024
pcb3038_n9111_uncorr-similar-weights_01.ttp:,367.0,831627.0,713472.0,140312,193098.85106015316,307964.41277367837,599808
RESULTS,FOR,heuristics,:,27
pcb3038_n9111_uncorr-similar-weights_01.ttp:,296.0,831698.0,721545.0,140244,190682.0859064852,321112.61959638103,599835
pcb3038_n9111_uncorr-similar-weights_01.ttp:,295.0,831699.0,721321.0,140394,190296.83401865396,321697.64856082667,599788
pcb3038_n9111_uncorr-similar-weights_01.ttp:,314.0,831680.0,720725.0,140100,189698.58337759142,322357.974907058,600024
pcb3038_n9111_uncorr-similar-weights_01.ttp:,316.0,831678.0,722860.0,140212,189997.92368040708,323864.3602711451,599842
pcb3038_n9111_uncorr-similar-weights_01.ttp:,245.0,831749.0,720142.0,140183,190064.97793797244,321005.54633025784,599819
pcb3038_n9111_uncorr-similar-weights_01.ttp:,226.0,831768.0,722439.0,140016,190953.47438592592,321436.7037895556,600024
pcb3038_n9111_uncorr-similar-weights_01.ttp:,332.0,831662.0,719321.0,140062,188842.76323305487,322751.19721058477,599803
pcb3038_n9111_uncorr-similar-weights_01.ttp:,333.0,831661.0,718820.0,140171,189666.14389011648,320521.0978307554,599793
pcb3038_n9111_uncorr-similar-weights_01.ttp:,252.0,831742.0,719600.0,140082,189800.18287738596,321019.61595748947,599837
pcb3038_n9111_uncorr-similar-weights_01.ttp:,245.0,831749.0,717325.0,140185,188865.81801111964,320706.78217664873,599840
pcb3038_n9111_uncorr-similar-weights_01.ttp:,327.0,831667.0,719329.0,140020,189302.40474875178,321793.95002762123,600024
pcb3038_n9111_uncorr-similar-weights_01.ttp:,367.0,831627.0,721806.0,140131,190274.4707225233,322229.61148270103,599807
pcb3038_n9111_uncorr-similar-weights_01.ttp:,321.0,831673.0,721155.0,140216,190339.0551602447,321442.9841634861,599817
pcb3038_n9111_uncorr-similar-weights_01.ttp:,275.0,831719.0,719534.0,140272,189653.80644142197,321261.00647301384,599781
pcb3038_n9111_uncorr-similar-weights_01.ttp:,309.0,831685.0,721393.0,140216,190625.96545174063,321078.47255134466,599821
pcb3038_n9111_uncorr-similar-weights_01.ttp:,271.0,831723.0,720383.0,140140,190056.19489202442,321264.9907267487,600024
pcb3038_n9111_uncorr-similar-weights_01.ttp:,264.0,831730.0,720897.0,140265,189737.65873848254,322447.91664918663,600024
pcb3038_n9111_uncorr-similar-weights_01.ttp:,352.0,831642.0,720981.0,140269,190066.55129780562,321841.2422746082,599788
pcb3038_n9111_uncorr-similar-weights_01.ttp:,302.0,831692.0,723144.0,140246,190202.54946175741,323718.64613030944,599812
pcb3038_n9111_uncorr-similar-weights_01.ttp:,286.0,831708.0,721281.0,140111,189975.43497114434,322332.5865605969,599832
pcb3038_n9111_uncorr-similar-weights_01.ttp:,282.0,831712.0,720420.0,140164,189735.75258016176,321974.9195816603,599810
pcb3038_n9111_uncorr-similar-weights_01.ttp:,269.0,831725.0,721076.0,140210,189902.14205472916,322281.50168506877,599813
pcb3038_n9111_uncorr-similar-weights_01.ttp:,233.0,831761.0,721046.0,140125,191017.20609682993,319909.8671966571,600024
pcb3038_n9111_uncorr-similar-weights_01.ttp:,261.0,831733.0,719519.0,139990,189819.16279542472,320898.75812960806,599784
pcb3038_n9111_uncorr-similar-weights_01.ttp:,319.0,831675.0,722479.0,140292,191166.78292533947,321028.7558567871,599839
pcb3038_n9111_uncorr-similar-weights_01.ttp:,413.0,831581.0,722752.0,140227,190323.36569400446,323072.93204259063,599809
pcb3038_n9111_uncorr-similar-weights_01.ttp:,336.0,831658.0,720266.0,140188,189811.0953073452,321662.69985457504,599819
pcb3038_n9111_uncorr-similar-weights_01.ttp:,259.0,831735.0,720272.0,140105,190344.9713635239,320547.5601365998,599792
pcb3038_n9111_uncorr-similar-weights_01.ttp:,305.0,831689.0,720265.0,139995,189960.7984183278,321347.3233215116,599838
pcb3038_n9111_uncorr-similar-weights_01.ttp:,299.0,831695.0,721307.0,140170,189793.00256359775,322741.6946164447,600023
RESULTS,FOR,heuristics,:,28
pcb3038_n9111_uncorr-similar-weights_01.ttp:,277.0,831717.0,720508.0,140177,189776.83880529035,321976.63850889023,600023
pcb3038_n9111_uncorr-similar-weights_01.ttp:,321.0,831673.0,720911.0,140222,189380.7136718543,323211.501289106,600026
pcb3038_n9111_uncorr-similar-weights_01.ttp:,335.0,831659.0,723593.0,140252,190186.133897711,324202.11881480686,599794
pcb3038_n9111_uncorr-similar-weights_01.ttp:,327.0,831667.0,720897.0,140176,190423.47698433726,321007.69833289174,599805
pcb3038_n9111_uncorr-similar-weights_01.ttp:,315.0,831679.0,719793.0,140198,189628.01759197502,321574.16305685247,600023
pcb3038_n9111_uncorr-similar-weights_01.ttp:,324.0,831670.0,721275.0,140022,189624.97663096013,323062.54907498375,599800
pcb3038_n9111_uncorr-similar-weights_01.ttp:,331.0,831663.0,721407.0,139984,191148.17747099622,319995.82731090795,599796
pcb3038_n9111_uncorr-similar-weights_01.ttp:,287.0,831707.0,722267.0,140307,190204.34827375007,322837.8686251248,600023
pcb3038_n9111_uncorr-similar-weights_01.ttp:,355.0,831639.0,722867.0,140077,190347.50623396723,323137.2369086688,599802
pcb3038_n9111_uncorr-similar-weights_01.ttp:,387.0,831607.0,719769.0,140102,189649.26545561248,321505.54254321376,600024
pcb3038_n9111_uncorr-similar-weights_01.ttp:,282.0,831712.0,720167.0,140108,189517.28143750477,322180.70898123994,600024
pcb3038_n9111_uncorr-similar-weights_01.ttp:,236.0,831758.0,721602.0,140283,190668.74877586003,321197.6275706939,599845
pcb3038_n9111_uncorr-similar-weights_01.ttp:,315.0,831679.0,718631.0,140033,188629.28674591912,322509.4978335698,599799
pcb3038_n9111_uncorr-similar-weights_01.ttp:,244.0,831750.0,720881.0,140272,189843.51849674457,322209.6111568364,600024
pcb3038_n9111_uncorr-similar-weights_01.ttp:,272.0,831722.0,722026.0,140382,191003.6976465304,320918.23494228616,599817
pcb3038_n9111_uncorr-similar-weights_01.ttp:,284.0,831710.0,720053.0,140260,188876.38784540218,323412.5855246554,600025
pcb3038_n9111_uncorr-similar-weights_01.ttp:,208.0,831786.0,719884.0,140059,189799.42766033424,321305.20191329805,599804
pcb3038_n9111_uncorr-similar-weights_01.ttp:,223.0,831771.0,719623.0,139946,189743.60152600627,321161.43679538684,599839
pcb3038_n9111_uncorr-similar-weights_01.ttp:,250.0,831744.0,720032.0,140259,190045.1529761054,320937.17875017866,599828
pcb3038_n9111_uncorr-similar-weights_01.ttp:,322.0,831672.0,723124.0,140215,190348.4711064091,323392.2106765409,599823
pcb3038_n9111_uncorr-similar-weights_01.ttp:,305.0,831689.0,722965.0,140139,190427.51856989667,323067.211003217,600025
pcb3038_n9111_uncorr-similar-weights_01.ttp:,330.0,831664.0,720108.0,140200,190032.11741252852,321040.5534336901,600024
pcb3038_n9111_uncorr-similar-weights_01.ttp:,362.0,831632.0,720039.0,140305,190154.62260797498,320714.29252325254,600025
pcb3038_n9111_uncorr-similar-weights_01.ttp:,284.0,831710.0,720196.0,140052,189192.2519898278,322892.27082136157,600025
pcb3038_n9111_uncorr-similar-weights_01.ttp:,276.0,831718.0,721689.0,140121,189917.6277706957,322861.98168153904,599832
pcb3038_n9111_uncorr-similar-weights_01.ttp:,314.0,831680.0,720840.0,140129,189485.9782843366,322919.44560289313,600024
pcb3038_n9111_uncorr-similar-weights_01.ttp:,240.0,831754.0,720563.0,140073,190256.6704969997,321023.9919563006,599798
pcb3038_n9111_uncorr-similar-weights_01.ttp:,280.0,831714.0,724759.0,140165,191457.20639119117,322698.8665784985,599792
pcb3038_n9111_uncorr-similar-weights_01.ttp:,237.0,831757.0,717821.0,139998,187958.33794156858,323108.490322706,599807
pcb3038_n9111_uncorr-similar-weights_01.ttp:,318.0,831676.0,720205.0,140056,189570.23678889373,322107.50274332316,599794
RESULTS,FOR,heuristics,:,29
pcb3038_n9111_uncorr-similar-weights_01.ttp:,367.0,831627.0,714922.0,140189,193566.13106001532,308433.1247739678,600026
pcb3038_n9111_uncorr-similar-weights_01.ttp:,312.0,831682.0,721370.0,140250,192061.6600404857,318040.51391498,601658
pcb3038_n9111_uncorr-similar-weights_01.ttp:,221.0,831773.0,720942.0,140196,189398.80587836343,323204.50765543676,600025
pcb3038_n9111_uncorr-similar-weights_01.ttp:,235.0,831759.0,720101.0,140246,190035.30436711328,321026.8608290621,601488
pcb3038_n9111_uncorr-similar-weights_01.ttp:,337.0,831657.0,718596.0,140133,190447.9867323695,318655.22786202404,601589
pcb3038_n9111_uncorr-similar-weights_01.ttp:,187.0,831807.0,717849.0,140210,190815.556531442,317136.3312839718,601636
pcb3038_n9111_uncorr-similar-weights_01.ttp:,272.0,831722.0,720828.0,140334,192035.329622133,317553.8077935207,601556
pcb3038_n9111_uncorr-similar-weights_01.ttp:,283.0,831711.0,717412.0,140203,191542.42079921166,315172.9163216555,601575
pcb3038_n9111_uncorr-similar-weights_01.ttp:,342.0,831652.0,715469.0,140252,193880.77686329675,308319.36858707684,601534
pcb3038_n9111_uncorr-similar-weights_01.ttp:,345.0,831649.0,712150.0,140141,192218.82346681642,308490.4707196855,601606
pcb3038_n9111_uncorr-similar-weights_01.ttp:,217.0,831777.0,721226.0,140228,190823.88687454409,320495.83756345743,601472
pcb3038_n9111_uncorr-similar-weights_01.ttp:,234.0,831760.0,717190.0,140290,190465.78187816558,317211.85805585224,600024
pcb3038_n9111_uncorr-similar-weights_01.ttp:,228.0,831766.0,717781.0,140043,190585.7398305449,317550.94635585573,601469
pcb3038_n9111_uncorr-similar-weights_01.ttp:,391.0,831603.0,715773.0,140008,192581.9111283539,311350.98663045675,600024
pcb3038_n9111_uncorr-similar-weights_01.ttp:,308.0,831686.0,719136.0,140319,192502.1546110252,314881.47531684703,601510
pcb3038_n9111_uncorr-similar-weights_01.ttp:,294.0,831700.0,714174.0,140055,192350.39086653272,310238.1791802813,601520
pcb3038_n9111_uncorr-similar-weights_01.ttp:,301.0,831693.0,717662.0,140258,192544.88906782726,313317.7329575627,600025
pcb3038_n9111_uncorr-similar-weights_01.ttp:,292.0,831702.0,720792.0,140189,190359.2462044881,321037.58297057496,601585
pcb3038_n9111_uncorr-similar-weights_01.ttp:,272.0,831722.0,718102.0,140271,190735.81148347913,317556.7958846938,601641
pcb3038_n9111_uncorr-similar-weights_01.ttp:,351.0,831643.0,713779.0,140122,193361.66883789326,307719.4954404241,601612
pcb3038_n9111_uncorr-similar-weights_01.ttp:,425.0,831569.0,713728.0,140266,193046.33544495355,308330.6955655975,600025
pcb3038_n9111_uncorr-similar-weights_01.ttp:,376.0,831618.0,714955.0,140309,192685.72827834735,310314.97061547055,601594
pcb3038_n9111_uncorr-similar-weights_01.ttp:,295.0,831699.0,719722.0,140408,191883.82909621773,316765.95889794274,600027
pcb3038_n9111_uncorr-similar-weights_01.ttp:,245.0,831749.0,720246.0,140177,190770.00304167668,319628.99361247895,601607
pcb3038_n9111_uncorr-similar-weights_01.ttp:,297.0,831697.0,719153.0,140200,190369.1407315792,319377.8044636837,601604
pcb3038_n9111_uncorr-similar-weights_01.ttp:,379.0,831615.0,720609.0,140206,193364.93700035138,314542.6322992621,601589
pcb3038_n9111_uncorr-similar-weights_01.ttp:,301.0,831693.0,714447.0,140257,193087.66990904525,308962.893191005,600025
pcb3038_n9111_uncorr-similar-weights_01.ttp:,371.0,831623.0,715666.0,139949,192039.79364345368,312382.43334874726,600025
pcb3038_n9111_uncorr-similar-weights_01.ttp:,339.0,831655.0,718295.0,140077,190869.1732632281,317469.736147221,601503
pcb3038_n9111_uncorr-similar-weights_01.ttp:,364.0,831630.0,717214.0,140049,193038.22842153904,311833.720314768,601613
RESULTS,FOR,heuristics,:,30
pcb3038_n9111_uncorr-similar-weights_01.ttp:,335.0,831659.0,723339.0,140141,190974.02969823388,322293.53763370885,601593
pcb3038_n9111_uncorr-similar-weights_01.ttp:,217.0,831777.0,719726.0,140174,189592.599323607,321581.5414204253,601525
pcb3038_n9111_uncorr-similar-weights_01.ttp:,227.0,831767.0,718492.0,140116,190293.46399913973,318875.72560180654,601545
pcb3038_n9111_uncorr-similar-weights_01.ttp:,273.0,831721.0,718916.0,140208,189856.19260679604,320217.99552572827,601670
pcb3038_n9111_uncorr-similar-weights_01.ttp:,235.0,831759.0,719305.0,140007,190013.43052102934,320276.7959058384,601531
pcb3038_n9111_uncorr-similar-weights_01.ttp:,397.0,831597.0,715842.0,140068,193484.82975414293,309523.8575162998,600024
pcb3038_n9111_uncorr-similar-weights_01.ttp:,176.0,831818.0,720072.0,140134,189436.5210953939,322255.3056996728,600025
pcb3038_n9111_uncorr-similar-weights_01.ttp:,219.0,831775.0,720281.0,140339,192212.82819411458,316634.06079235935,601608
pcb3038_n9111_uncorr-similar-weights_01.ttp:,286.0,831708.0,719767.0,140179,190396.13555737014,319935.1153295227,600025
pcb3038_n9111_uncorr-similar-weights_01.ttp:,225.0,831769.0,716503.0,140178,191407.56600294673,314547.1113938119,601518
pcb3038_n9111_uncorr-similar-weights_01.ttp:,192.0,831802.0,719505.0,140344,189693.69580153114,321148.2388167846,601657
pcb3038_n9111_uncorr-similar-weights_01.ttp:,238.0,831756.0,720147.0,140224,192394.4941395894,316118.56230686227,601578
pcb3038_n9111_uncorr-similar-weights_01.ttp:,280.0,831714.0,718097.0,140121,191442.76473837424,316067.1940494141,601404
pcb3038_n9111_uncorr-similar-weights_01.ttp:,289.0,831705.0,718619.0,139994,194950.71583928293,309222.49673750583,600024
pcb3038_n9111_uncorr-similar-weights_01.ttp:,352.0,831642.0,715852.0,140198,192359.0840084888,311897.9235821735,601557
pcb3038_n9111_uncorr-similar-weights_01.ttp:,295.0,831699.0,716886.0,140137,191508.937948822,314717.2303074738,600024
pcb3038_n9111_uncorr-similar-weights_01.ttp:,403.0,831591.0,718125.0,140275,191730.92025912055,315490.0674558468,600024
pcb3038_n9111_uncorr-similar-weights_01.ttp:,192.0,831802.0,719662.0,140097,191053.70475913986,318449.2200058063,601685
pcb3038_n9111_uncorr-similar-weights_01.ttp:,254.0,831740.0,720547.0,140039,191246.09346403662,318930.2037255231,601568
pcb3038_n9111_uncorr-similar-weights_01.ttp:,308.0,831686.0,713400.0,140367,192827.1395961621,308463.0068480596,600025
pcb3038_n9111_uncorr-similar-weights_01.ttp:,233.0,831761.0,718781.0,140064,191051.3062275062,317573.256922237,601465
pcb3038_n9111_uncorr-similar-weights_01.ttp:,304.0,831690.0,721961.0,140267,190550.460047609,321805.0339000211,601599
pcb3038_n9111_uncorr-similar-weights_01.ttp:,258.0,831736.0,719206.0,140228,190019.14474289017,320165.7960399306,601449
pcb3038_n9111_uncorr-similar-weights_01.ttp:,357.0,831637.0,715064.0,140309,192161.53235276797,311524.78205918724,601529
pcb3038_n9111_uncorr-similar-weights_01.ttp:,316.0,831678.0,718868.0,140289,192383.78808897798,314862.04501314624,600025
pcb3038_n9111_uncorr-similar-weights_01.ttp:,257.0,831737.0,719917.0,140107,191753.17613412635,317235.3301183347,600025
pcb3038_n9111_uncorr-similar-weights_01.ttp:,234.0,831760.0,716602.0,140243,190805.0421667368,315911.41144985275,600024
pcb3038_n9111_uncorr-similar-weights_01.ttp:,234.0,831760.0,720924.0,140066,190809.70268458544,320223.6243623706,601518
pcb3038_n9111_uncorr-similar-weights_01.ttp:,343.0,831651.0,720163.0,140389,191040.3892004632,318978.18267902726,600027
pcb3038_n9111_uncorr-similar-weights_01.ttp:,328.0,831666.0,716609.0,140327,193994.58523102282,309220.3710148521,601741
