Enter TTP instance file:
RESULTS FOR heuristics : 20
rl11849_n11848_uncorr_01.ttp: 0.0 537079.0 1842624.0 929402 1359572.4613101454 659795.9586601735 29924
rl11849_n11848_uncorr_01.ttp: 19775.0 517304.0 1833440.0 928073 1358654.859451434 651410.2722772523 44981
rl11849_n11848_uncorr_01.ttp: 6.0 537073.0 1864682.0 928832 1374057.3520744517 669252.1036952271 43941
rl11849_n11848_uncorr_01.ttp: 20252.0 516827.0 1822987.0 927594 1343204.7352631534 654398.8803210566 43207
rl11849_n11848_uncorr_01.ttp: 18525.0 518554.0 1828766.0 927650 1352987.0021711974 651667.3081110583 43956
rl11849_n11848_uncorr_01.ttp: 21941.0 515138.0 1826499.0 929869 1347357.1821200035 654298.251555597 45351
rl11849_n11848_uncorr_01.ttp: 19262.0 517817.0 1821707.0 928621 1341061.2113595144 654983.7461172226 46163
rl11849_n11848_uncorr_01.ttp: 22606.0 514473.0 1823580.0 928359 1343653.828943898 654601.1688188089 43538
rl11849_n11848_uncorr_01.ttp: 17947.0 519132.0 1825975.0 927273 1346237.691664797 654748.2082516267 41049
rl11849_n11848_uncorr_01.ttp: 19323.0 517756.0 1838739.0 927692 1351791.7983005675 662680.1354785063 42592
rl11849_n11848_uncorr_01.ttp: 19026.0 518053.0 1818539.0 930001 1351758.602368343 642509.0159395416 45100
rl11849_n11848_uncorr_01.ttp: 7.0 537072.0 1835828.0 928215 1356726.0945582832 655476.2977342936 43564
rl11849_n11848_uncorr_01.ttp: 20303.0 516776.0 1832137.0 929610 1355585.6316821855 652777.5004364986 43913
rl11849_n11848_uncorr_01.ttp: 20096.0 516983.0 1828946.0 928821 1342226.2463583206 661209.165668261 45131
rl11849_n11848_uncorr_01.ttp: 2.0 537077.0 1840113.0 927582 1347875.2889469182 667461.4986161811 41589
rl11849_n11848_uncorr_01.ttp: 18611.0 518468.0 1830756.0 929398 1351686.6681214955 654788.598734299 43394
rl11849_n11848_uncorr_01.ttp: 7.0 537072.0 1838594.0 928394 1355725.5373384329 659112.7825155635 42850
rl11849_n11848_uncorr_01.ttp: 9.0 537070.0 1851422.0 930533 1353961.5877407817 673475.4186655199 43688
rl11849_n11848_uncorr_01.ttp: 18531.0 518548.0 1838728.0 928206 1360279.6640273593 655284.6922961974 43814
rl11849_n11848_uncorr_01.ttp: 3.0 537076.0 1844332.0 927818 1367998.3155471967 654173.465473939 42078
rl11849_n11848_uncorr_01.ttp: 22690.0 514389.0 1829348.0 929013 1365790.0013375029 641110.6988363725 44118
rl11849_n11848_uncorr_01.ttp: 18602.0 518477.0 1819647.0 927888 1339760.3810675535 654055.4684712284 41956
rl11849_n11848_uncorr_01.ttp: 18216.0 518863.0 1828152.0 928406 1348460.2110127069 654991.6164189451 43123
rl11849_n11848_uncorr_01.ttp: 19664.0 517415.0 1836599.0 928192 1364121.8321444602 649813.0060343198 42075
rl11849_n11848_uncorr_01.ttp: 1.0 537078.0 1850477.0 928179 1368686.417140431 659719.8170878249 44977
rl11849_n11848_uncorr_01.ttp: 19902.0 517177.0 1826844.0 928276 1347667.2645493455 654373.4798420693 44793
rl11849_n11848_uncorr_01.ttp: 17515.0 519564.0 1832330.0 929150 1349552.1269292103 658219.6495715871 45074
rl11849_n11848_uncorr_01.ttp: 21106.0 515973.0 1828198.0 928254 1339561.8967140305 662779.1498587935 43534
rl11849_n11848_uncorr_01.ttp: 20054.0 517025.0 1835819.0 929675 1356466.3808836117 655693.2486312578 43462
rl11849_n11848_uncorr_01.ttp: 0.0 537079.0 1833165.0 927386 1357043.8405267047 652536.858741767 41542
RESULTS FOR heuristics : 21
rl11849_n11848_uncorr_01.ttp: 15511.0 521568.0 1818524.0 928027 1338905.8767212515 653675.8872525112 264589
rl11849_n11848_uncorr_01.ttp: 14813.0 522266.0 1821161.0 928374 1342806.3234440575 652919.4986036699 365716
rl11849_n11848_uncorr_01.ttp: 8580.0 528499.0 1829257.0 928496 1339123.4708195347 664219.5803870049 267742
rl11849_n11848_uncorr_01.ttp: 20304.0 516775.0 1819826.0 928057 1336660.066508749 656931.7421373883 264469
rl11849_n11848_uncorr_01.ttp: 16388.0 520691.0 1830738.0 928306 1339539.7597672334 665338.4090025069 264368
rl11849_n11848_uncorr_01.ttp: 12545.0 524534.0 1825080.0 929248 1341554.8530100093 657927.2778812919 325998
rl11849_n11848_uncorr_01.ttp: 18520.0 518559.0 1814588.0 928006 1339876.619991657 648895.3406072583 311081
rl11849_n11848_uncorr_01.ttp: 15771.0 521308.0 1822282.0 929051 1340148.4856661116 656352.817470483 310149
rl11849_n11848_uncorr_01.ttp: 19152.0 517927.0 1818613.0 927721 1340854.4288052188 652069.6469394597 307690
rl11849_n11848_uncorr_01.ttp: 14130.0 522949.0 1835354.0 927999 1334776.5440147961 674098.4067071273 267154
rl11849_n11848_uncorr_01.ttp: 22607.0 514472.0 1806788.0 929440 1346136.441614323 635649.2957955389 328637
rl11849_n11848_uncorr_01.ttp: 17155.0 519924.0 1818675.0 927486 1337834.3836262436 654759.086245168 249360
rl11849_n11848_uncorr_01.ttp: 21741.0 515338.0 1816646.0 927144 1337246.8517861464 653241.2389460527 247656
rl11849_n11848_uncorr_01.ttp: 20684.0 516395.0 1812973.0 928396 1344483.044710864 643272.7511015483 248634
rl11849_n11848_uncorr_01.ttp: 14931.0 522148.0 1833954.0 927403 1340400.85730202 667805.2541472425 370869
rl11849_n11848_uncorr_01.ttp: 11339.0 525740.0 1824257.0 927991 1342249.0775663843 656500.3025172455 369357
rl11849_n11848_uncorr_01.ttp: 14997.0 522082.0 1838183.0 927607 1336537.0101962916 675395.8011292263 232328
rl11849_n11848_uncorr_01.ttp: 16266.0 520813.0 1823754.0 928513 1340834.39615413 657228.0753459069 188187
rl11849_n11848_uncorr_01.ttp: 15927.0 521152.0 1825405.0 927966 1340567.6433699566 659111.1502681377 289401
rl11849_n11848_uncorr_01.ttp: 17432.0 519647.0 1821752.0 927198 1340980.8422698658 655098.6672252167 266157
rl11849_n11848_uncorr_01.ttp: 12407.0 524672.0 1834922.0 927812 1337084.8203123754 671658.2063282335 349385
rl11849_n11848_uncorr_01.ttp: 17069.0 520010.0 1822604.0 928913 1343222.625416047 654000.3158880391 166214
rl11849_n11848_uncorr_01.ttp: 23035.0 514044.0 1821748.0 927932 1345988.795545739 650737.7478752071 227779
rl11849_n11848_uncorr_01.ttp: 18119.0 518960.0 1824211.0 928713 1340527.0756034493 657952.444224999 268600
rl11849_n11848_uncorr_01.ttp: 16293.0 520786.0 1827117.0 927572 1341780.208908795 659768.2182493485 288300
rl11849_n11848_uncorr_01.ttp: 13650.0 523429.0 1822271.0 927771 1339446.6496558858 656952.4147993794 389355
rl11849_n11848_uncorr_01.ttp: 8668.0 528411.0 1824865.0 928610 1333897.935859732 664373.795802033 349731
rl11849_n11848_uncorr_01.ttp: 17462.0 519617.0 1818883.0 927940 1336926.0453287328 655757.3405640025 328801
rl11849_n11848_uncorr_01.ttp: 15334.0 521745.0 1820001.0 928238 1339526.971799779 654612.5345341922 289338
rl11849_n11848_uncorr_01.ttp: 15169.0 521910.0 1837906.0 929252 1337604.6464576907 674189.957581809 389479
RESULTS FOR heuristics : 22
rl11849_n11848_uncorr_01.ttp: 15031.0 522048.0 1821440.0 928571 1339374.6447953577 656184.0590280388 599801
rl11849_n11848_uncorr_01.ttp: 16636.0 520443.0 1816344.0 928177 1340791.0812533065 649855.7593096234 599801
rl11849_n11848_uncorr_01.ttp: 12163.0 524916.0 1827660.0 928706 1340024.2458635042 661838.9060987514 599814
rl11849_n11848_uncorr_01.ttp: 17288.0 519791.0 1814622.0 928799 1336630.0834792703 651753.8273730348 599805
rl11849_n11848_uncorr_01.ttp: 17699.0 519380.0 1836238.0 927623 1337135.1611446734 672930.4098041342 599815
rl11849_n11848_uncorr_01.ttp: 11473.0 525606.0 1837003.0 927891 1338287.6276056457 672692.7639830883 599808
rl11849_n11848_uncorr_01.ttp: 20331.0 516748.0 1813377.0 928095 1340640.9388073734 647019.3832375852 599806
rl11849_n11848_uncorr_01.ttp: 19011.0 518068.0 1813260.0 927649 1340898.8151645772 646678.0308068178 599794
rl11849_n11848_uncorr_01.ttp: 14043.0 523036.0 1829300.0 929066 1339101.2633931253 664281.900847981 599813
rl11849_n11848_uncorr_01.ttp: 15726.0 521353.0 1821841.0 927942 1339290.3379731427 656658.4059633659 599818
rl11849_n11848_uncorr_01.ttp: 13283.0 523796.0 1828194.0 927477 1335761.5595719817 666081.4431723759 599790
rl11849_n11848_uncorr_01.ttp: 16849.0 520230.0 1830751.0 928840 1340320.3319650516 664672.3111904052 599806
rl11849_n11848_uncorr_01.ttp: 18984.0 518095.0 1811412.0 928299 1338144.182771645 647226.5609886688 599795
rl11849_n11848_uncorr_01.ttp: 19226.0 517853.0 1821180.0 927763 1340076.226624444 655313.6828367338 599812
rl11849_n11848_uncorr_01.ttp: 12067.0 525012.0 1821398.0 928081 1337621.9837018782 657666.874179366 599797
rl11849_n11848_uncorr_01.ttp: 16506.0 520573.0 1819172.0 928611 1343370.9073856133 650439.3105745164 599796
rl11849_n11848_uncorr_01.ttp: 18936.0 518143.0 1827964.0 928312 1344523.3790556255 658228.6602216058 599812
rl11849_n11848_uncorr_01.ttp: 16051.0 521028.0 1819633.0 928443 1343906.5886999457 650434.2678310473 599803
rl11849_n11848_uncorr_01.ttp: 18388.0 518691.0 1815030.0 929993 1341991.4836427453 647497.4092308115 599804
rl11849_n11848_uncorr_01.ttp: 13787.0 523292.0 1835541.0 929187 1340511.432793709 669296.0534694733 599808
rl11849_n11848_uncorr_01.ttp: 11228.0 525851.0 1834627.0 928129 1338756.1697316708 669909.1323334465 599818
rl11849_n11848_uncorr_01.ttp: 9562.0 527517.0 1831434.0 927743 1340995.5869692646 664767.8393367399 599817
rl11849_n11848_uncorr_01.ttp: 18708.0 518371.0 1813497.0 928404 1339960.9182268772 647731.0011426168 599807
rl11849_n11848_uncorr_01.ttp: 16238.0 520841.0 1832322.0 929360 1339210.3075373315 667209.0324425215 599792
rl11849_n11848_uncorr_01.ttp: 16855.0 520224.0 1823493.0 929531 1339779.65467275 657884.7004347076 599808
rl11849_n11848_uncorr_01.ttp: 11318.0 525761.0 1836315.0 928297 1332635.8099263932 676921.8453640379 599798
rl11849_n11848_uncorr_01.ttp: 19203.0 517876.0 1817090.0 928741 1339484.3539842772 651738.6120336789 599795
rl11849_n11848_uncorr_01.ttp: 22845.0 514234.0 1809376.0 929304 1343166.8112202825 640820.8742383542 599811
rl11849_n11848_uncorr_01.ttp: 18965.0 518114.0 1818255.0 928774 1343485.8278333347 649422.3297849989 599801
rl11849_n11848_uncorr_01.ttp: 17670.0 519409.0 1837160.0 928215 1338409.8941398826 672743.392098302 599801
RESULTS FOR heuristics : 23
rl11849_n11848_uncorr_01.ttp: 20745.0 516334.0 1840582.0 928847 1358585.6799680125 658612.4584278292 599921
rl11849_n11848_uncorr_01.ttp: 16069.0 521010.0 1834516.0 927968 1345350.378996593 664061.170272964 600284
rl11849_n11848_uncorr_01.ttp: 7.0 537072.0 1857777.0 927805 1361741.6403052255 673061.7729344538 599932
rl11849_n11848_uncorr_01.ttp: 5.0 537074.0 1841475.0 927773 1354710.84640148 662876.5636307125 600225
rl11849_n11848_uncorr_01.ttp: 0.0 537079.0 1841302.0 929377 1357997.339975641 659844.3142211922 599925
rl11849_n11848_uncorr_01.ttp: 20159.0 516920.0 1831624.0 928618 1358538.3031704372 649695.6762417196 599821
rl11849_n11848_uncorr_01.ttp: 12.0 537067.0 1853492.0 927811 1371858.2316402697 659975.3384729654 599970
rl11849_n11848_uncorr_01.ttp: 20076.0 517003.0 1830704.0 928639 1349350.8568167947 656768.7545693887 600051
rl11849_n11848_uncorr_01.ttp: 23594.0 513485.0 1829340.0 929460 1349040.1410675186 655675.0772712587 599858
rl11849_n11848_uncorr_01.ttp: 20934.0 516145.0 1821314.0 928572 1341169.801112479 654496.2730321432 599810
rl11849_n11848_uncorr_01.ttp: 18663.0 518416.0 1838826.0 928316 1357250.4476700977 658018.1105270151 600116
rl11849_n11848_uncorr_01.ttp: 17086.0 519993.0 1828660.0 927799 1334324.011417441 667798.1100668262 600005
rl11849_n11848_uncorr_01.ttp: 5.0 537074.0 1844697.0 927432 1357245.3829644949 663893.5168208894 599927
rl11849_n11848_uncorr_01.ttp: 4.0 537075.0 1844283.0 927126 1355176.2313472703 665279.6787278748 600020
rl11849_n11848_uncorr_01.ttp: 23234.0 513845.0 1823984.0 928946 1356108.7118968456 644169.4206497443 600231
rl11849_n11848_uncorr_01.ttp: 1.0 537078.0 1833949.0 927933 1348799.2407888127 660493.6605137328 599852
rl11849_n11848_uncorr_01.ttp: 20136.0 516943.0 1825016.0 928872 1350040.184713265 650481.0392994594 599992
rl11849_n11848_uncorr_01.ttp: 20229.0 516850.0 1842987.0 927627 1353030.3315023344 665850.6115929689 600256
rl11849_n11848_uncorr_01.ttp: 24429.0 512650.0 1826272.0 929240 1362003.7817072938 641328.7099146545 599832
rl11849_n11848_uncorr_01.ttp: 8.0 537071.0 1844159.0 927136 1355689.8199006885 664708.856686401 599866
rl11849_n11848_uncorr_01.ttp: 24118.0 512961.0 1819629.0 929083 1344971.5957639734 649503.7116853432 600013
rl11849_n11848_uncorr_01.ttp: 0.0 537079.0 1852380.0 928044 1368968.7146291274 661377.2182726592 599958
rl11849_n11848_uncorr_01.ttp: 3.0 537076.0 1838300.0 928027 1369431.2353014615 646894.8252877286 600283
rl11849_n11848_uncorr_01.ttp: 10.0 537069.0 1850950.0 929544 1359918.5565611233 667820.8557918228 600123
rl11849_n11848_uncorr_01.ttp: 18807.0 518272.0 1829862.0 929573 1356390.926006224 649801.894374585 599966
rl11849_n11848_uncorr_01.ttp: 24710.0 512369.0 1831092.0 928106 1351021.8722261745 655702.9711632282 599995
rl11849_n11848_uncorr_01.ttp: 21557.0 515522.0 1836900.0 929576 1367047.6253072054 647568.5659827313 599970
rl11849_n11848_uncorr_01.ttp: 1.0 537078.0 1849926.0 929060 1375193.2927019058 653507.8353493419 600324
rl11849_n11848_uncorr_01.ttp: 17680.0 519399.0 1842286.0 928234 1350119.3197485334 667682.1918187758 599894
rl11849_n11848_uncorr_01.ttp: 22410.0 514669.0 1821591.0 929082 1344669.0443721805 651728.9313962029 599980
RESULTS FOR heuristics : 24
rl11849_n11848_uncorr_01.ttp: 0.0 537079.0 1854711.0 927875 1348281.3797367157 681706.1996290574 576636
rl11849_n11848_uncorr_01.ttp: 6.0 537073.0 1860523.0 927115 1364046.1107997005 673802.8836042606 575459
rl11849_n11848_uncorr_01.ttp: 4.0 537075.0 1847246.0 927694 1352979.0520381357 670154.224726822 557600
rl11849_n11848_uncorr_01.ttp: 3.0 537076.0 1847605.0 928246 1348186.6724789585 674682.5949433062 574565
rl11849_n11848_uncorr_01.ttp: 3.0 537076.0 1846800.0 928161 1351809.2765294577 670725.9294193718 579725
rl11849_n11848_uncorr_01.ttp: 4.0 537075.0 1850362.0 928167 1352680.9585815058 673529.56603409 573856
rl11849_n11848_uncorr_01.ttp: 0.0 537079.0 1854208.0 929165 1351122.9489711102 678731.0343951341 572553
rl11849_n11848_uncorr_01.ttp: 0.0 537079.0 1854218.0 927916 1353665.1924551288 676529.282564038 575741
rl11849_n11848_uncorr_01.ttp: 20157.0 516922.0 1828992.0 927540 1337067.4817354516 665743.290890157 575596
rl11849_n11848_uncorr_01.ttp: 2.0 537077.0 1856161.0 927107 1360746.4744529836 672311.5672259042 568398
rl11849_n11848_uncorr_01.ttp: 20006.0 517073.0 1837939.0 927984 1342899.8720889387 669616.1112826234 569453
rl11849_n11848_uncorr_01.ttp: 5.0 537074.0 1847799.0 928359 1347595.9305955195 675390.5403818979 572061
rl11849_n11848_uncorr_01.ttp: 7.0 537072.0 1864720.0 928551 1359533.5132034777 681925.8435129744 572030
rl11849_n11848_uncorr_01.ttp: 9.0 537070.0 1857957.0 927790 1362244.1276535322 672804.608941427 574556
rl11849_n11848_uncorr_01.ttp: 0.0 537079.0 1849914.0 928253 1354713.624338242 671313.1468257294 555966
rl11849_n11848_uncorr_01.ttp: 17197.0 519882.0 1842758.0 928763 1347619.8836066285 670328.7012622333 562136
rl11849_n11848_uncorr_01.ttp: 3.0 537076.0 1845118.0 928232 1346254.7376537502 673876.3782412373 554866
rl11849_n11848_uncorr_01.ttp: 8.0 537071.0 1858985.0 927654 1370111.8358747433 666987.7027889732 575081
rl11849_n11848_uncorr_01.ttp: 5.0 537074.0 1852831.0 927927 1358669.7545290398 670788.3135597354 556772
rl11849_n11848_uncorr_01.ttp: 18171.0 518908.0 1838520.0 928888 1332057.0192564565 679630.3932468828 557607
rl11849_n11848_uncorr_01.ttp: 2.0 537077.0 1856615.0 928193 1357882.0633054303 675257.6049242755 566470
rl11849_n11848_uncorr_01.ttp: 3.0 537076.0 1848398.0 928576 1346167.1966164804 677232.5389436621 560808
rl11849_n11848_uncorr_01.ttp: 9.0 537070.0 1845231.0 928151 1354280.4209091838 667007.0338090102 568647
rl11849_n11848_uncorr_01.ttp: 1.0 537078.0 1858182.0 927405 1358931.284568507 675911.7824253989 558376
rl11849_n11848_uncorr_01.ttp: 1.0 537078.0 1857799.0 928954 1355354.9462234734 678640.196785578 561961
rl11849_n11848_uncorr_01.ttp: 4.0 537075.0 1851252.0 928082 1358478.3388737077 669375.8451798742 557663
rl11849_n11848_uncorr_01.ttp: 12.0 537067.0 1854974.0 929175 1361050.3747983752 670860.1739254135 554003
rl11849_n11848_uncorr_01.ttp: 7.0 537072.0 1850167.0 928700 1359310.0943465985 667567.2179184593 560026
rl11849_n11848_uncorr_01.ttp: 11.0 537068.0 1850497.0 929173 1354095.5931193926 672433.8339861284 569358
rl11849_n11848_uncorr_01.ttp: 4.0 537075.0 1857042.0 927228 1353076.2413990353 679865.6699828394 572269
RESULTS FOR heuristics : 25
rl11849_n11848_uncorr_01.ttp: 17874.0 519205.0 1829747.0 927673 1342974.7662066668 661358.9534001998 599996
rl11849_n11848_uncorr_01.ttp: 15949.0 521130.0 1835897.0 928997 1342946.765489455 667533.3140241741 600189
rl11849_n11848_uncorr_01.ttp: 20183.0 516896.0 1824312.0 928358 1343858.867587904 655154.7851985234 600053
rl11849_n11848_uncorr_01.ttp: 19362.0 517717.0 1825886.0 926937 1341249.9357160805 658998.55592701 599990
rl11849_n11848_uncorr_01.ttp: 19864.0 517215.0 1832238.0 928654 1344687.7173881063 662359.6858723476 600019
rl11849_n11848_uncorr_01.ttp: 22639.0 514440.0 1835316.0 928205 1348701.884897916 661945.360138813 600033
rl11849_n11848_uncorr_01.ttp: 19393.0 517686.0 1832857.0 928387 1342022.5059513336 665297.4198223399 600001
rl11849_n11848_uncorr_01.ttp: 24124.0 512955.0 1831752.0 927408 1349158.5054107052 657984.1002926864 599992
rl11849_n11848_uncorr_01.ttp: 23214.0 513865.0 1819304.0 927188 1346360.6346229452 647970.2478780376 600012
rl11849_n11848_uncorr_01.ttp: 17817.0 519262.0 1844336.0 928954 1347311.1064365148 672175.3374002322 600136
rl11849_n11848_uncorr_01.ttp: 14919.0 522160.0 1830896.0 927516 1336176.5742210224 668422.3804277105 600180
rl11849_n11848_uncorr_01.ttp: 20386.0 516693.0 1828774.0 928704 1347007.0711617675 656877.8480892624 599993
rl11849_n11848_uncorr_01.ttp: 20260.0 516819.0 1823177.0 928762 1349966.8377115058 648705.8511909898 600013
rl11849_n11848_uncorr_01.ttp: 20323.0 516756.0 1830394.0 927898 1349264.6883137913 656533.7211670016 600054
rl11849_n11848_uncorr_01.ttp: 25601.0 511478.0 1829442.0 928378 1352158.4349894258 653064.1615591994 600224
rl11849_n11848_uncorr_01.ttp: 19353.0 517726.0 1829647.0 927577 1347989.0567927798 656896.5205902816 600187
rl11849_n11848_uncorr_01.ttp: 25183.0 511896.0 1829298.0 927607 1349924.0023828212 654864.1179269457 600008
rl11849_n11848_uncorr_01.ttp: 16919.0 520160.0 1827462.0 928027 1339638.9425045645 661976.1200210289 600004
rl11849_n11848_uncorr_01.ttp: 26075.0 511004.0 1830514.0 929278 1349419.1138786993 656519.3709255317 600013
rl11849_n11848_uncorr_01.ttp: 24933.0 512146.0 1818490.0 928000 1342712.3973427883 650330.2143117741 600022
rl11849_n11848_uncorr_01.ttp: 21684.0 515395.0 1824452.0 928779 1348168.856363515 651545.094963742 600036
rl11849_n11848_uncorr_01.ttp: 17196.0 519883.0 1842454.0 928882 1352816.9934824028 665503.2156703095 599998
rl11849_n11848_uncorr_01.ttp: 17875.0 519204.0 1832437.0 928528 1349990.682367119 657945.1063406065 600017
rl11849_n11848_uncorr_01.ttp: 13640.0 523439.0 1838474.0 929221 1349034.1976511078 664814.2480435362 600012
rl11849_n11848_uncorr_01.ttp: 23703.0 513376.0 1815551.0 927942 1343509.4306042814 646697.7953742752 600182
rl11849_n11848_uncorr_01.ttp: 22924.0 514155.0 1832699.0 927799 1349751.208912486 658415.4482461372 600013
rl11849_n11848_uncorr_01.ttp: 19401.0 517678.0 1824152.0 928453 1342622.8547421312 656070.116374346 600201
rl11849_n11848_uncorr_01.ttp: 23745.0 513334.0 1817408.0 928159 1345287.179319727 647008.1539918375 600002
rl11849_n11848_uncorr_01.ttp: 12907.0 524172.0 1831824.0 928045 1348550.922733261 658584.6972220629 600288
rl11849_n11848_uncorr_01.ttp: 21240.0 515839.0 1831841.0 928431 1343877.0907625393 662667.9310365908 600013
RESULTS FOR heuristics : 26
rl11849_n11848_uncorr_01.ttp: 11754.0 525325.0 1831824.0 928455 1339436.7896773806 666513.9929806788 599996
rl11849_n11848_uncorr_01.ttp: 18513.0 518566.0 1815667.0 928356 1341509.6001082144 648553.6479058533 600020
rl11849_n11848_uncorr_01.ttp: 16320.0 520759.0 1839988.0 927817 1335989.374335122 677677.2443284439 600013
rl11849_n11848_uncorr_01.ttp: 10483.0 526596.0 1827460.0 927709 1338964.3871316286 662560.9831954832 600017
rl11849_n11848_uncorr_01.ttp: 17308.0 519771.0 1819881.0 927434 1338490.6450485042 655394.1388078013 600015
rl11849_n11848_uncorr_01.ttp: 21256.0 515823.0 1820600.0 928054 1341774.9210393303 653255.8186957827 600018
rl11849_n11848_uncorr_01.ttp: 19744.0 517335.0 1821225.0 928100 1341290.3711540364 654302.3770959883 600099
rl11849_n11848_uncorr_01.ttp: 16263.0 520816.0 1834884.0 928133 1334886.2490491883 673532.9633272062 600046
rl11849_n11848_uncorr_01.ttp: 14584.0 522495.0 1813108.0 928637 1338755.5852468344 648390.640835254 600435
rl11849_n11848_uncorr_01.ttp: 21635.0 515444.0 1809719.0 928400 1344163.7640266214 640296.5252968394 600013
rl11849_n11848_uncorr_01.ttp: 16517.0 520562.0 1821876.0 928018 1341749.5010656319 654553.9340729003 599997
rl11849_n11848_uncorr_01.ttp: 14074.0 523005.0 1833637.0 928676 1339246.3519566027 668492.6737977557 600013
rl11849_n11848_uncorr_01.ttp: 19931.0 517148.0 1822109.0 928724 1345976.667067463 651109.299651307 600013
rl11849_n11848_uncorr_01.ttp: 15472.0 521607.0 1819507.0 928491 1338766.0780690876 654780.5120798938 599998
rl11849_n11848_uncorr_01.ttp: 18761.0 518318.0 1823841.0 928839 1341773.7798439758 656497.811535741 600021
rl11849_n11848_uncorr_01.ttp: 17850.0 519229.0 1832684.0 929388 1343078.8798363127 664205.3745424079 600013
rl11849_n11848_uncorr_01.ttp: 8538.0 528541.0 1829117.0 927485 1335259.9707195475 667440.8254739938 600004
rl11849_n11848_uncorr_01.ttp: 11224.0 525855.0 1829111.0 928311 1337423.6137287323 665552.4560560028 599990
rl11849_n11848_uncorr_01.ttp: 21268.0 515811.0 1818872.0 927653 1341335.8593938353 651909.8023273633 600078
rl11849_n11848_uncorr_01.ttp: 22456.0 514623.0 1818379.0 927895 1345573.762704128 647729.8264474086 600242
rl11849_n11848_uncorr_01.ttp: 15864.0 521215.0 1830714.0 928058 1341736.7586406819 663403.0199826069 600080
rl11849_n11848_uncorr_01.ttp: 17390.0 519689.0 1826807.0 929029 1341691.6542815608 659535.260775042 600210
rl11849_n11848_uncorr_01.ttp: 13265.0 523814.0 1828431.0 927454 1339776.608816931 662825.3503292701 600406
rl11849_n11848_uncorr_01.ttp: 18618.0 518461.0 1818221.0 929448 1341618.9478343504 651012.515384115 600138
rl11849_n11848_uncorr_01.ttp: 21116.0 515963.0 1822833.0 928568 1343927.3682012407 653616.1896649206 600119
rl11849_n11848_uncorr_01.ttp: 10148.0 526931.0 1838814.0 927882 1335466.5078202933 676958.1381963447 599998
rl11849_n11848_uncorr_01.ttp: 11452.0 525627.0 1821453.0 928432 1341406.80994391 654429.0753487984 600030
rl11849_n11848_uncorr_01.ttp: 18677.0 518402.0 1816603.0 927388 1338685.1043168767 651946.9592443171 600009
rl11849_n11848_uncorr_01.ttp: 15342.0 521737.0 1820419.0 928245 1343738.9352155488 651366.1263624725 599998
rl11849_n11848_uncorr_01.ttp: 17219.0 519860.0 1821507.0 928068 1343421.7795978396 652730.0517498795 600157
RESULTS FOR heuristics : 27
rl11849_n11848_uncorr_01.ttp: 21326.0 515753.0 1837453.0 928064 1344354.0448288538 667864.9809988972 599994
rl11849_n11848_uncorr_01.ttp: 20803.0 516276.0 1827104.0 928228 1342821.884024001 658848.9608991193 600000
rl11849_n11848_uncorr_01.ttp: 24585.0 512494.0 1824704.0 928560 1344152.8918755776 655290.9840682475 600012
rl11849_n11848_uncorr_01.ttp: 16210.0 520869.0 1835196.0 927821 1339604.1551151052 669740.3850498584 600020
rl11849_n11848_uncorr_01.ttp: 23440.0 513639.0 1825187.0 929580 1343001.9237298982 656775.3263549886 600023
rl11849_n11848_uncorr_01.ttp: 25208.0 511871.0 1825737.0 928358 1349220.5438816068 651915.126823002 600062
rl11849_n11848_uncorr_01.ttp: 16312.0 520767.0 1843319.0 928290 1350239.660290443 668610.4955473144 599998
rl11849_n11848_uncorr_01.ttp: 18563.0 518516.0 1834836.0 927529 1341879.2867691163 667401.0205108689 599996
rl11849_n11848_uncorr_01.ttp: 13815.0 523264.0 1833719.0 930124 1340038.07032845 667885.8788142484 600063
rl11849_n11848_uncorr_01.ttp: 19758.0 517321.0 1841719.0 928138 1349643.6283073772 667529.0433725817 600120
rl11849_n11848_uncorr_01.ttp: 21754.0 515325.0 1829585.0 928661 1341101.8974155951 662826.3492484323 600013
rl11849_n11848_uncorr_01.ttp: 16968.0 520111.0 1840778.0 928406 1346369.2327015726 669436.7675496319 600207
rl11849_n11848_uncorr_01.ttp: 18592.0 518487.0 1824890.0 927549 1342366.7244330016 657030.9497432886 600001
rl11849_n11848_uncorr_01.ttp: 21619.0 515460.0 1823004.0 928759 1343306.34189015 654327.4825555696 600017
rl11849_n11848_uncorr_01.ttp: 16952.0 520127.0 1826311.0 929027 1341445.7347743995 659253.2107462725 600268
rl11849_n11848_uncorr_01.ttp: 25816.0 511263.0 1816837.0 928188 1343984.2816908204 647570.6749289862 600255
rl11849_n11848_uncorr_01.ttp: 14906.0 522173.0 1839193.0 928315 1339911.7640868756 673469.7652444183 600141
rl11849_n11848_uncorr_01.ttp: 16278.0 520801.0 1827538.0 928321 1345141.2165493486 657265.1416020668 600091
rl11849_n11848_uncorr_01.ttp: 22429.0 514650.0 1847322.0 928041 1348545.2986727667 674087.590154693 600261
rl11849_n11848_uncorr_01.ttp: 16037.0 521042.0 1838869.0 928926 1340604.5334371396 672543.0559096886 600016
rl11849_n11848_uncorr_01.ttp: 22632.0 514447.0 1838622.0 927361 1339233.354237805 673488.9818131097 600092
rl11849_n11848_uncorr_01.ttp: 11018.0 526061.0 1843104.0 928601 1349218.2079897977 669284.159048876 599991
rl11849_n11848_uncorr_01.ttp: 16617.0 520462.0 1830842.0 928144 1340675.5273911331 664454.2911697142 600015
rl11849_n11848_uncorr_01.ttp: 18109.0 518970.0 1824841.0 928320 1342601.6799930164 656777.5384060757 600122
rl11849_n11848_uncorr_01.ttp: 24270.0 512809.0 1834387.0 929168 1348064.0373159454 661571.2875351275 600152
rl11849_n11848_uncorr_01.ttp: 18056.0 519023.0 1831294.0 928599 1346008.9320877965 660266.229083617 600145
rl11849_n11848_uncorr_01.ttp: 16775.0 520304.0 1841817.0 929308 1345497.2144521347 671234.4234266428 600112
rl11849_n11848_uncorr_01.ttp: 18634.0 518445.0 1830355.0 927773 1347140.580495989 658342.6949684897 600013
rl11849_n11848_uncorr_01.ttp: 21751.0 515328.0 1822059.0 928835 1347592.3824083423 649653.6273047421 600188
rl11849_n11848_uncorr_01.ttp: 17380.0 519699.0 1822288.0 928263 1340211.534066743 656303.9653619337 599996
RESULTS FOR heuristics : 28
rl11849_n11848_uncorr_01.ttp: 14015.0 523064.0 1824369.0 927329 1333274.2636247464 664420.3906464707 600028
rl11849_n11848_uncorr_01.ttp: 15429.0 521650.0 1828107.0 928769 1338219.0523587135 663856.4244479192 599994
rl11849_n11848_uncorr_01.ttp: 11246.0 525833.0 1832786.0 928413 1334729.8034357817 671571.0710108699 600124
rl11849_n11848_uncorr_01.ttp: 17838.0 519241.0 1819613.0 928551 1336709.0847200663 656676.0962935423 599990
rl11849_n11848_uncorr_01.ttp: 16321.0 520758.0 1821835.0 929098 1341079.8664278632 655095.516207759 600495
rl11849_n11848_uncorr_01.ttp: 13545.0 523534.0 1830812.0 927736 1340644.0163167242 664451.70580445 600097
rl11849_n11848_uncorr_01.ttp: 15498.0 521581.0 1830101.0 928191 1338433.264228811 665664.0601209344 600195
rl11849_n11848_uncorr_01.ttp: 14922.0 522157.0 1822168.0 929028 1336800.490303254 659151.573436169 600016
rl11849_n11848_uncorr_01.ttp: 18916.0 518163.0 1820754.0 928530 1337113.1600388195 657465.5507662271 600002
rl11849_n11848_uncorr_01.ttp: 14295.0 522784.0 1827308.0 927320 1337943.3428094962 663297.2917557382 600000
rl11849_n11848_uncorr_01.ttp: 17659.0 519420.0 1828314.0 928051 1339736.5253851048 662743.2229149588 600216
rl11849_n11848_uncorr_01.ttp: 16174.0 520905.0 1822932.0 927186 1339583.670116386 657494.2069987443 599996
rl11849_n11848_uncorr_01.ttp: 20725.0 516354.0 1822201.0 928242 1335602.9186713903 660226.4607558905 600194
rl11849_n11848_uncorr_01.ttp: 15105.0 521974.0 1834944.0 929862 1341688.5374939195 667674.97238029 600002
rl11849_n11848_uncorr_01.ttp: 12893.0 524186.0 1826695.0 929055 1345199.195975242 656371.6995015396 600013
rl11849_n11848_uncorr_01.ttp: 14622.0 522457.0 1822944.0 927785 1337009.899104835 659745.3877787935 600083
rl11849_n11848_uncorr_01.ttp: 15192.0 521887.0 1828555.0 928514 1339751.5879336686 662971.1184977083 600140
rl11849_n11848_uncorr_01.ttp: 14035.0 523044.0 1834517.0 927816 1339780.9853125887 668907.5427780477 600085
rl11849_n11848_uncorr_01.ttp: 14854.0 522225.0 1834519.0 928310 1332953.5472600895 674849.4138837222 600102
rl11849_n11848_uncorr_01.ttp: 15272.0 521807.0 1821219.0 927907 1336320.4424508407 658620.2150677685 599990
rl11849_n11848_uncorr_01.ttp: 16309.0 520770.0 1832831.0 928252 1336569.0810067973 670015.8995240864 600204
rl11849_n11848_uncorr_01.ttp: 12639.0 524440.0 1835816.0 927641 1337805.2703166795 671925.4148244888 599995
rl11849_n11848_uncorr_01.ttp: 16868.0 520211.0 1829193.0 929078 1341018.2303181323 662507.139623225 600563
rl11849_n11848_uncorr_01.ttp: 12017.0 525062.0 1835983.0 929157 1337210.1028529448 672610.210517938 600002
rl11849_n11848_uncorr_01.ttp: 9573.0 527506.0 1832746.0 927185 1341290.0776608626 665823.6324350496 600136
rl11849_n11848_uncorr_01.ttp: 18954.0 518125.0 1820443.0 928270 1343952.6323237463 651204.2098783406 600015
rl11849_n11848_uncorr_01.ttp: 19144.0 517935.0 1817220.0 928473 1339671.0523129867 651706.1844877016 600351
rl11849_n11848_uncorr_01.ttp: 15106.0 521973.0 1837977.0 929103 1340223.5216709557 671982.5361462685 600011
rl11849_n11848_uncorr_01.ttp: 19228.0 517851.0 1829609.0 928297 1337019.4748156178 666402.0569104126 600016
rl11849_n11848_uncorr_01.ttp: 15393.0 521686.0 1824499.0 928356 1342320.2882501092 656680.3492224051 599992
RESULTS FOR heuristics : 29
rl11849_n11848_uncorr_01.ttp: 17801.0 519278.0 1835392.0 928365 1356181.290212109 655514.2775154652 600001
rl11849_n11848_uncorr_01.ttp: 19086.0 517993.0 1829446.0 928077 1340109.476970283 663550.7550358537 600023
rl11849_n11848_uncorr_01.ttp: 21717.0 515362.0 1818311.0 928537 1342262.2115893795 650542.8759172398 599998
rl11849_n11848_uncorr_01.ttp: 19291.0 517788.0 1826142.0 928092 1347307.9333435225 653984.0979911354 600001
rl11849_n11848_uncorr_01.ttp: 24136.0 512943.0 1812776.0 927932 1344542.254913805 643024.2382249895 600013
rl11849_n11848_uncorr_01.ttp: 19475.0 517604.0 1829028.0 928258 1344919.4420515548 658948.0854151472 600224
rl11849_n11848_uncorr_01.ttp: 16451.0 520628.0 1837223.0 927953 1350943.4354667652 661902.2111439144 600013
rl11849_n11848_uncorr_01.ttp: 15373.0 521706.0 1824601.0 928017 1348383.9274113812 651506.9831520985 600013
rl11849_n11848_uncorr_01.ttp: 19712.0 517367.0 1831721.0 928121 1345376.3304572639 661243.5925021805 600079
rl11849_n11848_uncorr_01.ttp: 10426.0 526653.0 1845661.0 928578 1348986.0034949414 672043.176959401 600018
rl11849_n11848_uncorr_01.ttp: 16389.0 520690.0 1834481.0 927989 1345404.811845699 663978.8136942417 599994
rl11849_n11848_uncorr_01.ttp: 18234.0 518845.0 1839235.0 928825 1344691.2656512326 669353.5988834277 600013
rl11849_n11848_uncorr_01.ttp: 20567.0 516512.0 1826160.0 929045 1343043.1256946211 657712.4806456796 600212
rl11849_n11848_uncorr_01.ttp: 19341.0 517738.0 1833445.0 928314 1347666.7995745644 660974.8843701289 600017
rl11849_n11848_uncorr_01.ttp: 23676.0 513403.0 1824222.0 927796 1340629.32338538 657874.4886547194 600209
rl11849_n11848_uncorr_01.ttp: 16283.0 520796.0 1834007.0 927805 1341288.8593777728 667085.6923413377 600013
rl11849_n11848_uncorr_01.ttp: 19264.0 517815.0 1823646.0 928340 1342363.7848142807 655789.5072115758 599997
rl11849_n11848_uncorr_01.ttp: 23215.0 513864.0 1821478.0 929265 1346262.714776213 650229.4381446945 600076
rl11849_n11848_uncorr_01.ttp: 22438.0 514641.0 1827325.0 928220 1341872.9392905463 659895.5428172247 600013
rl11849_n11848_uncorr_01.ttp: 25093.0 511986.0 1824998.0 929644 1351741.0490117704 648983.2873597597 600135
rl11849_n11848_uncorr_01.ttp: 27065.0 510014.0 1832965.0 928502 1349994.2983988612 658469.9603929908 600159
rl11849_n11848_uncorr_01.ttp: 16370.0 520709.0 1829090.0 927881 1339999.8686237393 663290.1142973467 600169
rl11849_n11848_uncorr_01.ttp: 24250.0 512829.0 1821535.0 927335 1341540.0754998769 654395.134315107 600039
rl11849_n11848_uncorr_01.ttp: 16985.0 520094.0 1829754.0 928310 1343049.9008174348 661300.5862888317 600014
rl11849_n11848_uncorr_01.ttp: 17407.0 519672.0 1839307.0 927783 1347565.8689118559 666924.6940466855 600022
rl11849_n11848_uncorr_01.ttp: 17969.0 519110.0 1824116.0 930271 1342307.3322998038 656308.6208991706 600015
rl11849_n11848_uncorr_01.ttp: 14120.0 522959.0 1838423.0 927413 1348652.5225740836 665095.3053605473 600043
rl11849_n11848_uncorr_01.ttp: 15680.0 521399.0 1830760.0 928027 1350160.6347949845 656120.2477283636 600021
rl11849_n11848_uncorr_01.ttp: 16232.0 520847.0 1835840.0 928568 1348030.8421437885 663053.167334904 600227
rl11849_n11848_uncorr_01.ttp: 21826.0 515253.0 1833971.0 929575 1350606.6097728538 658943.2494976171 600213
RESULTS FOR heuristics : 30
rl11849_n11848_uncorr_01.ttp: 18648.0 518431.0 1827395.0 929550 1338062.4006565977 663280.7114287601 600013
rl11849_n11848_uncorr_01.ttp: 14091.0 522988.0 1832387.0 928679 1337987.2283230252 668338.1113589681 600002
rl11849_n11848_uncorr_01.ttp: 13168.0 523911.0 1827424.0 929441 1338876.4509165043 662601.4877026414 600187
rl11849_n11848_uncorr_01.ttp: 16616.0 520463.0 1833275.0 928744 1336824.417155454 670237.7570747552 599998
rl11849_n11848_uncorr_01.ttp: 18501.0 518578.0 1818649.0 927737 1340277.9666787484 652607.1689894889 600013
rl11849_n11848_uncorr_01.ttp: 16157.0 520922.0 1824600.0 928165 1341462.4095602785 657527.7036825577 599994
rl11849_n11848_uncorr_01.ttp: 13487.0 523592.0 1827532.0 928002 1339103.4756543068 662511.976180753 600198
rl11849_n11848_uncorr_01.ttp: 18206.0 518873.0 1820394.0 927523 1340537.6108483293 654126.2785619535 599990
rl11849_n11848_uncorr_01.ttp: 16604.0 520475.0 1836718.0 928950 1335903.2784825496 674482.1477201818 600236
rl11849_n11848_uncorr_01.ttp: 14548.0 522531.0 1833109.0 928762 1340783.9334614302 666626.9778885557 600000
rl11849_n11848_uncorr_01.ttp: 13856.0 523223.0 1834295.0 928357 1335987.5038507925 671985.8716498106 600081
rl11849_n11848_uncorr_01.ttp: 14609.0 522470.0 1833638.0 928588 1341853.9311185372 666225.0799268726 600334
rl11849_n11848_uncorr_01.ttp: 15045.0 522034.0 1820930.0 927647 1337128.1833098603 657628.4805204216 600013
rl11849_n11848_uncorr_01.ttp: 13688.0 523391.0 1833683.0 928419 1338988.0350095471 668763.409541694 600037
rl11849_n11848_uncorr_01.ttp: 16370.0 520709.0 1823130.0 928074 1340993.0069369392 656466.0839648629 600153
rl11849_n11848_uncorr_01.ttp: 20904.0 516175.0 1819701.0 931225 1348447.6532725734 646551.5416528613 599999
rl11849_n11848_uncorr_01.ttp: 15299.0 521780.0 1835464.0 928054 1336875.8365895723 672382.0221670722 600013
rl11849_n11848_uncorr_01.ttp: 12248.0 524831.0 1824107.0 927908 1338968.451144009 659204.4475047123 600182
rl11849_n11848_uncorr_01.ttp: 20583.0 516496.0 1808107.0 929170 1342878.6106591346 639802.6087265529 599991
rl11849_n11848_uncorr_01.ttp: 18744.0 518335.0 1822178.0 928793 1340465.2459585252 655973.236016083 599991
rl11849_n11848_uncorr_01.ttp: 14645.0 522434.0 1819176.0 928016 1342073.6071869286 651571.961747372 599991
rl11849_n11848_uncorr_01.ttp: 13152.0 523927.0 1831946.0 929173 1333658.551983251 671663.0597745716 599991
rl11849_n11848_uncorr_01.ttp: 19055.0 518024.0 1819342.0 928566 1343295.7305354045 650674.7144341981 599991
rl11849_n11848_uncorr_01.ttp: 20427.0 516652.0 1819983.0 928995 1341292.9786275383 653058.1085940418 599991
rl11849_n11848_uncorr_01.ttp: 15196.0 521883.0 1828050.0 929264 1346634.9913709522 656477.5575072716 599991
rl11849_n11848_uncorr_01.ttp: 17962.0 519117.0 1817110.0 929043 1343084.4795912686 648626.5027555963 599991
rl11849_n11848_uncorr_01.ttp: 13511.0 523568.0 1826433.0 929821 1340477.556757092 660217.5256213299 599991
rl11849_n11848_uncorr_01.ttp: 14755.0 522324.0 1815726.0 927896 1339313.1754719024 650523.537339445 599991
rl11849_n11848_uncorr_01.ttp: 20004.0 517075.0 1816162.0 927971 1340867.0745720107 649607.6451223507 599991
rl11849_n11848_uncorr_01.ttp: 14534.0 522545.0 1822708.0 928440 1339004.2072546992 657774.3396884117 599991
