Enter,TTP,instance,file:
RESULTS,FOR,heuristics,:,20
rat783_n7820_uncorr-similar-weights_01.ttp:,974.0,713113.0,611010.0,9257,12621.384733675419,237543.22573054436,970
rat783_n7820_uncorr-similar-weights_01.ttp:,35.0,714052.0,612419.0,9253,12558.934981460716,240800.1138985774,803
rat783_n7820_uncorr-similar-weights_01.ttp:,881.0,713206.0,610499.0,9253,12502.354175334029,240554.33995186607,722
rat783_n7820_uncorr-similar-weights_01.ttp:,21.0,714066.0,609350.0,9252,12740.930924712004,232345.8539377718,637
rat783_n7820_uncorr-similar-weights_01.ttp:,898.0,713189.0,611489.0,9274,12614.78567590771,238217.49184989085,636
rat783_n7820_uncorr-similar-weights_01.ttp:,8.0,714079.0,609075.0,9248,12725.500315347794,232527.44566885877,637
rat783_n7820_uncorr-similar-weights_01.ttp:,9.0,714078.0,609785.0,9251,12747.217281093546,232594.84065244196,658
rat783_n7820_uncorr-similar-weights_01.ttp:,992.0,713095.0,611041.0,9258,12588.867972959562,238536.39668012655,641
rat783_n7820_uncorr-similar-weights_01.ttp:,32.0,714055.0,608901.0,9248,12721.530997597663,232470.89778108516,605
rat783_n7820_uncorr-similar-weights_01.ttp:,986.0,713101.0,608324.0,9277,12675.771178700092,233247.9308222643,690
rat783_n7820_uncorr-similar-weights_01.ttp:,32.0,714055.0,608901.0,9248,12720.859223190717,232490.77558578667,611
rat783_n7820_uncorr-similar-weights_01.ttp:,0.0,714087.0,612265.0,9265,12637.232263759848,238329.29731534608,667
rat783_n7820_uncorr-similar-weights_01.ttp:,39.0,714048.0,608166.0,9278,12709.865760272365,232081.07215354074,647
rat783_n7820_uncorr-similar-weights_01.ttp:,968.0,713119.0,607977.0,9270,12661.712311956286,233316.93268921348,647
rat783_n7820_uncorr-similar-weights_01.ttp:,970.0,713117.0,613140.0,9247,12585.504883316338,240734.91050266958,623
rat783_n7820_uncorr-similar-weights_01.ttp:,967.0,713120.0,610913.0,9273,12746.445006168798,233745.69226746523,665
rat783_n7820_uncorr-similar-weights_01.ttp:,9.0,714078.0,612901.0,9252,12572.307613077688,240886.41772903124,615
rat783_n7820_uncorr-similar-weights_01.ttp:,982.0,713105.0,609004.0,9245,12720.35050560728,232608.82853908057,685
rat783_n7820_uncorr-similar-weights_01.ttp:,944.0,713143.0,607880.0,9257,12634.761847697326,234017.3969266361,662
rat783_n7820_uncorr-similar-weights_01.ttp:,43.0,714044.0,609261.0,9247,12721.512252467513,232831.4524494863,582
rat783_n7820_uncorr-similar-weights_01.ttp:,973.0,713114.0,613337.0,9245,12590.24010580216,240791.79526931408,600
rat783_n7820_uncorr-similar-weights_01.ttp:,922.0,713165.0,610029.0,9269,12656.737774624109,235516.12924887263,642
rat783_n7820_uncorr-similar-weights_01.ttp:,35.0,714052.0,612521.0,9257,12731.630314525364,235792.05899319449,625
rat783_n7820_uncorr-similar-weights_01.ttp:,0.0,714087.0,614913.0,9257,12766.733925145038,237145.34315495833,628
rat783_n7820_uncorr-similar-weights_01.ttp:,7.0,714080.0,607484.0,9252,12629.670638038546,233772.0458204394,609
rat783_n7820_uncorr-similar-weights_01.ttp:,900.0,713187.0,608504.0,9253,12662.056209327715,233833.7567659929,594
rat783_n7820_uncorr-similar-weights_01.ttp:,942.0,713145.0,613902.0,9271,12618.724804075278,240513.9330474125,667
rat783_n7820_uncorr-similar-weights_01.ttp:,3.0,714084.0,610883.0,9256,12579.682600628634,238650.1918473987,649
rat783_n7820_uncorr-similar-weights_01.ttp:,22.0,714065.0,609845.0,9274,12544.269430274499,238660.06755817757,631
rat783_n7820_uncorr-similar-weights_01.ttp:,970.0,713117.0,613140.0,9245,12583.488261802146,240794.58233327453,619
RESULTS,FOR,heuristics,:,21
rat783_n7820_uncorr-similar-weights_01.ttp:,967.0,713120.0,610900.0,9255,12648.289610934678,236637.11041244288,934
rat783_n7820_uncorr-similar-weights_01.ttp:,988.0,713099.0,609114.0,9248,12723.891579477287,232614.04816326709,1252
rat783_n7820_uncorr-similar-weights_01.ttp:,983.0,713104.0,607757.0,9254,12681.78976648067,232502.84080983698,1260
rat783_n7820_uncorr-similar-weights_01.ttp:,963.0,713124.0,610583.0,9249,12729.729825807784,233910.29445434763,1340
rat783_n7820_uncorr-similar-weights_01.ttp:,1.0,714086.0,611787.0,9251,12550.294106350086,240423.79739310098,924
rat783_n7820_uncorr-similar-weights_01.ttp:,979.0,713108.0,610238.0,9254,12707.91727030092,234210.72797179577,1292
rat783_n7820_uncorr-similar-weights_01.ttp:,931.0,713156.0,610141.0,9276,12799.377670118169,231407.41474120336,1330
rat783_n7820_uncorr-similar-weights_01.ttp:,920.0,713167.0,608167.0,9270,12628.42773519379,234491.8233156157,1307
rat783_n7820_uncorr-similar-weights_01.ttp:,917.0,713170.0,608654.0,9262,12714.366684454963,232435.88980697765,1312
rat783_n7820_uncorr-similar-weights_01.ttp:,956.0,713131.0,608388.0,9249,12647.319425593456,234153.81819668965,1272
rat783_n7820_uncorr-similar-weights_01.ttp:,0.0,714087.0,610052.0,9252,12769.767098681612,232194.59155001113,1261
rat783_n7820_uncorr-similar-weights_01.ttp:,993.0,713094.0,607473.0,9253,12465.773459773563,238610.76332530024,901
rat783_n7820_uncorr-similar-weights_01.ttp:,49.0,714038.0,609036.0,9255,12723.07103813261,232560.32798165607,1279
rat783_n7820_uncorr-similar-weights_01.ttp:,985.0,713102.0,608657.0,9245,12701.100850456447,232831.42583499372,1253
rat783_n7820_uncorr-similar-weights_01.ttp:,963.0,713124.0,611565.0,9254,12576.258935555828,239433.49809690303,964
rat783_n7820_uncorr-similar-weights_01.ttp:,960.0,713127.0,611759.0,9252,12575.286121005738,239656.2836794402,914
rat783_n7820_uncorr-similar-weights_01.ttp:,16.0,714071.0,608386.0,9266,12710.149328998157,232292.68135494454,1306
rat783_n7820_uncorr-similar-weights_01.ttp:,982.0,713105.0,614310.0,9248,12663.139376960082,239607.7058357512,969
rat783_n7820_uncorr-similar-weights_01.ttp:,27.0,714060.0,612014.0,9257,12619.315351865249,238608.4587383073,951
rat783_n7820_uncorr-similar-weights_01.ttp:,0.0,714087.0,609270.0,9253,12454.891044419315,240729.77399563248,973
rat783_n7820_uncorr-similar-weights_01.ttp:,3.0,714084.0,610883.0,9256,12579.242588441351,238663.21180802042,955
rat783_n7820_uncorr-similar-weights_01.ttp:,1.0,714086.0,612226.0,9267,12567.540598115564,240352.47370176046,997
rat783_n7820_uncorr-similar-weights_01.ttp:,914.0,713173.0,610053.0,9273,12747.68977716702,232848.8594936279,1316
rat783_n7820_uncorr-similar-weights_01.ttp:,941.0,713146.0,608128.0,9257,12636.197840323324,234222.90590483282,1301
rat783_n7820_uncorr-similar-weights_01.ttp:,6.0,714081.0,608737.0,9252,12735.591088975903,231890.859677203,1272
rat783_n7820_uncorr-similar-weights_01.ttp:,937.0,713150.0,607614.0,9258,12642.95958903823,233508.82576035877,1281
rat783_n7820_uncorr-similar-weights_01.ttp:,938.0,713149.0,610230.0,9272,12747.99640726261,233016.78630909935,1284
rat783_n7820_uncorr-similar-weights_01.ttp:,982.0,713105.0,613715.0,9245,12642.324384896421,239628.62145091488,896
rat783_n7820_uncorr-similar-weights_01.ttp:,1.0,714086.0,612135.0,9257,12725.55235661325,235585.9057678139,1226
rat783_n7820_uncorr-similar-weights_01.ttp:,24.0,714063.0,613123.0,9253,12619.149550294307,239722.36480679148,981
RESULTS,FOR,heuristics,:,22
rat783_n7820_uncorr-similar-weights_01.ttp:,6.0,714081.0,610543.0,9253,12712.693846320366,234374.38908738038,599791
rat783_n7820_uncorr-similar-weights_01.ttp:,27.0,714060.0,609825.0,9253,12697.802042764513,234097.03755459806,599790
rat783_n7820_uncorr-similar-weights_01.ttp:,0.0,714087.0,611273.0,9278,12837.194814646402,231420.40543461294,599790
rat783_n7820_uncorr-similar-weights_01.ttp:,9.0,714078.0,609740.0,9248,12736.318792966984,232872.32691610698,599792
rat783_n7820_uncorr-similar-weights_01.ttp:,956.0,713131.0,612406.0,9258,12728.437854380862,235771.52388887032,599790
rat783_n7820_uncorr-similar-weights_01.ttp:,934.0,713153.0,609024.0,9249,12667.591801004266,234189.95860828378,599791
rat783_n7820_uncorr-similar-weights_01.ttp:,961.0,713126.0,614507.0,9255,12659.307591141176,239918.0883781326,599791
rat783_n7820_uncorr-similar-weights_01.ttp:,938.0,713149.0,609158.0,9249,12657.939257331318,234609.5773755663,599791
rat783_n7820_uncorr-similar-weights_01.ttp:,960.0,713127.0,612900.0,9256,12605.736211495992,239896.26550183358,599791
rat783_n7820_uncorr-similar-weights_01.ttp:,4.0,714083.0,608135.0,9255,12685.056018178751,232784.19242209074,599791
rat783_n7820_uncorr-similar-weights_01.ttp:,946.0,713141.0,610580.0,9255,12704.14879104694,234664.23727292102,599791
rat783_n7820_uncorr-similar-weights_01.ttp:,10.0,714077.0,613458.0,9268,12615.8821298235,240154.04777852265,599791
rat783_n7820_uncorr-similar-weights_01.ttp:,15.0,714072.0,611381.0,9256,12565.760880448852,239560.1355475185,599791
rat783_n7820_uncorr-similar-weights_01.ttp:,4.0,714083.0,609178.0,9270,12713.525094787849,232984.79244522756,599790
rat783_n7820_uncorr-similar-weights_01.ttp:,985.0,713102.0,611332.0,9253,12579.606444646497,239101.44530291017,599790
rat783_n7820_uncorr-similar-weights_01.ttp:,6.0,714081.0,609865.0,9250,12740.539789377843,232872.4276323096,599790
rat783_n7820_uncorr-similar-weights_01.ttp:,883.0,713204.0,610016.0,9254,12575.508187133471,237906.71274272056,599792
rat783_n7820_uncorr-similar-weights_01.ttp:,978.0,713109.0,609225.0,9250,12667.591336826645,234390.9723432996,599792
rat783_n7820_uncorr-similar-weights_01.ttp:,3.0,714084.0,614742.0,9257,12682.98491681991,239452.47631129884,599790
rat783_n7820_uncorr-similar-weights_01.ttp:,4.0,714083.0,608923.0,9252,12721.133409733819,232504.66240597633,599790
rat783_n7820_uncorr-similar-weights_01.ttp:,947.0,713140.0,608748.0,9257,12640.294057291023,234721.69884475862,599792
rat783_n7820_uncorr-similar-weights_01.ttp:,957.0,713130.0,612250.0,9251,12549.014323143623,240924.6661781802,599791
rat783_n7820_uncorr-similar-weights_01.ttp:,0.0,714087.0,613788.0,9254,12640.967970340527,239741.7577576238,599791
rat783_n7820_uncorr-similar-weights_01.ttp:,4.0,714083.0,612852.0,9266,12580.370728217078,240598.83015205665,599792
rat783_n7820_uncorr-similar-weights_01.ttp:,946.0,713141.0,614008.0,9257,12670.026370274116,239101.91970358894,599790
rat783_n7820_uncorr-similar-weights_01.ttp:,13.0,714074.0,611040.0,9256,12552.83454499016,239601.62581374112,599790
rat783_n7820_uncorr-similar-weights_01.ttp:,980.0,713107.0,611948.0,9247,12569.962904558797,240002.79765410518,599790
rat783_n7820_uncorr-similar-weights_01.ttp:,889.0,713198.0,609767.0,9279,12731.831033168555,233032.11972854246,599790
rat783_n7820_uncorr-similar-weights_01.ttp:,909.0,713178.0,609366.0,9249,12673.676193267322,234351.92144121998,599791
rat783_n7820_uncorr-similar-weights_01.ttp:,920.0,713167.0,614199.0,9261,12685.576454929944,238832.79269862297,599792
RESULTS,FOR,heuristics,:,23
rat783_n7820_uncorr-similar-weights_01.ttp:,958.0,713129.0,611841.0,9252,12577.489996966777,239673.07098975306,19227
rat783_n7820_uncorr-similar-weights_01.ttp:,5.0,714082.0,607786.0,9252,12640.776086620594,233745.43559689663,18200
rat783_n7820_uncorr-similar-weights_01.ttp:,933.0,713154.0,609641.0,9275,12787.102639587187,231270.63289461512,18162
rat783_n7820_uncorr-similar-weights_01.ttp:,1.0,714086.0,610873.0,9253,12792.477820501248,232343.58129136806,18415
rat783_n7820_uncorr-similar-weights_01.ttp:,929.0,713158.0,608587.0,9258,12656.748982841858,234073.7975977094,9425
rat783_n7820_uncorr-similar-weights_01.ttp:,973.0,713114.0,611589.0,9254,12655.539299269076,237111.59213462804,18421
rat783_n7820_uncorr-similar-weights_01.ttp:,974.0,713113.0,611010.0,9257,12620.938498069361,237556.4298421276,18264
rat783_n7820_uncorr-similar-weights_01.ttp:,966.0,713121.0,609932.0,9254,12530.895724161734,239142.7955220543,18160
rat783_n7820_uncorr-similar-weights_01.ttp:,8.0,714079.0,612725.0,9249,12614.720627577648,239455.4166299774,18240
rat783_n7820_uncorr-similar-weights_01.ttp:,5.0,714082.0,612753.0,9250,12554.386217934109,241268.7118113297,18291
rat783_n7820_uncorr-similar-weights_01.ttp:,973.0,713114.0,613337.0,9245,12590.24010580216,240791.79526931408,18124
rat783_n7820_uncorr-similar-weights_01.ttp:,969.0,713118.0,611470.0,9274,12581.862114576212,239172.70002968988,18175
rat783_n7820_uncorr-similar-weights_01.ttp:,952.0,713135.0,611938.0,9255,12617.94569813816,238572.9867920918,18185
rat783_n7820_uncorr-similar-weights_01.ttp:,908.0,713179.0,608417.0,9260,12710.844873309681,232303.10019876657,18108
rat783_n7820_uncorr-similar-weights_01.ttp:,35.0,714052.0,611399.0,9254,12718.848958173892,235048.25932763453,17945
rat783_n7820_uncorr-similar-weights_01.ttp:,938.0,713149.0,610928.0,9258,12711.042782556993,234808.24406413856,18234
rat783_n7820_uncorr-similar-weights_01.ttp:,5.0,714082.0,611896.0,9265,12629.767778695563,238181.1714283983,9423
rat783_n7820_uncorr-similar-weights_01.ttp:,948.0,713139.0,610674.0,9274,12756.75285263068,233201.68309065822,18175
rat783_n7820_uncorr-similar-weights_01.ttp:,975.0,713112.0,610917.0,9258,12590.233482498767,238371.9912528615,18217
rat783_n7820_uncorr-similar-weights_01.ttp:,956.0,713131.0,609186.0,9250,12695.229381451476,233534.16260285082,18123
rat783_n7820_uncorr-similar-weights_01.ttp:,964.0,713123.0,609659.0,9260,12735.393536332906,232818.70525990933,9333
rat783_n7820_uncorr-similar-weights_01.ttp:,0.0,714087.0,609825.0,9252,12767.52767845584,232033.85599449172,18008
rat783_n7820_uncorr-similar-weights_01.ttp:,0.0,714087.0,610087.0,9247,12480.238215927784,240796.75119069684,18143
rat783_n7820_uncorr-similar-weights_01.ttp:,938.0,713149.0,609939.0,9249,12708.077001240463,233907.00153329474,18279
rat783_n7820_uncorr-similar-weights_01.ttp:,0.0,714087.0,611157.0,9255,12782.39418812003,232925.95597352833,18198
rat783_n7820_uncorr-similar-weights_01.ttp:,0.0,714087.0,608227.0,9256,12482.648724245011,238865.42424959014,9389
rat783_n7820_uncorr-similar-weights_01.ttp:,80.0,714007.0,609290.0,9260,12678.404806341769,234136.00178034708,17808
rat783_n7820_uncorr-similar-weights_01.ttp:,23.0,714064.0,613099.0,9260,12723.771026891329,236602.61531428556,17821
rat783_n7820_uncorr-similar-weights_01.ttp:,22.0,714065.0,609592.0,9249,12461.239288477478,240863.92945395142,9134
rat783_n7820_uncorr-similar-weights_01.ttp:,4.0,714083.0,613900.0,9255,12662.613405715583,239213.2693248759,17726
RESULTS,FOR,heuristics,:,24
rat783_n7820_uncorr-similar-weights_01.ttp:,958.0,713129.0,613443.0,9248,12575.238724871178,241341.6861310618,599460
rat783_n7820_uncorr-similar-weights_01.ttp:,8.0,714079.0,612897.0,9257,12549.195872155653,241566.29414291424,599305
rat783_n7820_uncorr-similar-weights_01.ttp:,978.0,713109.0,612680.0,9253,12540.188410041763,241615.82494686422,599522
rat783_n7820_uncorr-similar-weights_01.ttp:,958.0,713129.0,613443.0,9248,12575.161874203635,241343.96014231443,599642
rat783_n7820_uncorr-similar-weights_01.ttp:,958.0,713129.0,613443.0,9248,12575.225310860875,241342.08305162675,599637
rat783_n7820_uncorr-similar-weights_01.ttp:,1.0,714086.0,615122.0,9254,12623.984528513733,241578.29780127865,599560
rat783_n7820_uncorr-similar-weights_01.ttp:,978.0,713109.0,612680.0,9253,12540.228118719497,241614.6499670901,599333
rat783_n7820_uncorr-similar-weights_01.ttp:,1.0,714086.0,615122.0,9254,12624.014511647123,241577.41060036165,599617
rat783_n7820_uncorr-similar-weights_01.ttp:,974.0,713113.0,612049.0,9253,12518.847346400582,241616.30702000676,599435
rat783_n7820_uncorr-similar-weights_01.ttp:,958.0,713129.0,613443.0,9248,12575.162034199473,241343.95540803758,599494
rat783_n7820_uncorr-similar-weights_01.ttp:,8.0,714079.0,612897.0,9257,12549.195872155653,241566.29414291424,599384
rat783_n7820_uncorr-similar-weights_01.ttp:,0.0,714087.0,614266.0,9252,12602.88947040502,241346.50057071546,599463
rat783_n7820_uncorr-similar-weights_01.ttp:,1.0,714086.0,615122.0,9254,12624.052324338802,241576.29172281484,599500
rat783_n7820_uncorr-similar-weights_01.ttp:,981.0,713106.0,613553.0,9263,12566.705399226867,241704.18723687704,599518
rat783_n7820_uncorr-similar-weights_01.ttp:,0.0,714087.0,614266.0,9252,12602.995263959712,241343.37013943214,599680
rat783_n7820_uncorr-similar-weights_01.ttp:,958.0,713129.0,613443.0,9248,12575.162034199473,241343.95540803758,599536
rat783_n7820_uncorr-similar-weights_01.ttp:,958.0,713129.0,613443.0,9248,12575.200856038606,241342.80666981766,599425
rat783_n7820_uncorr-similar-weights_01.ttp:,958.0,713129.0,613443.0,9248,12575.22642386327,241342.0501178858,599377
rat783_n7820_uncorr-similar-weights_01.ttp:,978.0,713109.0,612680.0,9253,12540.247240900368,241614.0841417581,599555
rat783_n7820_uncorr-similar-weights_01.ttp:,1.0,714086.0,615122.0,9254,12624.009188365882,241577.56811625353,599438
rat783_n7820_uncorr-similar-weights_01.ttp:,958.0,713129.0,613443.0,9248,12575.201016034443,241342.8019355408,599368
rat783_n7820_uncorr-similar-weights_01.ttp:,978.0,713109.0,612680.0,9253,12540.149031519242,241616.9901573456,599368
rat783_n7820_uncorr-similar-weights_01.ttp:,0.0,714087.0,614266.0,9252,12602.93328522043,241345.2040903275,599512
rat783_n7820_uncorr-similar-weights_01.ttp:,978.0,713109.0,612680.0,9253,12540.185751275229,241615.903619766,599502
rat783_n7820_uncorr-similar-weights_01.ttp:,0.0,714087.0,614266.0,9252,12602.97969957624,241343.83068953903,599414
rat783_n7820_uncorr-similar-weights_01.ttp:,1.0,714086.0,615122.0,9254,12624.009188365882,241577.56811625353,599644
rat783_n7820_uncorr-similar-weights_01.ttp:,958.0,713129.0,613443.0,9248,12575.200856038606,241342.80666981766,599628
rat783_n7820_uncorr-similar-weights_01.ttp:,1.0,714086.0,615122.0,9254,12624.022936888536,241577.16129746824,599442
rat783_n7820_uncorr-similar-weights_01.ttp:,1.0,714086.0,615122.0,9254,12624.052897798967,241576.2747541286,599654
rat783_n7820_uncorr-similar-weights_01.ttp:,8.0,714079.0,613158.0,9254,12550.85183452275,241778.29421647184,599393
RESULTS,FOR,heuristics,:,25
rat783_n7820_uncorr-similar-weights_01.ttp:,30.0,714057.0,609134.0,9245,12718.696013141824,232787.78497113346,18384
rat783_n7820_uncorr-similar-weights_01.ttp:,967.0,713120.0,609313.0,9278,12726.841316107073,232725.76545639173,18344
rat783_n7820_uncorr-similar-weights_01.ttp:,103.0,713984.0,612891.0,9257,12670.760245810257,237963.20432647446,18414
rat783_n7820_uncorr-similar-weights_01.ttp:,946.0,713141.0,610828.0,9275,12762.162126501287,233195.6226768269,18360
rat783_n7820_uncorr-similar-weights_01.ttp:,6.0,714081.0,608300.0,9257,12483.712983416657,238906.9328207011,18307
rat783_n7820_uncorr-similar-weights_01.ttp:,45.0,714042.0,608933.0,9247,12704.768399879169,232998.90304757538,18457
rat783_n7820_uncorr-similar-weights_01.ttp:,950.0,713137.0,609389.0,9250,12678.628086919494,234228.39490805217,18289
rat783_n7820_uncorr-similar-weights_01.ttp:,958.0,713129.0,611841.0,9252,12577.489996966777,239673.07098975306,18449
rat783_n7820_uncorr-similar-weights_01.ttp:,1.0,714086.0,607635.0,9256,12450.798420567842,239215.87473539758,18732
rat783_n7820_uncorr-similar-weights_01.ttp:,893.0,713194.0,607622.0,9285,12599.233278430262,234810.68729124859,18859
rat783_n7820_uncorr-similar-weights_01.ttp:,8.0,714079.0,612725.0,9249,12614.720627577648,239455.4166299774,18831
rat783_n7820_uncorr-similar-weights_01.ttp:,975.0,713112.0,608700.0,9256,12519.143240770303,238258.55150560674,18844
rat783_n7820_uncorr-similar-weights_01.ttp:,983.0,713104.0,611569.0,9256,12593.638740654824,238923.2296640238,18857
rat783_n7820_uncorr-similar-weights_01.ttp:,954.0,713133.0,614056.0,9258,12634.881813452912,240189.84713992832,18681
rat783_n7820_uncorr-similar-weights_01.ttp:,6.0,714081.0,608737.0,9252,12734.699556244612,231917.24013072194,18678
rat783_n7820_uncorr-similar-weights_01.ttp:,17.0,714070.0,612698.0,9270,12643.658045436025,238572.15843554802,18851
rat783_n7820_uncorr-similar-weights_01.ttp:,33.0,714054.0,612107.0,9251,12580.799478124987,239841.14344228164,18628
rat783_n7820_uncorr-similar-weights_01.ttp:,11.0,714076.0,612956.0,9250,12623.066824431147,239439.45266508235,18891
rat783_n7820_uncorr-similar-weights_01.ttp:,44.0,714043.0,610161.0,9253,12700.731111240402,234346.36641839647,18650
rat783_n7820_uncorr-similar-weights_01.ttp:,40.0,714047.0,609913.0,9255,12695.020846015557,234267.33316639968,18795
rat783_n7820_uncorr-similar-weights_01.ttp:,4.0,714083.0,612123.0,9261,12629.638109725873,238412.00833321142,19000
rat783_n7820_uncorr-similar-weights_01.ttp:,982.0,713105.0,609003.0,9255,12515.394721692206,238672.47018512763,18820
rat783_n7820_uncorr-similar-weights_01.ttp:,6.0,714081.0,610822.0,9248,12504.140554929758,240824.48097962845,18722
rat783_n7820_uncorr-similar-weights_01.ttp:,952.0,713135.0,611938.0,9255,12617.890522128006,238574.6194502323,18754
rat783_n7820_uncorr-similar-weights_01.ttp:,987.0,713100.0,612611.0,9258,12645.235444808482,238438.48318811698,18826
rat783_n7820_uncorr-similar-weights_01.ttp:,963.0,713124.0,614146.0,9251,12628.670792489904,240463.63125022373,18752
rat783_n7820_uncorr-similar-weights_01.ttp:,952.0,713135.0,610516.0,9266,12718.281421929,234182.0527251209,18728
rat783_n7820_uncorr-similar-weights_01.ttp:,987.0,713100.0,609514.0,9279,12779.815703682416,231359.25332803733,18743
rat783_n7820_uncorr-similar-weights_01.ttp:,952.0,713135.0,610488.0,9256,12713.532806298454,234294.56426162878,18733
rat783_n7820_uncorr-similar-weights_01.ttp:,966.0,713121.0,609932.0,9254,12530.895724161734,239142.7955220543,19024
RESULTS,FOR,heuristics,:,26
rat783_n7820_uncorr-similar-weights_01.ttp:,12.0,714075.0,608854.0,9256,12492.001035865202,239215.6893487487,24545
rat783_n7820_uncorr-similar-weights_01.ttp:,953.0,713134.0,609657.0,9250,12699.941790828258,233865.72240939183,44059
rat783_n7820_uncorr-similar-weights_01.ttp:,2.0,714085.0,608034.0,9252,12641.893263316118,233960.37833847606,24315
rat783_n7820_uncorr-similar-weights_01.ttp:,42.0,714045.0,608531.0,9270,12702.520754543666,232663.4108730529,24650
rat783_n7820_uncorr-similar-weights_01.ttp:,9.0,714078.0,608240.0,9268,12693.3808625105,232642.86027831433,25502
rat783_n7820_uncorr-similar-weights_01.ttp:,40.0,714047.0,608976.0,9250,12713.610839674497,232780.25525403162,24693
rat783_n7820_uncorr-similar-weights_01.ttp:,0.0,714087.0,605785.0,9248,12607.021710117071,232743.22759763588,24736
rat783_n7820_uncorr-similar-weights_01.ttp:,42.0,714045.0,610026.0,9250,12746.340676297727,232861.77938835026,25936
rat783_n7820_uncorr-similar-weights_01.ttp:,917.0,713170.0,610511.0,9268,12754.522104283455,233104.69093425258,24574
rat783_n7820_uncorr-similar-weights_01.ttp:,978.0,713109.0,608840.0,9250,12711.769834718407,232698.73059068236,38146
rat783_n7820_uncorr-similar-weights_01.ttp:,71.0,714016.0,611701.0,9273,12706.108905673194,235727.23748113017,24718
rat783_n7820_uncorr-similar-weights_01.ttp:,2.0,714085.0,614696.0,9254,12686.500262028421,239302.457246579,28901
rat783_n7820_uncorr-similar-weights_01.ttp:,960.0,713127.0,612784.0,9253,12616.51120100904,239461.43356214254,24589
rat783_n7820_uncorr-similar-weights_01.ttp:,2.0,714085.0,608034.0,9252,12641.893263316118,233960.37833847606,24389
rat783_n7820_uncorr-similar-weights_01.ttp:,948.0,713139.0,611053.0,9256,12715.522806785151,234800.68014722737,24409
rat783_n7820_uncorr-similar-weights_01.ttp:,930.0,713157.0,610854.0,9250,12720.084232619294,234466.7075567951,24403
rat783_n7820_uncorr-similar-weights_01.ttp:,34.0,714053.0,613634.0,9254,12627.5998442913,239983.3206074204,38888
rat783_n7820_uncorr-similar-weights_01.ttp:,9.0,714078.0,609982.0,9260,12542.7675637082,238841.5077898744,24722
rat783_n7820_uncorr-similar-weights_01.ttp:,969.0,713118.0,611729.0,9259,12610.066564804552,238597.13034743333,37468
rat783_n7820_uncorr-similar-weights_01.ttp:,945.0,713142.0,608762.0,9258,12492.166440024434,239118.795039677,24559
rat783_n7820_uncorr-similar-weights_01.ttp:,42.0,714045.0,606941.0,9247,12636.636262349659,233022.93299707357,24381
rat783_n7820_uncorr-similar-weights_01.ttp:,37.0,714050.0,609974.0,9256,12697.76525269456,234247.12617276795,24226
rat783_n7820_uncorr-similar-weights_01.ttp:,30.0,714057.0,609134.0,9245,12718.696013141824,232787.78497113346,24583
rat783_n7820_uncorr-similar-weights_01.ttp:,889.0,713198.0,611640.0,9257,12569.239549925662,239716.20171769965,41218
rat783_n7820_uncorr-similar-weights_01.ttp:,891.0,713196.0,610615.0,9254,12595.999855518789,237899.36427519907,40198
rat783_n7820_uncorr-similar-weights_01.ttp:,963.0,713124.0,611647.0,9277,12606.614687502539,238617.2713967999,24641
rat783_n7820_uncorr-similar-weights_01.ttp:,953.0,713134.0,612102.0,9255,12622.84584326626,238591.99149775138,26959
rat783_n7820_uncorr-similar-weights_01.ttp:,13.0,714074.0,613384.0,9261,12611.379079429817,240213.29303967173,27302
rat783_n7820_uncorr-similar-weights_01.ttp:,949.0,713138.0,612037.0,9270,12616.241809195235,238722.40486591298,12507
rat783_n7820_uncorr-similar-weights_01.ttp:,990.0,713097.0,613662.0,9276,12671.789526932327,238703.74789807247,24612
RESULTS,FOR,heuristics,:,27
rat783_n7820_uncorr-similar-weights_01.ttp:,958.0,713129.0,613443.0,9252,12579.200856038604,241224.44666981773,87480
rat783_n7820_uncorr-similar-weights_01.ttp:,8.0,714079.0,613627.0,9246,12596.942237561952,240883.47919054184,87793
rat783_n7820_uncorr-similar-weights_01.ttp:,1.0,714086.0,615122.0,9254,12623.968065271354,241578.78494862065,87270
rat783_n7820_uncorr-similar-weights_01.ttp:,958.0,713129.0,613443.0,9248,12575.161874203635,241343.96014231443,87110
rat783_n7820_uncorr-similar-weights_01.ttp:,9.0,714078.0,612901.0,9250,12570.276263758462,240946.52535538713,87047
rat783_n7820_uncorr-similar-weights_01.ttp:,958.0,713129.0,613443.0,9248,12575.161874203635,241343.96014231443,87227
rat783_n7820_uncorr-similar-weights_01.ttp:,958.0,713129.0,613443.0,9248,12575.161874203635,241343.96014231443,78380
rat783_n7820_uncorr-similar-weights_01.ttp:,9.0,714078.0,612612.0,9251,12558.723982125119,240999.35736891773,86627
rat783_n7820_uncorr-similar-weights_01.ttp:,5.0,714082.0,612753.0,9250,12554.386217934109,241268.7118113297,86838
rat783_n7820_uncorr-similar-weights_01.ttp:,10.0,714077.0,614248.0,9248,12613.180098470433,241024.0008862599,86986
rat783_n7820_uncorr-similar-weights_01.ttp:,5.0,714082.0,612753.0,9252,12556.386217934109,241209.5318113297,87025
rat783_n7820_uncorr-similar-weights_01.ttp:,958.0,713129.0,613443.0,9248,12575.161874203635,241343.96014231443,86914
rat783_n7820_uncorr-similar-weights_01.ttp:,8.0,714079.0,613627.0,9246,12596.835010897632,240886.6520275391,86940
rat783_n7820_uncorr-similar-weights_01.ttp:,5.0,714082.0,612753.0,9250,12554.386217934109,241268.7118113297,86969
rat783_n7820_uncorr-similar-weights_01.ttp:,929.0,713158.0,614812.0,9255,12617.1574008841,241470.31250783947,86873
rat783_n7820_uncorr-similar-weights_01.ttp:,9.0,714078.0,612612.0,9251,12558.63902115968,241001.87136388506,86899
rat783_n7820_uncorr-similar-weights_01.ttp:,5.0,714082.0,612753.0,9250,12554.302828435777,241271.17930658534,86905
rat783_n7820_uncorr-similar-weights_01.ttp:,958.0,713129.0,613443.0,9248,12575.200856038606,241342.80666981766,87061
rat783_n7820_uncorr-similar-weights_01.ttp:,958.0,713129.0,613443.0,9248,12575.200856038606,241342.80666981766,86945
rat783_n7820_uncorr-similar-weights_01.ttp:,958.0,713129.0,613443.0,9248,12575.161874203635,241343.96014231443,78180
rat783_n7820_uncorr-similar-weights_01.ttp:,958.0,713129.0,613443.0,9248,12575.200856038606,241342.80666981766,87390
rat783_n7820_uncorr-similar-weights_01.ttp:,8.0,714079.0,613627.0,9246,12596.942237561952,240883.47919054184,87700
rat783_n7820_uncorr-similar-weights_01.ttp:,5.0,714082.0,612753.0,9250,12554.302828435777,241271.17930658534,87513
rat783_n7820_uncorr-similar-weights_01.ttp:,8.0,714079.0,613627.0,9246,12596.942237561952,240883.47919054184,87265
rat783_n7820_uncorr-similar-weights_01.ttp:,8.0,714079.0,613627.0,9246,12596.942237561952,240883.47919054184,87278
rat783_n7820_uncorr-similar-weights_01.ttp:,0.0,714087.0,614266.0,9252,12602.72472674182,241351.37533570954,87039
rat783_n7820_uncorr-similar-weights_01.ttp:,9.0,714078.0,612901.0,9250,12570.276263758462,240946.52535538713,87205
rat783_n7820_uncorr-similar-weights_01.ttp:,5.0,714082.0,612753.0,9250,12554.302828435777,241271.17930658534,87099
rat783_n7820_uncorr-similar-weights_01.ttp:,5.0,714082.0,612753.0,9250,12554.302828435777,241271.17930658534,86950
rat783_n7820_uncorr-similar-weights_01.ttp:,22.0,714065.0,612652.0,9253,12550.816848097586,241273.32946479245,86628
RESULTS,FOR,heuristics,:,28
rat783_n7820_uncorr-similar-weights_01.ttp:,6.0,714081.0,613979.0,9248,12604.122839285805,241023.00518553302,92472
rat783_n7820_uncorr-similar-weights_01.ttp:,3.0,714084.0,615561.0,9253,12650.45075865229,241234.16205147875,92617
rat783_n7820_uncorr-similar-weights_01.ttp:,18.0,714069.0,612720.0,9252,12557.359577241032,241147.7301094379,92538
rat783_n7820_uncorr-similar-weights_01.ttp:,0.0,714087.0,613633.0,9250,12579.871115349397,241394.61369681137,93831
rat783_n7820_uncorr-similar-weights_01.ttp:,958.0,713129.0,613443.0,9250,12577.200856038606,241283.62666981766,92412
rat783_n7820_uncorr-similar-weights_01.ttp:,1.0,714086.0,615122.0,9254,12624.007047106325,241577.63147612388,81272
rat783_n7820_uncorr-similar-weights_01.ttp:,2.0,714085.0,613960.0,9254,12595.501131748202,241259.1215115707,92771
rat783_n7820_uncorr-similar-weights_01.ttp:,5.0,714082.0,612267.0,9252,12541.262104296504,241171.05433386646,92063
rat783_n7820_uncorr-similar-weights_01.ttp:,9.0,714078.0,612901.0,9250,12570.276263758462,240946.52535538713,92637
rat783_n7820_uncorr-similar-weights_01.ttp:,0.0,714087.0,613868.0,9247,12605.753435914405,240863.75583129277,92235
rat783_n7820_uncorr-similar-weights_01.ttp:,0.0,714087.0,613602.0,9250,12580.462708534733,241346.10845445725,105431
rat783_n7820_uncorr-similar-weights_01.ttp:,0.0,714087.0,614266.0,9252,12602.72472674182,241351.37533570954,92643
rat783_n7820_uncorr-similar-weights_01.ttp:,967.0,713120.0,613844.0,9248,12586.661374424013,241404.68993079348,120955
rat783_n7820_uncorr-similar-weights_01.ttp:,34.0,714053.0,612178.0,9251,12537.77752246046,241185.16311039502,92856
rat783_n7820_uncorr-similar-weights_01.ttp:,958.0,713129.0,613443.0,9248,12575.161874203635,241343.96014231443,92799
rat783_n7820_uncorr-similar-weights_01.ttp:,958.0,713129.0,613443.0,9248,12575.161874203635,241343.96014231443,92594
rat783_n7820_uncorr-similar-weights_01.ttp:,958.0,713129.0,613443.0,9248,12575.161874203635,241343.96014231443,92003
rat783_n7820_uncorr-similar-weights_01.ttp:,885.0,713202.0,612848.0,9261,12564.083267815306,241076.7761053451,93421
rat783_n7820_uncorr-similar-weights_01.ttp:,953.0,713134.0,614218.0,9248,12599.57638133007,241396.53487644327,95100
rat783_n7820_uncorr-similar-weights_01.ttp:,1.0,714086.0,613560.0,9252,12582.534564856625,241242.80222589243,106493
rat783_n7820_uncorr-similar-weights_01.ttp:,954.0,713133.0,613765.0,9248,12584.072053556354,241402.30793526745,105012
rat783_n7820_uncorr-similar-weights_01.ttp:,962.0,713125.0,613522.0,9248,12577.647919221943,241349.3980702227,105792
rat783_n7820_uncorr-similar-weights_01.ttp:,958.0,713129.0,613443.0,9248,12575.161874203635,241343.96014231443,81011
rat783_n7820_uncorr-similar-weights_01.ttp:,956.0,713131.0,613906.0,9248,12589.34819265217,241387.1869794223,95000
rat783_n7820_uncorr-similar-weights_01.ttp:,980.0,713107.0,613204.0,9253,12557.626647979956,241623.82748627308,107126
rat783_n7820_uncorr-similar-weights_01.ttp:,23.0,714064.0,612694.0,9254,12553.308182278339,241241.61088638398,92321
rat783_n7820_uncorr-similar-weights_01.ttp:,966.0,713121.0,613050.0,9250,12563.332576616003,241300.98905793246,93310
rat783_n7820_uncorr-similar-weights_01.ttp:,958.0,713129.0,613443.0,9248,12575.161874203635,241343.96014231443,92959
rat783_n7820_uncorr-similar-weights_01.ttp:,958.0,713129.0,613443.0,9248,12575.200856038606,241342.80666981766,92963
rat783_n7820_uncorr-similar-weights_01.ttp:,9.0,714078.0,612901.0,9250,12570.216511952254,240948.29341133282,92918
RESULTS,FOR,heuristics,:,29
rat783_n7820_uncorr-similar-weights_01.ttp:,0.0,714087.0,610087.0,9250,12483.954149304489,240686.79672208015,600205
rat783_n7820_uncorr-similar-weights_01.ttp:,973.0,713114.0,613337.0,9245,12590.132579263454,240794.9769795944,600753
rat783_n7820_uncorr-similar-weights_01.ttp:,22.0,714065.0,609592.0,9249,12461.292992418981,240862.34035432234,600732
rat783_n7820_uncorr-similar-weights_01.ttp:,973.0,713114.0,613337.0,9245,12590.132579263454,240794.9769795944,600310
rat783_n7820_uncorr-similar-weights_01.ttp:,958.0,713129.0,613443.0,9248,12575.200856038606,241342.80666981766,600185
rat783_n7820_uncorr-similar-weights_01.ttp:,22.0,714065.0,609592.0,9249,12461.292992418981,240862.34035432234,600915
rat783_n7820_uncorr-similar-weights_01.ttp:,0.0,714087.0,613868.0,9247,12605.64591889196,240866.93725998694,601495
rat783_n7820_uncorr-similar-weights_01.ttp:,0.0,714087.0,613868.0,9247,12605.753435914405,240863.75583129277,600184
rat783_n7820_uncorr-similar-weights_01.ttp:,970.0,713117.0,613140.0,9245,12583.463090435509,240795.32715401327,600012
rat783_n7820_uncorr-similar-weights_01.ttp:,22.0,714065.0,609592.0,9249,12461.292992418981,240862.34035432234,600548
rat783_n7820_uncorr-similar-weights_01.ttp:,958.0,713129.0,613443.0,9248,12575.200856038606,241342.80666981766,600181
rat783_n7820_uncorr-similar-weights_01.ttp:,0.0,714087.0,613740.0,9251,12623.195678264214,240219.6398801619,600306
rat783_n7820_uncorr-similar-weights_01.ttp:,6.0,714081.0,610822.0,9248,12504.140554929758,240824.48097962845,600072
rat783_n7820_uncorr-similar-weights_01.ttp:,973.0,713114.0,613337.0,9245,12590.132579263454,240794.9769795944,600209
rat783_n7820_uncorr-similar-weights_01.ttp:,881.0,713206.0,610499.0,9253,12501.669802427654,240574.5905461657,601078
rat783_n7820_uncorr-similar-weights_01.ttp:,34.0,714053.0,612178.0,9253,12539.860246443304,241123.53530774266,600071
rat783_n7820_uncorr-similar-weights_01.ttp:,982.0,713105.0,613715.0,9245,12642.38627066107,239626.7902511389,600084
rat783_n7820_uncorr-similar-weights_01.ttp:,22.0,714065.0,609592.0,9249,12461.292992418981,240862.34035432234,600051
rat783_n7820_uncorr-similar-weights_01.ttp:,940.0,713147.0,612626.0,9264,12547.668931268721,241340.47632375854,600421
rat783_n7820_uncorr-similar-weights_01.ttp:,22.0,714065.0,609592.0,9249,12461.292992418981,240862.34035432234,601775
rat783_n7820_uncorr-similar-weights_01.ttp:,10.0,714077.0,613769.0,9249,12604.88836365974,240790.3533193083,600686
rat783_n7820_uncorr-similar-weights_01.ttp:,960.0,713127.0,611759.0,9252,12575.269262439368,239656.78252441913,601206
rat783_n7820_uncorr-similar-weights_01.ttp:,958.0,713129.0,613443.0,9248,12575.200856038606,241342.80666981766,600513
rat783_n7820_uncorr-similar-weights_01.ttp:,12.0,714075.0,610710.0,9249,12497.728849775915,240902.2033351307,600020
rat783_n7820_uncorr-similar-weights_01.ttp:,5.0,714082.0,613793.0,9250,12624.104755007807,240245.74029931898,600072
rat783_n7820_uncorr-similar-weights_01.ttp:,4.0,714083.0,611276.0,9250,12524.141425571157,240686.65521734947,600167
rat783_n7820_uncorr-similar-weights_01.ttp:,19.0,714068.0,613969.0,9249,12623.765288900804,240431.7851014252,600075
rat783_n7820_uncorr-similar-weights_01.ttp:,2.0,714085.0,613747.0,9247,12601.938025348369,240855.65382994176,600618
rat783_n7820_uncorr-similar-weights_01.ttp:,22.0,714065.0,609592.0,9249,12461.239288477478,240863.92945395142,600235
rat783_n7820_uncorr-similar-weights_01.ttp:,23.0,714064.0,612991.0,9252,12577.270937510906,240829.55295905226,600038
RESULTS,FOR,heuristics,:,30
rat783_n7820_uncorr-similar-weights_01.ttp:,1.0,714086.0,616057.0,9254,12669.392182739399,241169.6853127412,600073
rat783_n7820_uncorr-similar-weights_01.ttp:,12.0,714075.0,611605.0,9252,12530.4840853243,240827.97591525398,600070
rat783_n7820_uncorr-similar-weights_01.ttp:,2.0,714085.0,613747.0,9247,12601.830508325922,240858.83525863598,600579
rat783_n7820_uncorr-similar-weights_01.ttp:,9.0,714078.0,609786.0,9249,12461.388436243225,241053.51617156295,601027
rat783_n7820_uncorr-similar-weights_01.ttp:,0.0,714087.0,613868.0,9247,12605.753435914405,240863.75583129277,601010
rat783_n7820_uncorr-similar-weights_01.ttp:,22.0,714065.0,614828.0,9249,12649.40553316725,240532.0902735811,600390
rat783_n7820_uncorr-similar-weights_01.ttp:,902.0,713185.0,610582.0,9255,12520.67607212313,240095.19502587663,600733
rat783_n7820_uncorr-similar-weights_01.ttp:,14.0,714073.0,613353.0,9255,12610.982145524107,240194.03831394168,600071
rat783_n7820_uncorr-similar-weights_01.ttp:,0.0,714087.0,612419.0,9253,12556.534799103601,240871.13529452443,600612
rat783_n7820_uncorr-similar-weights_01.ttp:,967.0,713120.0,613550.0,9245,12592.575094414049,240935.7029562883,600539
rat783_n7820_uncorr-similar-weights_01.ttp:,26.0,714061.0,613952.0,9252,12647.415563879746,239714.97346479836,600561
rat783_n7820_uncorr-similar-weights_01.ttp:,29.0,714058.0,612939.0,9251,12560.166093370404,241283.68529716972,600992
rat783_n7820_uncorr-similar-weights_01.ttp:,5.0,714082.0,616437.0,9261,12688.463705320975,240985.35895955237,600272
rat783_n7820_uncorr-similar-weights_01.ttp:,970.0,713117.0,613140.0,9248,12586.936958429062,240692.53540008405,601461
rat783_n7820_uncorr-similar-weights_01.ttp:,22.0,714065.0,609592.0,9249,12461.292992418981,240862.34035432234,600074
rat783_n7820_uncorr-similar-weights_01.ttp:,5.0,714082.0,612753.0,9250,12554.386217934109,241268.7118113297,600206
rat783_n7820_uncorr-similar-weights_01.ttp:,961.0,713126.0,613935.0,9254,12642.657778451201,239838.75633562898,600294
rat783_n7820_uncorr-similar-weights_01.ttp:,2.0,714085.0,613747.0,9247,12601.938025348369,240855.65382994176,600205
rat783_n7820_uncorr-similar-weights_01.ttp:,9.0,714078.0,612612.0,9251,12558.723982125119,240999.35736891773,600238
rat783_n7820_uncorr-similar-weights_01.ttp:,27.0,714060.0,609678.0,9251,12467.305192327347,240770.43935903383,599991
rat783_n7820_uncorr-similar-weights_01.ttp:,973.0,713114.0,613337.0,9245,12590.132579263454,240794.9769795944,600132
rat783_n7820_uncorr-similar-weights_01.ttp:,12.0,714075.0,614504.0,9257,12604.126701492001,241547.8909028517,600222
rat783_n7820_uncorr-similar-weights_01.ttp:,5.0,714082.0,612753.0,9252,12556.302828435777,241211.99930658535,600313
rat783_n7820_uncorr-similar-weights_01.ttp:,8.0,714079.0,614573.0,9248,12636.326814122991,240664.0895701007,600079
rat783_n7820_uncorr-similar-weights_01.ttp:,973.0,713114.0,613337.0,9245,12590.24010580216,240791.79526931408,600615
rat783_n7820_uncorr-similar-weights_01.ttp:,0.0,714087.0,610087.0,9247,12480.322050762705,240794.27051793155,600286
rat783_n7820_uncorr-similar-weights_01.ttp:,958.0,713129.0,613443.0,9250,12577.161874203635,241284.78014231444,601377
rat783_n7820_uncorr-similar-weights_01.ttp:,919.0,713168.0,614814.0,9254,12624.374949306815,241258.74525001133,600667
rat783_n7820_uncorr-similar-weights_01.ttp:,965.0,713122.0,613901.0,9245,12605.716895524,240897.83706144488,601377
rat783_n7820_uncorr-similar-weights_01.ttp:,6.0,714081.0,613720.0,9248,12609.391815885836,240608.09616793814,600076
