Enter,TTP,instance,file:
RESULTS,FOR,heuristics,:,20
rat195_n582_bounded-strongly-corr_01.ttp:,30.0,51681.0,77781.0,2448,3074.798185348888,35902.24871554814,1169
rat195_n582_bounded-strongly-corr_01.ttp:,142.0,51569.0,80369.0,2448,3479.598174615117,32976.87286174211,699
rat195_n582_bounded-strongly-corr_01.ttp:,142.0,51569.0,80369.0,2448,3479.598174615117,32976.87286174211,669
rat195_n582_bounded-strongly-corr_01.ttp:,30.0,51681.0,77781.0,2448,3074.798185348888,35902.24871554814,731
rat195_n582_bounded-strongly-corr_01.ttp:,106.0,51605.0,78205.0,2446,3109.720282205295,35850.60975636388,623
rat195_n582_bounded-strongly-corr_01.ttp:,106.0,51605.0,78205.0,2446,3109.720282205295,35850.60975636388,709
rat195_n582_bounded-strongly-corr_01.ttp:,51.0,51660.0,79460.0,2446,3442.1159626746594,32578.38058837114,763
rat195_n582_bounded-strongly-corr_01.ttp:,1.0,51710.0,81310.0,2448,3527.232250464464,33269.096748674005,651
rat195_n582_bounded-strongly-corr_01.ttp:,146.0,51565.0,78765.0,2449,3436.8908075373447,31954.547201341367,623
rat195_n582_bounded-strongly-corr_01.ttp:,30.0,51681.0,77781.0,2448,3074.798185348888,35902.24871554814,669
rat195_n582_bounded-strongly-corr_01.ttp:,48.0,51663.0,79563.0,2449,3193.407693306572,36068.78721716449,648
rat195_n582_bounded-strongly-corr_01.ttp:,51.0,51660.0,79460.0,2446,3442.1159626746594,32578.38058837114,716
rat195_n582_bounded-strongly-corr_01.ttp:,142.0,51569.0,80369.0,2448,3479.598174615117,32976.87286174211,657
rat195_n582_bounded-strongly-corr_01.ttp:,1.0,51710.0,81310.0,2448,3527.232250464464,33269.096748674005,689
rat195_n582_bounded-strongly-corr_01.ttp:,142.0,51569.0,80369.0,2448,3479.598174615117,32976.87286174211,683
rat195_n582_bounded-strongly-corr_01.ttp:,99.0,51612.0,79212.0,2449,3451.4188671043926,32203.675030038175,643
rat195_n582_bounded-strongly-corr_01.ttp:,106.0,51605.0,78205.0,2446,3109.720282205295,35850.60975636388,700
rat195_n582_bounded-strongly-corr_01.ttp:,30.0,51681.0,77781.0,2448,3074.798185348888,35902.24871554814,681
rat195_n582_bounded-strongly-corr_01.ttp:,30.0,51681.0,77781.0,2448,3074.798185348888,35902.24871554814,680
rat195_n582_bounded-strongly-corr_01.ttp:,30.0,51681.0,77781.0,2448,3074.798185348888,35902.24871554814,696
rat195_n582_bounded-strongly-corr_01.ttp:,106.0,51605.0,78205.0,2446,3109.720282205295,35850.60975636388,727
rat195_n582_bounded-strongly-corr_01.ttp:,51.0,51660.0,79460.0,2446,3424.1961163800133,32822.44889490422,666
rat195_n582_bounded-strongly-corr_01.ttp:,30.0,51681.0,77781.0,2448,3074.798185348888,35902.24871554814,560
rat195_n582_bounded-strongly-corr_01.ttp:,30.0,51681.0,77781.0,2448,3074.798185348888,35902.24871554814,745
rat195_n582_bounded-strongly-corr_01.ttp:,142.0,51569.0,80369.0,2448,3479.598174615117,32976.87286174211,605
rat195_n582_bounded-strongly-corr_01.ttp:,58.0,51653.0,78053.0,2449,3124.540004009878,35496.76514538546,708
rat195_n582_bounded-strongly-corr_01.ttp:,48.0,51663.0,79563.0,2449,3193.300532759434,36070.24674381651,845
rat195_n582_bounded-strongly-corr_01.ttp:,106.0,51605.0,78205.0,2446,3109.720282205295,35850.60975636388,840
rat195_n582_bounded-strongly-corr_01.ttp:,58.0,51653.0,78053.0,2449,3124.540004009878,35496.76514538546,759
rat195_n582_bounded-strongly-corr_01.ttp:,48.0,51663.0,79563.0,2449,3193.407693306572,36068.78721716449,713
RESULTS,FOR,heuristics,:,21
rat195_n582_bounded-strongly-corr_01.ttp:,119.0,51592.0,77992.0,2452,3043.3300160644962,36541.84518120156,763
rat195_n582_bounded-strongly-corr_01.ttp:,142.0,51569.0,80369.0,2450,3473.67732983583,33057.514767636,688
rat195_n582_bounded-strongly-corr_01.ttp:,30.0,51681.0,77781.0,2448,3074.798185348888,35902.24871554814,740
rat195_n582_bounded-strongly-corr_01.ttp:,30.0,51681.0,77781.0,2448,3074.798185348888,35902.24871554814,677
rat195_n582_bounded-strongly-corr_01.ttp:,106.0,51605.0,78205.0,2446,3109.720282205295,35850.60975636388,649
rat195_n582_bounded-strongly-corr_01.ttp:,48.0,51663.0,79563.0,2449,3193.300532759434,36070.24674381651,540
rat195_n582_bounded-strongly-corr_01.ttp:,51.0,51660.0,79460.0,2446,3442.1159626746594,32578.38058837114,643
rat195_n582_bounded-strongly-corr_01.ttp:,51.0,51660.0,79460.0,2446,3442.1159626746594,32578.38058837114,816
rat195_n582_bounded-strongly-corr_01.ttp:,51.0,51660.0,79460.0,2446,3424.1961163800133,32822.44889490422,585
rat195_n582_bounded-strongly-corr_01.ttp:,142.0,51569.0,80369.0,2448,3479.598174615117,32976.87286174211,656
rat195_n582_bounded-strongly-corr_01.ttp:,30.0,51681.0,77781.0,2448,3074.798185348888,35902.24871554814,657
rat195_n582_bounded-strongly-corr_01.ttp:,106.0,51605.0,78205.0,2446,3109.720282205295,35850.60975636388,675
rat195_n582_bounded-strongly-corr_01.ttp:,1.0,51710.0,81310.0,2448,3527.232250464464,33269.096748674005,636
rat195_n582_bounded-strongly-corr_01.ttp:,30.0,51681.0,77781.0,2450,3085.258170663973,35759.78371555669,664
rat195_n582_bounded-strongly-corr_01.ttp:,51.0,51660.0,79460.0,2446,3442.1159626746594,32578.38058837114,734
rat195_n582_bounded-strongly-corr_01.ttp:,142.0,51569.0,80369.0,2448,3479.598174615117,32976.87286174211,658
rat195_n582_bounded-strongly-corr_01.ttp:,73.0,51638.0,77738.0,2452,3093.874087617276,35599.434926652706,655
rat195_n582_bounded-strongly-corr_01.ttp:,142.0,51569.0,80369.0,2450,3473.67732983583,33057.514767636,662
rat195_n582_bounded-strongly-corr_01.ttp:,106.0,51605.0,78205.0,2446,3109.720282205295,35850.60975636388,594
rat195_n582_bounded-strongly-corr_01.ttp:,30.0,51681.0,77781.0,2448,3074.798185348888,35902.24871554814,778
rat195_n582_bounded-strongly-corr_01.ttp:,142.0,51569.0,80369.0,2448,3479.598174615117,32976.87286174211,641
rat195_n582_bounded-strongly-corr_01.ttp:,30.0,51681.0,77781.0,2448,3074.798185348888,35902.24871554814,641
rat195_n582_bounded-strongly-corr_01.ttp:,142.0,51569.0,80369.0,2448,3479.598174615117,32976.87286174211,697
rat195_n582_bounded-strongly-corr_01.ttp:,51.0,51660.0,79460.0,2446,3442.1159626746594,32578.38058837114,726
rat195_n582_bounded-strongly-corr_01.ttp:,146.0,51565.0,78765.0,2449,3436.8908075373447,31954.547201341367,602
rat195_n582_bounded-strongly-corr_01.ttp:,30.0,51681.0,77781.0,2448,3074.798185348888,35902.24871554814,583
rat195_n582_bounded-strongly-corr_01.ttp:,51.0,51660.0,79460.0,2446,3442.1159626746594,32578.38058837114,735
rat195_n582_bounded-strongly-corr_01.ttp:,30.0,51681.0,77781.0,2448,3074.798185348888,35902.24871554814,626
rat195_n582_bounded-strongly-corr_01.ttp:,1.0,51710.0,81310.0,2448,3527.232250464464,33269.096748674005,658
rat195_n582_bounded-strongly-corr_01.ttp:,106.0,51605.0,78205.0,2446,3109.720282205295,35850.60975636388,652
RESULTS,FOR,heuristics,:,22
rat195_n582_bounded-strongly-corr_01.ttp:,0.0,51711.0,78211.0,2446,3096.6598004746834,36034.493517534815,599801
rat195_n582_bounded-strongly-corr_01.ttp:,13.0,51698.0,78298.0,2446,3098.856142439201,36091.57933997808,599791
rat195_n582_bounded-strongly-corr_01.ttp:,4.0,51707.0,77807.0,2448,3062.8169524014024,36091.4331082929,599790
rat195_n582_bounded-strongly-corr_01.ttp:,11.0,51700.0,79400.0,2446,3418.9119383189045,32834.41940009652,599847
rat195_n582_bounded-strongly-corr_01.ttp:,80.0,51631.0,79531.0,2446,3443.4824189601245,32630.76945376311,599840
rat195_n582_bounded-strongly-corr_01.ttp:,2.0,51709.0,77609.0,2448,3055.1289925574674,35998.1431213673,599804
rat195_n582_bounded-strongly-corr_01.ttp:,131.0,51580.0,79280.0,2449,3466.743736634383,32062.950307039704,599790
rat195_n582_bounded-strongly-corr_01.ttp:,3.0,51708.0,78008.0,2448,3083.9625059851155,36004.43066848273,599812
rat195_n582_bounded-strongly-corr_01.ttp:,1.0,51710.0,77710.0,2448,3058.207211974971,36057.2177729009,599843
rat195_n582_bounded-strongly-corr_01.ttp:,87.0,51624.0,79524.0,2446,3443.254588647517,32626.872502620827,599814
rat195_n582_bounded-strongly-corr_01.ttp:,43.0,51668.0,80768.0,2448,3504.6244892881546,33035.01445589534,599807
rat195_n582_bounded-strongly-corr_01.ttp:,4.0,51707.0,77707.0,2448,3061.282696826342,36012.329669225226,599790
rat195_n582_bounded-strongly-corr_01.ttp:,43.0,51668.0,80768.0,2448,3504.6244892881546,33035.01445589534,599828
rat195_n582_bounded-strongly-corr_01.ttp:,75.0,51636.0,80936.0,2448,3516.170673774674,33045.755423188944,599790
rat195_n582_bounded-strongly-corr_01.ttp:,43.0,51668.0,80768.0,2448,3504.6244892881546,33035.01445589534,599823
rat195_n582_bounded-strongly-corr_01.ttp:,4.0,51707.0,78107.0,2446,3086.4506555208313,36069.54207180628,599790
rat195_n582_bounded-strongly-corr_01.ttp:,184.0,51527.0,79527.0,2446,3441.9691153618614,32647.380648771446,599829
rat195_n582_bounded-strongly-corr_01.ttp:,112.0,51599.0,78999.0,2449,3445.937558566648,32065.330452322254,599843
rat195_n582_bounded-strongly-corr_01.ttp:,10.0,51701.0,80801.0,2448,3508.0818772636967,33020.92483166845,599824
rat195_n582_bounded-strongly-corr_01.ttp:,7.0,51704.0,79204.0,2449,3151.1796016808426,36284.93382510693,599835
rat195_n582_bounded-strongly-corr_01.ttp:,6.0,51705.0,77705.0,2448,3058.703338946928,36045.460523542846,599790
rat195_n582_bounded-strongly-corr_01.ttp:,3.0,51708.0,77908.0,2448,3071.493585063051,36074.25737144125,599808
rat195_n582_bounded-strongly-corr_01.ttp:,43.0,51668.0,80768.0,2448,3504.6244892881546,33035.01445589534,599790
rat195_n582_bounded-strongly-corr_01.ttp:,43.0,51668.0,80768.0,2448,3504.6244892881546,33035.01445589534,599793
rat195_n582_bounded-strongly-corr_01.ttp:,80.0,51631.0,79531.0,2446,3443.4824189601245,32630.76945376311,599832
rat195_n582_bounded-strongly-corr_01.ttp:,0.0,51711.0,79011.0,2449,3135.0937500473065,36311.02312435569,599815
rat195_n582_bounded-strongly-corr_01.ttp:,50.0,51661.0,77761.0,2448,3064.0749671521967,36028.298947387084,599805
rat195_n582_bounded-strongly-corr_01.ttp:,0.0,51711.0,78311.0,2449,3108.022526407836,35979.73319032528,599791
rat195_n582_bounded-strongly-corr_01.ttp:,5.0,51706.0,78106.0,2448,3088.759746038296,36037.092258958415,599790
rat195_n582_bounded-strongly-corr_01.ttp:,10.0,51701.0,80801.0,2448,3508.0818772636967,33020.92483166845,599827
RESULTS,FOR,heuristics,:,23
rat195_n582_bounded-strongly-corr_01.ttp:,30.0,51681.0,77781.0,2466,3047.4317439695305,36274.979647135,2645
rat195_n582_bounded-strongly-corr_01.ttp:,142.0,51569.0,80369.0,2448,3462.1071346942113,33215.10082546485,1447
rat195_n582_bounded-strongly-corr_01.ttp:,51.0,51660.0,79460.0,2455,3410.2718251178076,33012.097741895464,1465
rat195_n582_bounded-strongly-corr_01.ttp:,30.0,51681.0,77781.0,2466,3047.4317439695305,36274.979647135,2600
rat195_n582_bounded-strongly-corr_01.ttp:,30.0,51681.0,77781.0,2466,3047.4317439695305,36274.979647135,2530
rat195_n582_bounded-strongly-corr_01.ttp:,142.0,51569.0,80369.0,2448,3462.1071346942113,33215.10082546485,1496
rat195_n582_bounded-strongly-corr_01.ttp:,30.0,51681.0,77781.0,2466,3047.4317439695305,36274.979647135,2352
rat195_n582_bounded-strongly-corr_01.ttp:,142.0,51569.0,80369.0,2448,3462.1071346942113,33215.10082546485,1653
rat195_n582_bounded-strongly-corr_01.ttp:,30.0,51681.0,77781.0,2466,3047.4317439695305,36274.979647135,2666
rat195_n582_bounded-strongly-corr_01.ttp:,30.0,51681.0,77781.0,2466,3047.4317439695305,36274.979647135,2513
rat195_n582_bounded-strongly-corr_01.ttp:,142.0,51569.0,80369.0,2448,3462.1071346942113,33215.10082546485,1516
rat195_n582_bounded-strongly-corr_01.ttp:,51.0,51660.0,79460.0,2455,3410.2718251178076,33012.097741895464,1549
rat195_n582_bounded-strongly-corr_01.ttp:,106.0,51605.0,78205.0,2462,3085.06656865855,36186.393334870554,2436
rat195_n582_bounded-strongly-corr_01.ttp:,106.0,51605.0,78205.0,2462,3085.06656865855,36186.393334870554,2394
rat195_n582_bounded-strongly-corr_01.ttp:,51.0,51660.0,79460.0,2455,3410.2718251178076,33012.097741895464,1461
rat195_n582_bounded-strongly-corr_01.ttp:,154.0,51557.0,80957.0,2458,3489.239449073034,33433.558703625284,1458
rat195_n582_bounded-strongly-corr_01.ttp:,106.0,51605.0,78205.0,2462,3085.06656865855,36186.393334870554,2290
rat195_n582_bounded-strongly-corr_01.ttp:,30.0,51681.0,77781.0,2466,3047.4317439695305,36274.979647135,2365
rat195_n582_bounded-strongly-corr_01.ttp:,51.0,51660.0,79460.0,2455,3410.2718251178076,33012.097741895464,1512
rat195_n582_bounded-strongly-corr_01.ttp:,99.0,51612.0,79212.0,2458,3436.584154276937,32405.72381874812,1623
rat195_n582_bounded-strongly-corr_01.ttp:,142.0,51569.0,80369.0,2448,3462.1071346942113,33215.10082546485,1444
rat195_n582_bounded-strongly-corr_01.ttp:,139.0,51572.0,78572.0,2458,3395.4956760360233,32325.348892389367,1358
rat195_n582_bounded-strongly-corr_01.ttp:,142.0,51569.0,80369.0,2448,3462.1071346942113,33215.10082546485,1514
rat195_n582_bounded-strongly-corr_01.ttp:,106.0,51605.0,78205.0,2462,3085.06656865855,36186.393334870554,2536
rat195_n582_bounded-strongly-corr_01.ttp:,1.0,51710.0,81310.0,2457,3509.539673331874,33510.06964921988,1511
rat195_n582_bounded-strongly-corr_01.ttp:,58.0,51653.0,78053.0,2467,3095.358074668841,35894.22302301039,2385
rat195_n582_bounded-strongly-corr_01.ttp:,30.0,51681.0,77781.0,2466,3047.4317439695305,36274.979647135,2380
rat195_n582_bounded-strongly-corr_01.ttp:,51.0,51660.0,79460.0,2455,3410.2718251178076,33012.097741895464,1532
rat195_n582_bounded-strongly-corr_01.ttp:,106.0,51605.0,78205.0,2462,3085.06656865855,36186.393334870554,2395
rat195_n582_bounded-strongly-corr_01.ttp:,51.0,51660.0,79460.0,2455,3410.2718251178076,33012.097741895464,1498
RESULTS,FOR,heuristics,:,24
rat195_n582_bounded-strongly-corr_01.ttp:,73.0,51638.0,79838.0,2453,3145.615213406226,36994.72079340721,599451
rat195_n582_bounded-strongly-corr_01.ttp:,73.0,51638.0,79838.0,2453,3145.615213406226,36994.72079340721,599412
rat195_n582_bounded-strongly-corr_01.ttp:,28.0,51683.0,78183.0,2452,3037.98093385252,36805.69968092868,599564
rat195_n582_bounded-strongly-corr_01.ttp:,122.0,51589.0,78689.0,2453,3063.1219104025968,36969.27958031664,599643
rat195_n582_bounded-strongly-corr_01.ttp:,28.0,51683.0,78183.0,2452,3037.98093385252,36805.69968092868,599418
rat195_n582_bounded-strongly-corr_01.ttp:,122.0,51589.0,78689.0,2453,3063.020660063895,36970.65860992976,599536
rat195_n582_bounded-strongly-corr_01.ttp:,26.0,51685.0,79185.0,2450,3113.352505574679,36781.13887407287,599620
rat195_n582_bounded-strongly-corr_01.ttp:,122.0,51589.0,78689.0,2453,3063.1219104025968,36969.27958031664,599622
rat195_n582_bounded-strongly-corr_01.ttp:,28.0,51683.0,78183.0,2452,3037.98093385252,36805.69968092868,599688
rat195_n582_bounded-strongly-corr_01.ttp:,11.0,51700.0,79900.0,2454,3153.8083770561007,36945.12990449591,599622
rat195_n582_bounded-strongly-corr_01.ttp:,28.0,51683.0,78183.0,2452,3037.98093385252,36805.69968092868,599377
rat195_n582_bounded-strongly-corr_01.ttp:,122.0,51589.0,78689.0,2453,3063.020660063895,36970.65860992976,599580
rat195_n582_bounded-strongly-corr_01.ttp:,28.0,51683.0,78183.0,2452,3037.98093385252,36805.69968092868,599563
rat195_n582_bounded-strongly-corr_01.ttp:,28.0,51683.0,78183.0,2452,3037.98093385252,36805.69968092868,599640
rat195_n582_bounded-strongly-corr_01.ttp:,28.0,51683.0,78183.0,2452,3037.98093385252,36805.69968092868,599419
rat195_n582_bounded-strongly-corr_01.ttp:,28.0,51683.0,78183.0,2452,3037.98093385252,36805.69968092868,599518
rat195_n582_bounded-strongly-corr_01.ttp:,28.0,51683.0,78183.0,2452,3037.98093385252,36805.69968092868,599458
rat195_n582_bounded-strongly-corr_01.ttp:,122.0,51589.0,78689.0,2453,3063.020660063895,36970.65860992976,599617
rat195_n582_bounded-strongly-corr_01.ttp:,122.0,51589.0,78689.0,2453,3063.020660063895,36970.65860992976,599531
rat195_n582_bounded-strongly-corr_01.ttp:,28.0,51683.0,78183.0,2452,3037.98093385252,36805.69968092868,599635
rat195_n582_bounded-strongly-corr_01.ttp:,28.0,51683.0,78183.0,2452,3037.98093385252,36805.69968092868,599560
rat195_n582_bounded-strongly-corr_01.ttp:,28.0,51683.0,78183.0,2452,3037.98093385252,36805.69968092868,599377
rat195_n582_bounded-strongly-corr_01.ttp:,122.0,51589.0,78689.0,2453,3063.020660063895,36970.65860992976,599610
rat195_n582_bounded-strongly-corr_01.ttp:,28.0,51683.0,78183.0,2452,3037.98093385252,36805.69968092868,599386
rat195_n582_bounded-strongly-corr_01.ttp:,122.0,51589.0,78689.0,2453,3063.020660063895,36970.65860992976,599688
rat195_n582_bounded-strongly-corr_01.ttp:,28.0,51683.0,78183.0,2452,3037.98093385252,36805.69968092868,599500
rat195_n582_bounded-strongly-corr_01.ttp:,28.0,51683.0,78183.0,2452,3037.98093385252,36805.69968092868,599378
rat195_n582_bounded-strongly-corr_01.ttp:,122.0,51589.0,78689.0,2453,3063.1219104025968,36969.27958031664,599444
rat195_n582_bounded-strongly-corr_01.ttp:,28.0,51683.0,78183.0,2452,3037.98093385252,36805.69968092868,599594
rat195_n582_bounded-strongly-corr_01.ttp:,122.0,51589.0,78689.0,2453,3063.020660063895,36970.65860992976,599425
RESULTS,FOR,heuristics,:,25
rat195_n582_bounded-strongly-corr_01.ttp:,142.0,51569.0,80369.0,2448,3462.1071346942113,33215.10082546485,1512
rat195_n582_bounded-strongly-corr_01.ttp:,139.0,51572.0,78572.0,2458,3395.4956760360233,32325.348892389367,1484
rat195_n582_bounded-strongly-corr_01.ttp:,51.0,51660.0,79460.0,2455,3410.2718251178076,33012.097741895464,1566
rat195_n582_bounded-strongly-corr_01.ttp:,58.0,51653.0,78053.0,2467,3110.42402616366,35689.02476365095,2436
rat195_n582_bounded-strongly-corr_01.ttp:,48.0,51663.0,79563.0,2465,3170.097497336088,36386.272086282486,2425
rat195_n582_bounded-strongly-corr_01.ttp:,106.0,51605.0,78205.0,2462,3085.06656865855,36186.393334870554,2465
rat195_n582_bounded-strongly-corr_01.ttp:,30.0,51681.0,77781.0,2466,3061.18516870823,36087.65800219391,2457
rat195_n582_bounded-strongly-corr_01.ttp:,51.0,51660.0,79460.0,2455,3410.2718251178076,33012.097741895464,1565
rat195_n582_bounded-strongly-corr_01.ttp:,106.0,51605.0,78205.0,2462,3085.06656865855,36186.393334870554,2457
rat195_n582_bounded-strongly-corr_01.ttp:,106.0,51605.0,78205.0,2462,3085.06656865855,36186.393334870554,2429
rat195_n582_bounded-strongly-corr_01.ttp:,30.0,51681.0,77781.0,2466,3047.4317439695305,36274.979647135,2322
rat195_n582_bounded-strongly-corr_01.ttp:,142.0,51569.0,80369.0,2448,3462.1071346942113,33215.10082546485,1487
rat195_n582_bounded-strongly-corr_01.ttp:,30.0,51681.0,77781.0,2466,3061.18516870823,36087.65800219391,2513
rat195_n582_bounded-strongly-corr_01.ttp:,142.0,51569.0,80369.0,2448,3462.1071346942113,33215.10082546485,1536
rat195_n582_bounded-strongly-corr_01.ttp:,142.0,51569.0,80369.0,2448,3462.1071346942113,33215.10082546485,1581
rat195_n582_bounded-strongly-corr_01.ttp:,48.0,51663.0,79563.0,2465,3170.097497336088,36386.272086282486,2486
rat195_n582_bounded-strongly-corr_01.ttp:,30.0,51681.0,77781.0,2466,3047.4317439695305,36274.979647135,2340
rat195_n582_bounded-strongly-corr_01.ttp:,106.0,51605.0,78205.0,2462,3085.06656865855,36186.393334870554,2483
rat195_n582_bounded-strongly-corr_01.ttp:,142.0,51569.0,80369.0,2448,3462.1071346942113,33215.10082546485,1546
rat195_n582_bounded-strongly-corr_01.ttp:,51.0,51660.0,79460.0,2455,3410.2718251178076,33012.097741895464,1539
rat195_n582_bounded-strongly-corr_01.ttp:,48.0,51663.0,79563.0,2465,3170.097497336088,36386.272086282486,2564
rat195_n582_bounded-strongly-corr_01.ttp:,106.0,51605.0,78205.0,2462,3085.06656865855,36186.393334870554,2387
rat195_n582_bounded-strongly-corr_01.ttp:,1.0,51710.0,81310.0,2457,3509.539673331874,33510.06964921988,1497
rat195_n582_bounded-strongly-corr_01.ttp:,51.0,51660.0,79460.0,2455,3410.2718251178076,33012.097741895464,1487
rat195_n582_bounded-strongly-corr_01.ttp:,154.0,51557.0,80957.0,2458,3489.239449073034,33433.558703625284,1526
rat195_n582_bounded-strongly-corr_01.ttp:,30.0,51681.0,77781.0,2466,3047.4317439695305,36274.979647135,2427
rat195_n582_bounded-strongly-corr_01.ttp:,30.0,51681.0,77781.0,2466,3047.4317439695305,36274.979647135,2504
rat195_n582_bounded-strongly-corr_01.ttp:,142.0,51569.0,80369.0,2448,3462.1071346942113,33215.10082546485,1481
rat195_n582_bounded-strongly-corr_01.ttp:,142.0,51569.0,80369.0,2448,3462.1071346942113,33215.10082546485,1571
rat195_n582_bounded-strongly-corr_01.ttp:,30.0,51681.0,77781.0,2466,3047.4317439695305,36274.979647135,2508
RESULTS,FOR,heuristics,:,26
rat195_n582_bounded-strongly-corr_01.ttp:,30.0,51681.0,77781.0,2466,3061.18516870823,36087.65800219391,8183
rat195_n582_bounded-strongly-corr_01.ttp:,0.0,51711.0,80511.0,2448,3472.3068863198373,33218.18020832382,7549
rat195_n582_bounded-strongly-corr_01.ttp:,51.0,51660.0,79460.0,2455,3410.2718251178076,33012.097741895464,4490
rat195_n582_bounded-strongly-corr_01.ttp:,146.0,51565.0,78765.0,2458,3405.5111151205624,32381.938612057944,4291
rat195_n582_bounded-strongly-corr_01.ttp:,142.0,51569.0,80369.0,2448,3462.1071346942113,33215.10082546485,4402
rat195_n582_bounded-strongly-corr_01.ttp:,1.0,51710.0,81310.0,2457,3509.539673331874,33510.06964921988,4468
rat195_n582_bounded-strongly-corr_01.ttp:,15.0,51696.0,78396.0,2462,3093.7618748448435,36258.96326461323,9233
rat195_n582_bounded-strongly-corr_01.ttp:,17.0,51694.0,79494.0,2465,3161.7227929133646,36431.335560519976,10602
rat195_n582_bounded-strongly-corr_01.ttp:,142.0,51569.0,80369.0,2448,3462.1071346942113,33215.10082546485,4432
rat195_n582_bounded-strongly-corr_01.ttp:,27.0,51684.0,78084.0,2454,3044.8003980249423,36613.81857890029,4858
rat195_n582_bounded-strongly-corr_01.ttp:,30.0,51681.0,77781.0,2466,3047.4317439695305,36274.979647135,8042
rat195_n582_bounded-strongly-corr_01.ttp:,51.0,51660.0,79460.0,2455,3410.2718251178076,33012.097741895464,4591
rat195_n582_bounded-strongly-corr_01.ttp:,30.0,51681.0,77781.0,2466,3047.4317439695305,36274.979647135,8032
rat195_n582_bounded-strongly-corr_01.ttp:,30.0,51681.0,77781.0,2466,3047.4317439695305,36274.979647135,8050
rat195_n582_bounded-strongly-corr_01.ttp:,24.0,51687.0,77887.0,2466,3053.5639069542362,36297.4595872833,8371
rat195_n582_bounded-strongly-corr_01.ttp:,24.0,51687.0,78187.0,2453,3090.1854893691193,36098.6736347926,6389
rat195_n582_bounded-strongly-corr_01.ttp:,30.0,51681.0,77781.0,2466,3047.4317439695305,36274.979647135,7920
rat195_n582_bounded-strongly-corr_01.ttp:,11.0,51700.0,79600.0,2465,3173.9154144795148,36371.27205478901,10608
rat195_n582_bounded-strongly-corr_01.ttp:,102.0,51609.0,79509.0,2452,3469.7869282134648,32250.502037732615,2404
rat195_n582_bounded-strongly-corr_01.ttp:,30.0,51681.0,77781.0,2466,3047.4317439695305,36274.979647135,7924
rat195_n582_bounded-strongly-corr_01.ttp:,142.0,51569.0,80369.0,2450,3456.186289914924,33295.74273135873,4213
rat195_n582_bounded-strongly-corr_01.ttp:,51.0,51660.0,79460.0,2455,3410.2718251178076,33012.097741895464,4221
rat195_n582_bounded-strongly-corr_01.ttp:,24.0,51687.0,77887.0,2466,3053.5639069542362,36297.4595872833,8538
rat195_n582_bounded-strongly-corr_01.ttp:,45.0,51666.0,78066.0,2467,3095.0701441323254,35911.14463691773,11074
rat195_n582_bounded-strongly-corr_01.ttp:,51.0,51660.0,79460.0,2455,3410.2718251178076,33012.097741895464,4231
rat195_n582_bounded-strongly-corr_01.ttp:,1.0,51710.0,78210.0,2462,3082.5527176965716,36225.6319849727,11057
rat195_n582_bounded-strongly-corr_01.ttp:,1.0,51710.0,81310.0,2457,3509.539673331874,33510.06964921988,4174
rat195_n582_bounded-strongly-corr_01.ttp:,16.0,51695.0,78495.0,2462,3104.987166767572,36205.07478862567,10340
rat195_n582_bounded-strongly-corr_01.ttp:,142.0,51569.0,80369.0,2448,3462.1071346942113,33215.10082546485,4214
rat195_n582_bounded-strongly-corr_01.ttp:,51.0,51660.0,79460.0,2455,3410.2718251178076,33012.097741895464,4145
RESULTS,FOR,heuristics,:,27
rat195_n582_bounded-strongly-corr_01.ttp:,11.0,51700.0,78400.0,2453,3059.018064787098,36736.17395759973,61705
rat195_n582_bounded-strongly-corr_01.ttp:,119.0,51592.0,77992.0,2454,3039.660624302536,36591.82229699947,61948
rat195_n582_bounded-strongly-corr_01.ttp:,28.0,51683.0,78183.0,2454,3034.3115420905597,36855.67679672658,61795
rat195_n582_bounded-strongly-corr_01.ttp:,28.0,51683.0,78183.0,2454,3034.3115420905597,36855.67679672658,61956
rat195_n582_bounded-strongly-corr_01.ttp:,119.0,51592.0,77992.0,2454,3039.660624302536,36591.82229699947,61982
rat195_n582_bounded-strongly-corr_01.ttp:,26.0,51685.0,79185.0,2450,3113.352505574679,36781.13887407287,61337
rat195_n582_bounded-strongly-corr_01.ttp:,28.0,51683.0,78183.0,2454,3034.3115420905597,36855.67679672658,62047
rat195_n582_bounded-strongly-corr_01.ttp:,119.0,51592.0,77992.0,2454,3039.660624302536,36591.82229699947,62065
rat195_n582_bounded-strongly-corr_01.ttp:,48.0,51663.0,79563.0,2465,3170.097497336088,36386.272086282486,62843
rat195_n582_bounded-strongly-corr_01.ttp:,26.0,51685.0,79185.0,2450,3113.352505574679,36781.13887407287,61479
rat195_n582_bounded-strongly-corr_01.ttp:,48.0,51663.0,79563.0,2465,3170.097497336088,36386.272086282486,62779
rat195_n582_bounded-strongly-corr_01.ttp:,48.0,51663.0,79563.0,2465,3170.097497336088,36386.272086282486,62753
rat195_n582_bounded-strongly-corr_01.ttp:,122.0,51589.0,78689.0,2453,3063.020660063895,36970.65860992976,61982
rat195_n582_bounded-strongly-corr_01.ttp:,48.0,51663.0,79563.0,2465,3170.097497336088,36386.272086282486,62779
rat195_n582_bounded-strongly-corr_01.ttp:,26.0,51685.0,79185.0,2450,3113.352505574679,36781.13887407287,61536
rat195_n582_bounded-strongly-corr_01.ttp:,48.0,51663.0,79563.0,2465,3170.097497336088,36386.272086282486,62665
rat195_n582_bounded-strongly-corr_01.ttp:,28.0,51683.0,78183.0,2454,3034.3115420905597,36855.67679672658,62020
rat195_n582_bounded-strongly-corr_01.ttp:,28.0,51683.0,78183.0,2454,3034.3115420905597,36855.67679672658,61817
rat195_n582_bounded-strongly-corr_01.ttp:,28.0,51683.0,78183.0,2454,3034.3115420905597,36855.67679672658,61884
rat195_n582_bounded-strongly-corr_01.ttp:,28.0,51683.0,78183.0,2454,3034.3115420905597,36855.67679672658,61774
rat195_n582_bounded-strongly-corr_01.ttp:,8.0,51703.0,78503.0,2450,3076.4642046850045,36601.55753219024,61513
rat195_n582_bounded-strongly-corr_01.ttp:,28.0,51683.0,78183.0,2454,3034.3115420905597,36855.67679672658,61999
rat195_n582_bounded-strongly-corr_01.ttp:,28.0,51683.0,78183.0,2454,3034.3115420905597,36855.67679672658,62031
rat195_n582_bounded-strongly-corr_01.ttp:,28.0,51683.0,78183.0,2454,3034.3115420905597,36855.67679672658,61867
rat195_n582_bounded-strongly-corr_01.ttp:,11.0,51700.0,78400.0,2453,3059.018064787098,36736.17395759973,61576
rat195_n582_bounded-strongly-corr_01.ttp:,28.0,51683.0,78183.0,2454,3034.3115420905597,36855.67679672658,61821
rat195_n582_bounded-strongly-corr_01.ttp:,28.0,51683.0,78183.0,2454,3034.3115420905597,36855.67679672658,61626
rat195_n582_bounded-strongly-corr_01.ttp:,48.0,51663.0,79563.0,2465,3170.097497336088,36386.272086282486,62816
rat195_n582_bounded-strongly-corr_01.ttp:,48.0,51663.0,79563.0,2465,3170.097497336088,36386.272086282486,62717
rat195_n582_bounded-strongly-corr_01.ttp:,119.0,51592.0,77992.0,2454,3039.660624302536,36591.82229699947,62048
RESULTS,FOR,heuristics,:,28
rat195_n582_bounded-strongly-corr_01.ttp:,8.0,51703.0,78503.0,2450,3076.4642046850045,36601.55753219024,62782
rat195_n582_bounded-strongly-corr_01.ttp:,14.0,51697.0,78797.0,2453,3068.1220217405057,37009.17806389432,65386
rat195_n582_bounded-strongly-corr_01.ttp:,35.0,51676.0,79776.0,2461,3164.888157275826,36670.223297903256,70360
rat195_n582_bounded-strongly-corr_01.ttp:,9.0,51702.0,79202.0,2449,3162.774086308239,36125.01694448179,68935
rat195_n582_bounded-strongly-corr_01.ttp:,12.0,51699.0,79599.0,2465,3171.7229691902767,36400.133159628436,68682
rat195_n582_bounded-strongly-corr_01.ttp:,28.0,51683.0,78183.0,2454,3034.3115420905597,36855.67679672658,64716
rat195_n582_bounded-strongly-corr_01.ttp:,12.0,51699.0,78099.0,2454,3044.977010179451,36626.41312135588,65161
rat195_n582_bounded-strongly-corr_01.ttp:,8.0,51703.0,78503.0,2450,3076.4642046850045,36601.55753219024,63086
rat195_n582_bounded-strongly-corr_01.ttp:,12.0,51699.0,77799.0,2455,3050.8376912548315,36246.590645109194,64795
rat195_n582_bounded-strongly-corr_01.ttp:,8.0,51703.0,78503.0,2450,3076.4642046850045,36601.55753219024,62756
rat195_n582_bounded-strongly-corr_01.ttp:,48.0,51663.0,79563.0,2465,3170.097497336088,36386.272086282486,68456
rat195_n582_bounded-strongly-corr_01.ttp:,26.0,51685.0,79185.0,2450,3113.352505574679,36781.13887407287,62921
rat195_n582_bounded-strongly-corr_01.ttp:,28.0,51683.0,78183.0,2454,3034.3115420905597,36855.67679672658,64654
rat195_n582_bounded-strongly-corr_01.ttp:,28.0,51683.0,78183.0,2454,3034.3115420905597,36855.67679672658,64713
rat195_n582_bounded-strongly-corr_01.ttp:,28.0,51683.0,78183.0,2454,3034.3115420905597,36855.67679672658,64616
rat195_n582_bounded-strongly-corr_01.ttp:,28.0,51683.0,78183.0,2454,3047.9365481153973,36670.10421466829,62909
rat195_n582_bounded-strongly-corr_01.ttp:,48.0,51663.0,79563.0,2465,3170.097497336088,36386.272086282486,68397
rat195_n582_bounded-strongly-corr_01.ttp:,1.0,51710.0,79210.0,2450,3115.112740366064,36782.16447621421,65740
rat195_n582_bounded-strongly-corr_01.ttp:,8.0,51703.0,78503.0,2450,3076.4642046850045,36601.55753219024,62687
rat195_n582_bounded-strongly-corr_01.ttp:,28.0,51683.0,78183.0,2454,3034.3115420905597,36855.67679672658,64594
rat195_n582_bounded-strongly-corr_01.ttp:,28.0,51683.0,78183.0,2454,3034.3115420905597,36855.67679672658,64651
rat195_n582_bounded-strongly-corr_01.ttp:,9.0,51702.0,78302.0,2454,3041.8190902522256,36872.42399076469,66461
rat195_n582_bounded-strongly-corr_01.ttp:,15.0,51696.0,79596.0,2465,3170.8304972463566,36409.288627504626,71036
rat195_n582_bounded-strongly-corr_01.ttp:,32.0,51679.0,78079.0,2454,3044.2074090970323,36616.89508809842,65451
rat195_n582_bounded-strongly-corr_01.ttp:,28.0,51683.0,78183.0,2454,3034.3115420905597,36855.67679672658,65069
rat195_n582_bounded-strongly-corr_01.ttp:,7.0,51704.0,78104.0,2454,3045.9660380223722,36617.94256213529,67074
rat195_n582_bounded-strongly-corr_01.ttp:,26.0,51685.0,79185.0,2450,3113.352505574679,36781.13887407287,62760
rat195_n582_bounded-strongly-corr_01.ttp:,28.0,51683.0,78183.0,2454,3034.3115420905597,36855.67679672658,65065
rat195_n582_bounded-strongly-corr_01.ttp:,28.0,51683.0,78183.0,2454,3034.3115420905597,36855.67679672658,65099
rat195_n582_bounded-strongly-corr_01.ttp:,28.0,51683.0,78183.0,2454,3034.3115420905597,36855.67679672658,65297
RESULTS,FOR,heuristics,:,29
rat195_n582_bounded-strongly-corr_01.ttp:,28.0,51683.0,78183.0,2454,3034.3115420905597,36855.67679672658,600275
rat195_n582_bounded-strongly-corr_01.ttp:,26.0,51685.0,79185.0,2450,3113.352505574679,36781.13887407287,600009
rat195_n582_bounded-strongly-corr_01.ttp:,48.0,51663.0,79563.0,2465,3170.097497336088,36386.272086282486,600038
rat195_n582_bounded-strongly-corr_01.ttp:,28.0,51683.0,78183.0,2454,3034.3115420905597,36855.67679672658,600039
rat195_n582_bounded-strongly-corr_01.ttp:,26.0,51685.0,79185.0,2450,3113.352505574679,36781.13887407287,600251
rat195_n582_bounded-strongly-corr_01.ttp:,28.0,51683.0,78183.0,2454,3047.9365481153973,36670.10421466829,600006
rat195_n582_bounded-strongly-corr_01.ttp:,119.0,51592.0,77992.0,2454,3039.660624302536,36591.82229699947,600077
rat195_n582_bounded-strongly-corr_01.ttp:,119.0,51592.0,77992.0,2454,3039.660624302536,36591.82229699947,600169
rat195_n582_bounded-strongly-corr_01.ttp:,48.0,51663.0,79563.0,2465,3170.097497336088,36386.272086282486,600268
rat195_n582_bounded-strongly-corr_01.ttp:,28.0,51683.0,78183.0,2454,3034.3115420905597,36855.67679672658,600231
rat195_n582_bounded-strongly-corr_01.ttp:,28.0,51683.0,78183.0,2454,3034.3115420905597,36855.67679672658,600000
rat195_n582_bounded-strongly-corr_01.ttp:,48.0,51663.0,79563.0,2465,3170.097497336088,36386.272086282486,600282
rat195_n582_bounded-strongly-corr_01.ttp:,48.0,51663.0,79563.0,2465,3170.097497336088,36386.272086282486,600314
rat195_n582_bounded-strongly-corr_01.ttp:,48.0,51663.0,79563.0,2465,3170.097497336088,36386.272086282486,600096
rat195_n582_bounded-strongly-corr_01.ttp:,26.0,51685.0,79185.0,2450,3113.352505574679,36781.13887407287,600038
rat195_n582_bounded-strongly-corr_01.ttp:,8.0,51703.0,78503.0,2450,3076.4642046850045,36601.55753219024,600269
rat195_n582_bounded-strongly-corr_01.ttp:,119.0,51592.0,77992.0,2454,3039.660624302536,36591.82229699947,600142
rat195_n582_bounded-strongly-corr_01.ttp:,26.0,51685.0,79185.0,2450,3113.352505574679,36781.13887407287,600208
rat195_n582_bounded-strongly-corr_01.ttp:,119.0,51592.0,77992.0,2454,3039.660624302536,36591.82229699947,600116
rat195_n582_bounded-strongly-corr_01.ttp:,119.0,51592.0,77992.0,2454,3039.660624302536,36591.82229699947,600205
rat195_n582_bounded-strongly-corr_01.ttp:,28.0,51683.0,78183.0,2454,3034.3115420905597,36855.67679672658,600133
rat195_n582_bounded-strongly-corr_01.ttp:,26.0,51685.0,79185.0,2450,3113.352505574679,36781.13887407287,600023
rat195_n582_bounded-strongly-corr_01.ttp:,119.0,51592.0,77992.0,2454,3039.660624302536,36591.82229699947,600029
rat195_n582_bounded-strongly-corr_01.ttp:,28.0,51683.0,78183.0,2454,3034.3115420905597,36855.67679672658,600037
rat195_n582_bounded-strongly-corr_01.ttp:,8.0,51703.0,78503.0,2450,3076.4642046850045,36601.55753219024,600076
rat195_n582_bounded-strongly-corr_01.ttp:,56.0,51655.0,78455.0,2455,3082.3394948946616,36473.536079534715,600116
rat195_n582_bounded-strongly-corr_01.ttp:,26.0,51685.0,79185.0,2450,3113.352505574679,36781.13887407287,600091
rat195_n582_bounded-strongly-corr_01.ttp:,48.0,51663.0,79563.0,2465,3170.097497336088,36386.272086282486,600078
rat195_n582_bounded-strongly-corr_01.ttp:,26.0,51685.0,79185.0,2453,3116.819487533688,36733.91857979117,599987
rat195_n582_bounded-strongly-corr_01.ttp:,48.0,51663.0,79563.0,2465,3170.097497336088,36386.272086282486,600314
RESULTS,FOR,heuristics,:,30
rat195_n582_bounded-strongly-corr_01.ttp:,26.0,51685.0,79185.0,2450,3113.352505574679,36781.13887407287,600175
rat195_n582_bounded-strongly-corr_01.ttp:,48.0,51663.0,79563.0,2465,3170.097497336088,36386.272086282486,600233
rat195_n582_bounded-strongly-corr_01.ttp:,28.0,51683.0,78183.0,2454,3047.9365481153973,36670.10421466829,600024
rat195_n582_bounded-strongly-corr_01.ttp:,28.0,51683.0,78183.0,2454,3034.3115420905597,36855.67679672658,600191
rat195_n582_bounded-strongly-corr_01.ttp:,26.0,51685.0,79185.0,2450,3113.352505574679,36781.13887407287,600153
rat195_n582_bounded-strongly-corr_01.ttp:,35.0,51676.0,79476.0,2465,3160.7928594594923,36426.00125416172,600008
rat195_n582_bounded-strongly-corr_01.ttp:,26.0,51685.0,79685.0,2465,3175.9635137787895,36428.37694233289,600193
rat195_n582_bounded-strongly-corr_01.ttp:,0.0,51711.0,79611.0,2465,3172.920715082551,36395.819860575655,599985
rat195_n582_bounded-strongly-corr_01.ttp:,12.0,51699.0,79599.0,2465,3171.7229691902767,36400.133159628436,599990
rat195_n582_bounded-strongly-corr_01.ttp:,26.0,51685.0,79685.0,2465,3175.9635137787895,36428.37694233289,600135
rat195_n582_bounded-strongly-corr_01.ttp:,28.0,51683.0,78183.0,2454,3034.3115420905597,36855.67679672658,600263
rat195_n582_bounded-strongly-corr_01.ttp:,15.0,51696.0,79596.0,2465,3170.8304972463566,36409.288627504626,600275
rat195_n582_bounded-strongly-corr_01.ttp:,48.0,51663.0,79563.0,2465,3170.097497336088,36386.272086282486,600081
rat195_n582_bounded-strongly-corr_01.ttp:,4.0,51707.0,79407.0,2465,3153.255919539402,36459.654375873346,600294
rat195_n582_bounded-strongly-corr_01.ttp:,28.0,51683.0,78183.0,2454,3034.3115420905597,36855.67679672658,599985
rat195_n582_bounded-strongly-corr_01.ttp:,26.0,51685.0,79185.0,2450,3113.352505574679,36781.13887407287,600232
rat195_n582_bounded-strongly-corr_01.ttp:,24.0,51687.0,79387.0,2465,3156.000751048718,36402.26977071646,600236
rat195_n582_bounded-strongly-corr_01.ttp:,26.0,51685.0,79685.0,2465,3175.9635137787895,36428.37694233289,600286
rat195_n582_bounded-strongly-corr_01.ttp:,15.0,51696.0,79596.0,2465,3170.8304972463566,36409.288627504626,600006
rat195_n582_bounded-strongly-corr_01.ttp:,4.0,51707.0,79507.0,2465,3162.208971430125,36437.7138091217,600181
rat195_n582_bounded-strongly-corr_01.ttp:,11.0,51700.0,79300.0,2465,3148.2698426712295,36420.564742817856,600022
rat195_n582_bounded-strongly-corr_01.ttp:,2.0,51709.0,79609.0,2465,3172.303110281095,36402.23163797149,600214
rat195_n582_bounded-strongly-corr_01.ttp:,48.0,51663.0,79563.0,2465,3170.097497336088,36386.272086282486,600271
rat195_n582_bounded-strongly-corr_01.ttp:,55.0,51656.0,79456.0,2465,3159.316689673641,36426.10668664501,600155
rat195_n582_bounded-strongly-corr_01.ttp:,23.0,51688.0,78088.0,2454,3045.4880915353783,36608.45219328815,600232
rat195_n582_bounded-strongly-corr_01.ttp:,2.0,51709.0,79609.0,2465,3172.303110281095,36402.23163797149,600036
rat195_n582_bounded-strongly-corr_01.ttp:,2.0,51709.0,79509.0,2465,3161.52978481108,36448.964330873096,600246
rat195_n582_bounded-strongly-corr_01.ttp:,0.0,51711.0,78411.0,2454,3044.771253509282,36941.21552720358,600021
rat195_n582_bounded-strongly-corr_01.ttp:,2.0,51709.0,79609.0,2465,3172.303110281095,36402.23163797149,600195
rat195_n582_bounded-strongly-corr_01.ttp:,28.0,51683.0,78183.0,2454,3034.3115420905597,36855.67679672658,599990
