enter number of instance to run
Enter TTP instance file:
Instance :pla33810_n338090_bounded-strongly-corr_01.ttp
RESULTS FOR heuristics : 20
pla33810_n338090_bounded-strongly-corr_01.ttp: 41.0 2.9211318E7 4.4475418E7 66305179 9.357046300414476E7 1.9211392988880914E7 225693
pla33810_n338090_bounded-strongly-corr_01.ttp: 29.0 2.921133E7 4.468713E7 66396387 9.211951199077919E7 1.9814861762489617E7 375520
pla33810_n338090_bounded-strongly-corr_01.ttp: 61.0 2.9211298E7 4.4481498E7 66222808 8.957485400052194E7 2.0296287419859074E7 374351
pla33810_n338090_bounded-strongly-corr_01.ttp: 1.0 2.9211358E7 4.4569458E7 66296833 8.717540789662407E7 2.10320978679115E7 373879
pla33810_n338090_bounded-strongly-corr_01.ttp: 6.0 2.9211353E7 4.4590953E7 66314039 8.917222357403024E7 2.0514452635011833E7 374972
pla33810_n338090_bounded-strongly-corr_01.ttp: 11.0 2.9211348E7 4.4482948E7 66284457 8.61830405969124E7 2.121352703883365E7 376377
pla33810_n338090_bounded-strongly-corr_01.ttp: 7.0 2.9211352E7 4.4630352E7 66357918 8.731415174764675E7 2.1055531028135378E7 383764
pla33810_n338090_bounded-strongly-corr_01.ttp: 84.0 2.9211275E7 4.4612875E7 66297280 8.73242141768768E7 2.1035337172243264E7 370879
pla33810_n338090_bounded-strongly-corr_01.ttp: 75.0 2.9211284E7 4.4576284E7 66174478 8.589443409394388E7 2.138478679463515E7 365017
pla33810_n338090_bounded-strongly-corr_01.ttp: 3.0 2.9211356E7 4.4579956E7 66322131 8.859177107605073E7 2.0660177809466302E7 373363
pla33810_n338090_bounded-strongly-corr_01.ttp: 7.0 2.9211352E7 4.4374352E7 66423591 8.788696077685018E7 2.064487259025045E7 375679
pla33810_n338090_bounded-strongly-corr_01.ttp: 12.0 2.9211347E7 4.4732147E7 66334062 9.100270823639207E7 2.016141577617414E7 380506
pla33810_n338090_bounded-strongly-corr_01.ttp: 10.0 2.9211349E7 4.4677249E7 66283129 8.697148096157423E7 2.119494914037496E7 373878
pla33810_n338090_bounded-strongly-corr_01.ttp: 19.0 2.921134E7 4.451554E7 66291549 8.726668256731625E7 2.0953535706824612E7 373086
pla33810_n338090_bounded-strongly-corr_01.ttp: 30.0 2.9211329E7 4.4736129E7 66320391 9.098780222002654E7 2.0169422400592834E7 377670
pla33810_n338090_bounded-strongly-corr_01.ttp: 130.0 2.9211229E7 4.4498629E7 66288807 8.808894718460281E7 2.071461326015724E7 373535
pla33810_n338090_bounded-strongly-corr_01.ttp: 2.0 2.9211357E7 4.4637357E7 66330661 8.967938616416988E7 2.042392273567413E7 376716
pla33810_n338090_bounded-strongly-corr_01.ttp: 17.0 2.9211342E7 4.4677042E7 66312694 9.169628314801233E7 1.991904555003667E7 373508
pla33810_n338090_bounded-strongly-corr_01.ttp: 16.0 2.9211343E7 4.4709543E7 66335644 8.974915144659501E7 2.0477272109419346E7 378555
pla33810_n338090_bounded-strongly-corr_01.ttp: 45.0 2.9211314E7 4.4619214E7 66281900 8.923743711836053E7 2.0525105978042655E7 370267
pla33810_n338090_bounded-strongly-corr_01.ttp: 5.0 2.9211354E7 4.4536254E7 66278483 8.813162732224658E7 2.074071462299342E7 373700
pla33810_n338090_bounded-strongly-corr_01.ttp: 11.0 2.9211348E7 4.4621048E7 66270496 8.667764174314821E7 2.1218084729349982E7 378448
pla33810_n338090_bounded-strongly-corr_01.ttp: 4.0 2.9211355E7 4.4628655E7 66317038 9.0664872277215E7 2.0149139485151947E7 370068
pla33810_n338090_bounded-strongly-corr_01.ttp: 11.0 2.9211348E7 4.4487748E7 66345290 8.864369373247889E7 2.0553950692230698E7 374940
pla33810_n338090_bounded-strongly-corr_01.ttp: 4.0 2.9211355E7 4.4599755E7 66297831 9.11949100351867E7 1.997712929049959E7 383272
pla33810_n338090_bounded-strongly-corr_01.ttp: 4.0 2.9211355E7 4.4642755E7 66268634 9.077612035149904E7 2.013320250509526E7 371411
pla33810_n338090_bounded-strongly-corr_01.ttp: 56.0 2.9211303E7 4.4599903E7 66293576 8.904329596545465E7 2.0558213089327242E7 381900
pla33810_n338090_bounded-strongly-corr_01.ttp: 67.0 2.9211292E7 4.4730192E7 66238206 8.981964408608726E7 2.047888809675644E7 375708
pla33810_n338090_bounded-strongly-corr_01.ttp: 45.0 2.9211314E7 4.4558014E7 66329775 8.862019970684706E7 2.063056007915129E7 375268
pla33810_n338090_bounded-strongly-corr_01.ttp: 11.0 2.9211348E7 4.4577148E7 66304403 8.922239853192776E7 2.04871003963795E7 373512
RESULTS FOR heuristics : 24
pla33810_n338090_bounded-strongly-corr_01.ttp: 1.0 2.9211358E7 4.4519358E7 66289567 8.737658141629791E7 2.092768101759956E7 376987
pla33810_n338090_bounded-strongly-corr_01.ttp: 98.0 2.9211261E7 4.4618361E7 66245449 8.771021788853638E7 2.0936602170095176E7 368819
pla33810_n338090_bounded-strongly-corr_01.ttp: 3.0 2.9211356E7 4.4533856E7 66272021 8.779656323480685E7 2.0828783926602148E7 375682
pla33810_n338090_bounded-strongly-corr_01.ttp: 19.0 2.921134E7 4.463474E7 66224781 8.895243382230952E7 2.0617582867976427E7 371569
pla33810_n338090_bounded-strongly-corr_01.ttp: 30.0 2.9211329E7 4.4372529E7 66358506 8.721004307747255E7 2.082581736908241E7 367043
pla33810_n338090_bounded-strongly-corr_01.ttp: 33.0 2.9211326E7 4.4735126E7 66340289 9.315639287941098E7 1.9582899922559034E7 376901
pla33810_n338090_bounded-strongly-corr_01.ttp: 12.0 2.9211347E7 4.4624347E7 66326030 9.039592636340505E7 2.0217446881880634E7 375149
pla33810_n338090_bounded-strongly-corr_01.ttp: 81.0 2.9211278E7 4.4468078E7 66359940 8.933921329803841E7 2.0346490409529626E7 381216
pla33810_n338090_bounded-strongly-corr_01.ttp: 31.0 2.9211328E7 4.4599428E7 66219806 8.866704597086674E7 2.065932558786598E7 366432
pla33810_n338090_bounded-strongly-corr_01.ttp: 67.0 2.9211292E7 4.4633292E7 66273655 9.06171334693972E7 2.0166665963262755E7 367548
pla33810_n338090_bounded-strongly-corr_01.ttp: 0.0 2.9211359E7 4.4396559E7 66299823 8.798811858185053E7 2.0639766982900355E7 377237
pla33810_n338090_bounded-strongly-corr_01.ttp: 13.0 2.9211346E7 4.4670446E7 66190121 8.662258342423138E7 2.1282348475457527E7 362222
pla33810_n338090_bounded-strongly-corr_01.ttp: 40.0 2.9211319E7 4.4626219E7 66271350 8.730172757938346E7 2.1054752553566463E7 365887
pla33810_n338090_bounded-strongly-corr_01.ttp: 39.0 2.921132E7 4.460872E7 66261393 8.643743261052026E7 2.127061319515953E7 372983
pla33810_n338090_bounded-strongly-corr_01.ttp: 96.0 2.9211263E7 4.4585063E7 66323759 8.705556098084578E7 2.108006153517164E7 372749
pla33810_n338090_bounded-strongly-corr_01.ttp: 10.0 2.9211349E7 4.4653349E7 66346913 8.981737648068853E7 2.0402657350214098E7 376206
pla33810_n338090_bounded-strongly-corr_01.ttp: 14.0 2.9211345E7 4.4600945E7 66302953 8.818627050066955E7 2.079065196481922E7 380574
pla33810_n338090_bounded-strongly-corr_01.ttp: 132.0 2.9211227E7 4.4718027E7 66390521 9.152609035080194E7 2.0005982605283473E7 363382
pla33810_n338090_bounded-strongly-corr_01.ttp: 100.0 2.9211259E7 4.4581259E7 66279723 8.957581232514262E7 2.039578967221149E7 272059
pla33810_n338090_bounded-strongly-corr_01.ttp: 32.0 2.9211327E7 4.4593427E7 66377072 8.614937814765061E7 2.1333094900134332E7 372592
pla33810_n338090_bounded-strongly-corr_01.ttp: 16.0 2.9211343E7 4.4584943E7 66213095 8.948206207662728E7 2.0424786239310633E7 353404
pla33810_n338090_bounded-strongly-corr_01.ttp: 12.0 2.9211347E7 4.4570347E7 66338630 9.005811588487412E7 2.0254655711083986E7 360138
pla33810_n338090_bounded-strongly-corr_01.ttp: 5.0 2.9211354E7 4.4389854E7 66288697 8.760861448731227E7 2.0735528088425685E7 359865
pla33810_n338090_bounded-strongly-corr_01.ttp: 13.0 2.9211346E7 4.4510546E7 66235939 8.654860106424777E7 2.11424237126531E7 352613
pla33810_n338090_bounded-strongly-corr_01.ttp: 48.0 2.9211311E7 4.4649311E7 66235345 9.047403453150088E7 2.0221321676494762E7 354593
pla33810_n338090_bounded-strongly-corr_01.ttp: 41.0 2.9211318E7 4.4583118E7 66314237 8.860266867729653E7 2.0660397457129933E7 362066
pla33810_n338090_bounded-strongly-corr_01.ttp: 43.0 2.9211316E7 4.4599616E7 66244769 8.677401146829973E7 2.117063290355907E7 357245
pla33810_n338090_bounded-strongly-corr_01.ttp: 12.0 2.9211347E7 4.4484647E7 66232936 8.558023613263465E7 2.137798324418864E7 352598
pla33810_n338090_bounded-strongly-corr_01.ttp: 16.0 2.9211343E7 4.4553443E7 66266222 8.787244946138169E7 2.0827881645426944E7 359441
pla33810_n338090_bounded-strongly-corr_01.ttp: 10.0 2.9211349E7 4.4639849E7 66261557 8.742252043936598E7 2.1035768481371183E7 358152
