enter number of instance to run
Enter TTP instance file:
Enter TTP instance file:
Enter TTP instance file:
Instance :pla85900_n858990_uncorr_01.ttp
RESULTS FOR heuristics : 20
pla85900_n858990_uncorr_01.ttp: 2197510.0 3.6869892E7 1.32741684E8 142745162 2.0952129334272373E8 4.683795372948328E7 377245
pla85900_n858990_uncorr_01.ttp: 2990629.0 3.6076773E7 1.31172915E8 142670107 2.118224749428059E8 4.4325700273449585E7 374407
pla85900_n858990_uncorr_01.ttp: 2565373.0 3.6502029E7 1.31973685E8 142776670 2.0804621192408445E8 4.667473811112538E7 360680
pla85900_n858990_uncorr_01.ttp: 2554513.0 3.6512889E7 1.32018631E8 142647672 2.077599172134897E8 4.6837064942469224E7 356584
pla85900_n858990_uncorr_01.ttp: 2975529.0 3.6091873E7 1.31211389E8 142722171 2.114907129123462E8 4.4500196705938056E7 362557
pla85900_n858990_uncorr_01.ttp: 3051005.0 3.6016397E7 1.31217957E8 142728075 2.122958139511974E8 4.4176673280009076E7 369205
pla85900_n858990_uncorr_01.ttp: 4356936.0 3.4710466E7 1.28646773E8 142662834 2.0720658506151545E8 4.369207312477867E7 389539
pla85900_n858990_uncorr_01.ttp: 3023763.0 3.6043639E7 1.31337408E8 142788529 2.11692136636699E8 4.454363197895342E7 383709
pla85900_n858990_uncorr_01.ttp: 2605980.0 3.6461422E7 1.30945974E8 142631247 2.0883045704611078E8 4.532548661109458E7 458514
pla85900_n858990_uncorr_01.ttp: 2985046.0 3.6082356E7 1.31299892E8 142742491 2.0835101862233365E8 4.5875974364843205E7 490599
pla85900_n858990_uncorr_01.ttp: 2981575.0 3.6085827E7 1.31475653E8 142675234 2.0883931623265165E8 4.585153334461282E7 541577
pla85900_n858990_uncorr_01.ttp: 2576407.0 3.6490995E7 1.31912895E8 142661341 2.0727541456074858E8 4.692997503009309E7 559029
pla85900_n858990_uncorr_01.ttp: 2562225.0 3.6505177E7 1.32032094E8 142704779 2.0805647711490226E8 4.6728938382890075E7 576915
pla85900_n858990_uncorr_01.ttp: 2941501.0 3.6125901E7 1.31361432E8 142735620 2.0983457705474022E8 4.532925540755652E7 568441
pla85900_n858990_uncorr_01.ttp: 2540042.0 3.652736E7 1.32004654E8 142718035 2.0789642869048882E8 4.6767118236899585E7 540736
pla85900_n858990_uncorr_01.ttp: 3029607.0 3.6037795E7 1.31298486E8 142768135 2.0939186761576322E8 4.544782027753709E7 546339
pla85900_n858990_uncorr_01.ttp: 2973320.0 3.6094082E7 1.31342861E8 142768916 2.0815598382630134E8 4.599890763121645E7 559886
pla85900_n858990_uncorr_01.ttp: 2188008.0 3.6879394E7 1.32661576E8 142700351 2.0868482953150252E8 4.710079589208397E7 568338
pla85900_n858990_uncorr_01.ttp: 3007989.0 3.6059413E7 1.31376857E8 142687173 2.0942110228170556E8 4.551420506450072E7 536417
pla85900_n858990_uncorr_01.ttp: 2962696.0 3.6104706E7 1.31338606E8 142736894 2.079443445208397E8 4.608142474645573E7 449095
pla85900_n858990_uncorr_01.ttp: 2748258.0 3.6319144E7 1.31719552E8 142766716 2.079331395972225E8 4.6466964765138775E7 551258
pla85900_n858990_uncorr_01.ttp: 2994045.0 3.6073357E7 1.31334226E8 142740362 2.088429605968954E8 4.5708612155272886E7 435402
pla85900_n858990_uncorr_01.ttp: 2990046.0 3.6077356E7 1.31325239E8 142723582 2.0893204485523218E8 4.566310060935481E7 370975
pla85900_n858990_uncorr_01.ttp: 2528766.0 3.6538636E7 1.31942679E8 142652826 2.0828009884641966E8 4.654783847296794E7 387644
pla85900_n858990_uncorr_01.ttp: 2963776.0 3.6103626E7 1.31328571E8 142670731 2.0875220095847496E8 4.5740168607025266E7 372275
pla85900_n858990_uncorr_01.ttp: 2567161.0 3.6500241E7 1.32016758E8 142689972 2.0830603068013436E8 4.661128542114492E7 358149
pla85900_n858990_uncorr_01.ttp: 2574225.0 3.6493177E7 1.31930178E8 142691419 2.087273619728269E8 4.635195959114097E7 353897
pla85900_n858990_uncorr_01.ttp: 2992709.0 3.6074693E7 1.3138922E8 142732381 2.092450518415592E8 4.5598748744960725E7 364753
pla85900_n858990_uncorr_01.ttp: 2769482.0 3.629792E7 1.31625801E8 142718109 2.0805787575056294E8 4.6322071942269206E7 377922
pla85900_n858990_uncorr_01.ttp: 3042601.0 3.6024801E7 1.31349792E8 142781062 2.095155383359539E8 4.544842128225891E7 373879
RESULTS FOR heuristics : 24
pla85900_n858990_uncorr_01.ttp: 2976008.0 3.6091394E7 1.31378479E8 142709916 2.106832584432406E8 4.499834303827135E7 364434
pla85900_n858990_uncorr_01.ttp: 2574087.0 3.6493315E7 1.31935797E8 142711685 2.0768201207944307E8 4.6786172047428355E7 386647
pla85900_n858990_uncorr_01.ttp: 2972813.0 3.6094589E7 1.31403882E8 142661351 2.0870885008437616E8 4.583325346540578E7 369769
pla85900_n858990_uncorr_01.ttp: 2980681.0 3.6086721E7 1.3137482E8 142777564 2.0753165816095594E8 4.6286840154008076E7 373825
pla85900_n858990_uncorr_01.ttp: 2338296.0 3.6729106E7 1.31940005E8 142733661 2.0739473343136185E8 4.690816429314165E7 368436
pla85900_n858990_uncorr_01.ttp: 2963869.0 3.6103533E7 1.31370509E8 142653711 2.0823385890306607E8 4.599462684974292E7 365306
pla85900_n858990_uncorr_01.ttp: 2545382.0 3.652202E7 1.32066592E8 142721490 2.0762408165752646E8 4.694071852041416E7 371481
pla85900_n858990_uncorr_01.ttp: 2971973.0 3.6095429E7 1.31334359E8 142745022 2.0796725595127082E8 4.606778405997898E7 364993
pla85900_n858990_uncorr_01.ttp: 3004807.0 3.6062595E7 1.31363105E8 142625489 2.0847477541136423E8 4.588844708134067E7 361550
pla85900_n858990_uncorr_01.ttp: 3001451.0 3.6065951E7 1.31295239E8 142687826 2.083793820466881E8 4.5859692360857874E7 380789
pla85900_n858990_uncorr_01.ttp: 2967184.0 3.6100218E7 1.31327683E8 142678467 2.0844200437274474E8 4.586646120717466E7 362081
pla85900_n858990_uncorr_01.ttp: 2228625.0 3.6838777E7 1.32673235E8 142796930 2.0926433839251575E8 4.687485625906855E7 367404
pla85900_n858990_uncorr_01.ttp: 2991197.0 3.6076205E7 1.31389342E8 142766223 2.08959596416472E8 4.571590746924649E7 370172
pla85900_n858990_uncorr_01.ttp: 2553200.0 3.6514202E7 1.31897365E8 142709211 2.0766384854351515E8 4.675518709715879E7 368481
pla85900_n858990_uncorr_01.ttp: 3059018.0 3.6008384E7 1.31203049E8 142717042 2.1269728300879526E8 4.399716296639395E7 375577
pla85900_n858990_uncorr_01.ttp: 2753429.0 3.6313973E7 1.31674246E8 142718453 2.0771762170466998E8 4.6510021101085305E7 354799
pla85900_n858990_uncorr_01.ttp: 2925346.0 3.6142056E7 1.31005471E8 142658460 2.0931735907016084E8 4.5185353781234056E7 360533
pla85900_n858990_uncorr_01.ttp: 2557983.0 3.6509419E7 1.32032779E8 142745800 2.0839865133659956E8 4.658933195199418E7 382041
pla85900_n858990_uncorr_01.ttp: 2968038.0 3.6099364E7 1.3113271E8 142642281 2.0863284881594884E8 4.559324198546098E7 377232
pla85900_n858990_uncorr_01.ttp: 2214392.0 3.685301E7 1.3271483E8 142673521 2.0893796597816232E8 4.705026394895345E7 356020
pla85900_n858990_uncorr_01.ttp: 4505238.0 3.4562164E7 1.2847054E8 142708784 2.0851463303956535E8 4.297954045377821E7 366052
pla85900_n858990_uncorr_01.ttp: 2973543.0 3.6093859E7 1.31172314E8 142649710 2.0962309508694842E8 4.5226845014351144E7 371957
pla85900_n858990_uncorr_01.ttp: 4474722.0 3.459268E7 1.28522995E8 142653386 2.08267850674633E8 4.313317622340047E7 372693
pla85900_n858990_uncorr_01.ttp: 2526772.0 3.654063E7 1.3207071E8 142748264 2.075780646314213E8 4.6963703501117274E7 374181
pla85900_n858990_uncorr_01.ttp: 2978676.0 3.6088726E7 1.31324256E8 142691911 2.0835944624973553E8 4.589688303760843E7 371641
pla85900_n858990_uncorr_01.ttp: 2567701.0 3.6499701E7 1.31999555E8 142769806 2.0805780448474842E8 4.6695855161253154E7 359694
pla85900_n858990_uncorr_01.ttp: 3012138.0 3.6055264E7 1.31302767E8 142706642 2.085444574593573E8 4.579953944166352E7 360131
pla85900_n858990_uncorr_01.ttp: 3008432.0 3.605897E7 1.31402435E8 142731658 2.089956642932573E8 4.571421263976452E7 358816
pla85900_n858990_uncorr_01.ttp: 2966430.0 3.6100972E7 1.31308815E8 142670990 2.0817452939814895E8 4.595725794675894E7 372278
pla85900_n858990_uncorr_01.ttp: 2978761.0 3.6088641E7 1.31337671E8 142715535 2.0907554697871822E8 4.561669673872553E7 378471
Instance :pla85900_n858990_uncorr-similar-weights_01.ttp
RESULTS FOR heuristics : 20
pla85900_n858990_uncorr-similar-weights_01.ttp: 165.0 7.8441173E7 6.7529477E7 142627206 1.9760710086803755E8 2.8008056826392487E7 370258
pla85900_n858990_uncorr-similar-weights_01.ttp: 724.0 7.8440614E7 6.7344486E7 142690534 2.074255100857525E8 2.58593839828495E7 374158
pla85900_n858990_uncorr-similar-weights_01.ttp: 826.0 7.8440512E7 6.7610974E7 142677087 2.031406770600086E8 2.698283858799828E7 372066
pla85900_n858990_uncorr-similar-weights_01.ttp: 737.0 7.8440601E7 6.7383271E7 142755218 2.0916411916989356E8 2.5550447166021287E7 374825
pla85900_n858990_uncorr-similar-weights_01.ttp: 771.0 7.8440567E7 6.7577726E7 142713872 2.0396655219149426E8 2.678441556170115E7 373236
pla85900_n858990_uncorr-similar-weights_01.ttp: 722.0 7.8440616E7 6.7661229E7 142731550 1.9840808323221585E8 2.7979612353556827E7 367964
pla85900_n858990_uncorr-similar-weights_01.ttp: 572.0 7.8440766E7 6.7573507E7 142661234 2.0378681469667625E8 2.6816144060664743E7 376793
pla85900_n858990_uncorr-similar-weights_01.ttp: 220.0 7.8441118E7 6.7663977E7 142756647 2.058661104887299E8 2.6490754902254015E7 375256
pla85900_n858990_uncorr-similar-weights_01.ttp: 900.0 7.8440438E7 6.7648567E7 142680080 2.0367897143065807E8 2.691277271386838E7 378834
pla85900_n858990_uncorr-similar-weights_01.ttp: 505.0 7.8440833E7 6.7677114E7 142776551 1.993168424504319E8 2.7813745509913616E7 381083
pla85900_n858990_uncorr-similar-weights_01.ttp: 937.0 7.8440401E7 6.7782994E7 142634000 2.0463518289360428E8 2.685595742127914E7 371929
pla85900_n858990_uncorr-similar-weights_01.ttp: 158.0 7.844118E7 6.7598846E7 142661687 1.975688963329402E8 2.808506673341196E7 370892
pla85900_n858990_uncorr-similar-weights_01.ttp: 741.0 7.8440597E7 6.7378872E7 142665964 2.0648018751688874E8 2.608283449662225E7 373479
pla85900_n858990_uncorr-similar-weights_01.ttp: 506.0 7.8440832E7 6.7682407E7 142691638 1.9987488472416687E8 2.7707430055166624E7 372721
pla85900_n858990_uncorr-similar-weights_01.ttp: 661.0 7.8440677E7 6.7591617E7 142767529 2.039308715293397E8 2.680544269413206E7 377077
pla85900_n858990_uncorr-similar-weights_01.ttp: 869.0 7.8440469E7 6.7593587E7 142742666 2.0523868946285793E8 2.654584910742841E7 366241
pla85900_n858990_uncorr-similar-weights_01.ttp: 172.0 7.8441166E7 6.7499469E7 142773725 2.01757873353301E8 2.7147894329339802E7 374833
pla85900_n858990_uncorr-similar-weights_01.ttp: 266.0 7.8441072E7 6.7655578E7 142726887 2.0020109362317172E8 2.7615359275365658E7 368618
pla85900_n858990_uncorr-similar-weights_01.ttp: 640.0 7.8440698E7 6.7421735E7 142680480 2.058664717639159E8 2.624844064721682E7 379686
pla85900_n858990_uncorr-similar-weights_01.ttp: 608.0 7.844073E7 6.7356519E7 142718227 2.0521409493834826E8 2.6313700012330346E7 371771
pla85900_n858990_uncorr-similar-weights_01.ttp: 793.0 7.8440545E7 6.7707835E7 142658734 2.0332581043964615E8 2.7042672912070766E7 371237
pla85900_n858990_uncorr-similar-weights_01.ttp: 688.0 7.844065E7 6.7625232E7 142721289 2.0101437999580368E8 2.7422356000839263E7 373106
pla85900_n858990_uncorr-similar-weights_01.ttp: 577.0 7.8440761E7 6.7381787E7 142667751 2.0620860138365424E8 2.614006672326915E7 376804
pla85900_n858990_uncorr-similar-weights_01.ttp: 538.0 7.84408E7 6.7616882E7 142711242 2.0051051720391583E8 2.7514778559216835E7 372964
pla85900_n858990_uncorr-similar-weights_01.ttp: 609.0 7.8440729E7 6.772126E7 142676662 2.0363634824584427E8 2.6993990350831144E7 373621
pla85900_n858990_uncorr-similar-weights_01.ttp: 593.0 7.8440745E7 6.7624887E7 142636718 1.98189715902894E8 2.7986943819421202E7 380471
pla85900_n858990_uncorr-similar-weights_01.ttp: 699.0 7.8440639E7 6.7619098E7 142743907 1.994137881080201E8 2.7736340378395982E7 370886
pla85900_n858990_uncorr-similar-weights_01.ttp: 190.0 7.8441148E7 6.7555909E7 142698736 1.9757187704723755E8 2.8041533590552486E7 366303
pla85900_n858990_uncorr-similar-weights_01.ttp: 867.0 7.8440471E7 6.7694393E7 142742065 2.0319169133870536E8 2.7056054732258923E7 376086
pla85900_n858990_uncorr-similar-weights_01.ttp: 292.0 7.8441046E7 6.760269E7 142679273 1.9999363330100462E8 2.7603963339799076E7 367018
RESULTS FOR heuristics : 24
pla85900_n858990_uncorr-similar-weights_01.ttp: 820.0 7.8440518E7 6.729746E7 142650219 2.1430019926277378E8 2.443742014744524E7 374188
pla85900_n858990_uncorr-similar-weights_01.ttp: 777.0 7.8440561E7 6.7656208E7 142677188 2.021373720031023E8 2.722873359937954E7 371760
pla85900_n858990_uncorr-similar-weights_01.ttp: 659.0 7.8440679E7 6.7824299E7 142609781 2.048314610022042E8 2.6858006799559154E7 370817
pla85900_n858990_uncorr-similar-weights_01.ttp: 635.0 7.8440703E7 6.7434317E7 142707592 2.0422425890487337E8 2.658946521902532E7 373344
pla85900_n858990_uncorr-similar-weights_01.ttp: 899.0 7.8440439E7 6.7424205E7 142700466 2.0298355796682024E8 2.6827493406635948E7 380265
pla85900_n858990_uncorr-similar-weights_01.ttp: 965.0 7.8440373E7 6.760078E7 142697582 1.9781584896654016E8 2.8037610206691965E7 373558
pla85900_n858990_uncorr-similar-weights_01.ttp: 422.0 7.8440916E7 6.7618377E7 142623275 1.981680656919064E8 2.798476386161872E7 386703
pla85900_n858990_uncorr-similar-weights_01.ttp: 695.0 7.8440643E7 6.7634324E7 142699290 2.0457525930706358E8 2.671927213858728E7 374706
pla85900_n858990_uncorr-similar-weights_01.ttp: 932.0 7.8440406E7 6.749411E7 142808561 2.0170104372095135E8 2.7153901255809724E7 374878
pla85900_n858990_uncorr-similar-weights_01.ttp: 151.0 7.8441187E7 6.7477985E7 142710280 2.042838971314373E8 2.6621205573712535E7 372062
pla85900_n858990_uncorr-similar-weights_01.ttp: 149.0 7.8441189E7 6.7498448E7 142649170 2.0377439175136852E8 2.6743569649726294E7 377894
pla85900_n858990_uncorr-similar-weights_01.ttp: 362.0 7.8440976E7 6.7615943E7 142739675 2.0008327679994568E8 2.7599287640010864E7 375174
pla85900_n858990_uncorr-similar-weights_01.ttp: 54.0 7.8441284E7 6.7608027E7 142688024 1.996019684422099E8 2.7687633311558016E7 375481
pla85900_n858990_uncorr-similar-weights_01.ttp: 160.0 7.8441178E7 6.7642047E7 142711798 2.0210260711610687E8 2.722152557677862E7 372783
pla85900_n858990_uncorr-similar-weights_01.ttp: 438.0 7.84409E7 6.7638057E7 142681214 1.9817721704391438E8 2.8002613591217123E7 378618
pla85900_n858990_uncorr-similar-weights_01.ttp: 328.0 7.844101E7 6.7638953E7 142706138 2.0214487100794238E8 2.720997879841152E7 373582
pla85900_n858990_uncorr-similar-weights_01.ttp: 54.0 7.8441284E7 6.7358845E7 142695351 2.137155404966181E8 2.4615736900676377E7 373138
pla85900_n858990_uncorr-similar-weights_01.ttp: 197.0 7.8441141E7 6.7691566E7 142617834 1.9940813495065302E8 2.7809939009869397E7 372371
pla85900_n858990_uncorr-similar-weights_01.ttp: 273.0 7.8441065E7 6.7499044E7 142655539 2.0355379067688048E8 2.6788285864623904E7 376880
pla85900_n858990_uncorr-similar-weights_01.ttp: 246.0 7.8441092E7 6.7504804E7 142694637 2.0299883500793472E8 2.6905036998413056E7 376858
pla85900_n858990_uncorr-similar-weights_01.ttp: 508.0 7.844083E7 6.7615579E7 142713868 2.0613841827227238E8 2.6387895345545523E7 370450
pla85900_n858990_uncorr-similar-weights_01.ttp: 762.0 7.8440576E7 6.7642649E7 142720968 2.020765527861135E8 2.72273384427773E7 372409
pla85900_n858990_uncorr-similar-weights_01.ttp: 450.0 7.8440888E7 6.7619721E7 142701245 1.9992796552546835E8 2.7634127894906327E7 377221
pla85900_n858990_uncorr-similar-weights_01.ttp: 578.0 7.844076E7 6.7629444E7 142716565 1.980133142105769E8 2.802678115788462E7 372315
pla85900_n858990_uncorr-similar-weights_01.ttp: 15.0 7.8441323E7 6.7597302E7 142698006 1.985162352073225E8 2.78940549585355E7 373272
pla85900_n858990_uncorr-similar-weights_01.ttp: 643.0 7.8440695E7 6.723825E7 142733874 2.1482056312750328E8 2.4274137374499343E7 371183
pla85900_n858990_uncorr-similar-weights_01.ttp: 357.0 7.8440981E7 6.753494E7 142709352 1.989199301362132E8 2.7750953972757354E7 368860
pla85900_n858990_uncorr-similar-weights_01.ttp: 882.0 7.8440456E7 6.7574567E7 142674744 1.9789075717544976E8 2.7996415564910047E7 372716
pla85900_n858990_uncorr-similar-weights_01.ttp: 794.0 7.8440544E7 6.7775276E7 142647296 2.0468190613989967E8 2.6838894772020064E7 374005
pla85900_n858990_uncorr-similar-weights_01.ttp: 404.0 7.8440934E7 6.7451487E7 142686924 1.9974846998927167E8 2.7501793002145663E7 375287
Instance :pla85900_n858990_bounded-strongly-corr_01.ttp
RESULTS FOR heuristics : 20
pla85900_n858990_bounded-strongly-corr_01.ttp: 15.0 7.4164913E7 1.12546013E8 142729219 1.8562016937867635E8 4.943515541125003E7 362129
pla85900_n858990_bounded-strongly-corr_01.ttp: 2.0 7.4164926E7 1.12764826E8 142687424 1.8565624389943418E8 4.9641703074192375E7 360301
pla85900_n858990_bounded-strongly-corr_01.ttp: 13.0 7.4164915E7 1.12599315E8 142731940 1.88051067437513E8 4.866195207124558E7 367432
pla85900_n858990_bounded-strongly-corr_01.ttp: 8.0 7.416492E7 1.1262612E8 142725809 1.8507847554657102E8 4.969943831416585E7 353482
pla85900_n858990_bounded-strongly-corr_01.ttp: 9.0 7.4164919E7 1.12590919E8 142705410 1.895436216984981E8 4.814608762251064E7 372262
pla85900_n858990_bounded-strongly-corr_01.ttp: 96.0 7.4164832E7 1.12252132E8 142701960 1.8764438500117105E8 4.8453041099601835E7 355247
pla85900_n858990_bounded-strongly-corr_01.ttp: 5.0 7.4164923E7 1.12580623E8 142672651 1.8950964949655867E8 4.814734217117005E7 361295
pla85900_n858990_bounded-strongly-corr_01.ttp: 52.0 7.4164876E7 1.12408176E8 142732450 1.8317485919700593E8 5.012872387301798E7 359821
pla85900_n858990_bounded-strongly-corr_01.ttp: 22.0 7.4164906E7 1.12658406E8 142624383 1.8982171321547002E8 4.811902350674019E7 380878
pla85900_n858990_bounded-strongly-corr_01.ttp: 94.0 7.4164834E7 1.12567934E8 142669777 1.898046184876392E8 4.803436371420267E7 365595
pla85900_n858990_bounded-strongly-corr_01.ttp: 43.0 7.4164885E7 1.12589585E8 142666906 1.8979938821802363E8 4.805779300587196E7 360677
pla85900_n858990_bounded-strongly-corr_01.ttp: 81.0 7.4164847E7 1.12687747E8 142646686 1.899322506941673E8 4.8110781763983116E7 367704
pla85900_n858990_bounded-strongly-corr_01.ttp: 66.0 7.4164862E7 1.12613662E8 142755352 1.9268421107718942E8 4.7101030233755596E7 361267
pla85900_n858990_bounded-strongly-corr_01.ttp: 41.0 7.4164887E7 1.12389787E8 142733185 1.8903025317652392E8 4.811950091998186E7 362575
pla85900_n858990_bounded-strongly-corr_01.ttp: 14.0 7.4164914E7 1.12642214E8 142734366 1.9048824004796135E8 4.787621238369314E7 366822
pla85900_n858990_bounded-strongly-corr_01.ttp: 38.0 7.416489E7 1.1253239E8 142741829 1.952556978070903E8 4.6145452745589286E7 378377
pla85900_n858990_bounded-strongly-corr_01.ttp: 100.0 7.4164828E7 1.12495128E8 142616063 1.837880111497343E8 5.000720420909034E7 366407
pla85900_n858990_bounded-strongly-corr_01.ttp: 68.0 7.416486E7 1.1264186E8 142653011 1.9350916102154395E8 4.684874525267505E7 367188
pla85900_n858990_bounded-strongly-corr_01.ttp: 19.0 7.4164909E7 1.12623609E8 142617856 1.8961346981967944E8 4.815502926130898E7 355404
pla85900_n858990_bounded-strongly-corr_01.ttp: 75.0 7.4164853E7 1.12575253E8 142732086 1.8978146443410158E8 4.804955509240546E7 377775
pla85900_n858990_bounded-strongly-corr_01.ttp: 31.0 7.4164897E7 1.12624097E8 142609547 1.8959029211111915E8 4.816339768221948E7 366341
pla85900_n858990_bounded-strongly-corr_01.ttp: 6.0 7.4164922E7 1.12702022E8 142736999 1.8503630454467487E8 4.978967845481054E7 367678
pla85900_n858990_bounded-strongly-corr_01.ttp: 28.0 7.41649E7 1.125834E8 142954455 1.896555949140895E8 4.8100497729209565E7 384872
pla85900_n858990_bounded-strongly-corr_01.ttp: 7.0 7.4164921E7 1.12568721E8 142670448 1.895763387317034E8 4.8112765831220835E7 364223
pla85900_n858990_bounded-strongly-corr_01.ttp: 73.0 7.4164855E7 1.12433855E8 142705354 1.8724352151601458E8 4.877105768455504E7 380557
pla85900_n858990_bounded-strongly-corr_01.ttp: 3.0 7.4164925E7 1.12502625E8 142680178 1.836616128457106E8 5.005767663245839E7 383066
pla85900_n858990_bounded-strongly-corr_01.ttp: 38.0 7.416489E7 1.1226119E8 142633553 1.8347037365889814E8 4.988126295597462E7 363145
pla85900_n858990_bounded-strongly-corr_01.ttp: 84.0 7.4164844E7 1.12656044E8 142699874 1.9362337244914272E8 4.6824097367291465E7 353121
pla85900_n858990_bounded-strongly-corr_01.ttp: 6.0 7.4164922E7 1.12414422E8 142724593 1.840999392842842E8 4.982044264334337E7 366124
pla85900_n858990_bounded-strongly-corr_01.ttp: 3.0 7.4164925E7 1.12127725E8 142685973 1.84346964098972E8 4.9449757206349514E7 359532
RESULTS FOR heuristics : 24
pla85900_n858990_bounded-strongly-corr_01.ttp: 29.0 7.4164899E7 1.12414799E8 142657798 1.8382634119197515E8 4.9913842994728446E7 356459
pla85900_n858990_bounded-strongly-corr_01.ttp: 7.0 7.4164921E7 1.12557621E8 142749903 1.8392040808417344E8 5.0024682251381025E7 411893
pla85900_n858990_bounded-strongly-corr_01.ttp: 21.0 7.4164907E7 1.12489507E8 142723705 1.8775899744093212E8 4.865144787008307E7 343719
pla85900_n858990_bounded-strongly-corr_01.ttp: 20.0 7.4164908E7 1.12257408E8 142680054 1.8635439406803375E8 4.889691401686852E7 340782
pla85900_n858990_bounded-strongly-corr_01.ttp: 41.0 7.4164887E7 1.12560887E8 142652584 1.8957248654981714E8 4.810624157306217E7 348907
pla85900_n858990_bounded-strongly-corr_01.ttp: 78.0 7.416485E7 1.1249515E8 142662471 1.8927759931623715E8 4.814076623247936E7 356474
pla85900_n858990_bounded-strongly-corr_01.ttp: 58.0 7.416487E7 1.1259067E8 142712845 1.8442168049979022E8 4.988729863007132E7 350536
pla85900_n858990_bounded-strongly-corr_01.ttp: 5.0 7.4164923E7 1.12504223E8 142653992 1.8332377430175948E8 5.017413973740177E7 354758
pla85900_n858990_bounded-strongly-corr_01.ttp: 92.0 7.4164836E7 1.12509936E8 142667874 1.9344910879228255E8 4.6737239010623924E7 350310
pla85900_n858990_bounded-strongly-corr_01.ttp: 9.0 7.4164919E7 1.12630319E8 142674857 1.8945478249051997E8 4.8215692953223206E7 348878
pla85900_n858990_bounded-strongly-corr_01.ttp: 24.0 7.4164904E7 1.12589304E8 142706423 1.856729667670628E8 4.946049529919864E7 356871
pla85900_n858990_bounded-strongly-corr_01.ttp: 105.0 7.4164823E7 1.12434723E8 142729792 1.846773589408781E8 4.964442096010144E7 350313
pla85900_n858990_bounded-strongly-corr_01.ttp: 22.0 7.4164906E7 1.12512906E8 142750795 1.8501795276613858E8 4.9606802059512876E7 355301
pla85900_n858990_bounded-strongly-corr_01.ttp: 119.0 7.4164809E7 1.12360209E8 142700468 1.8375520164767063E8 4.9883440439791985E7 360523
pla85900_n858990_bounded-strongly-corr_01.ttp: 2.0 7.4164926E7 1.12556626E8 142707636 1.8468322888470644E8 4.976432817919981E7 357180
pla85900_n858990_bounded-strongly-corr_01.ttp: 23.0 7.4164905E7 1.12539905E8 142688664 1.8763649260710013E8 4.8743497513585955E7 354413
pla85900_n858990_bounded-strongly-corr_01.ttp: 8.0 7.416492E7 1.1263452E8 142690121 1.8553293039812458E8 4.955332366463764E7 346271
pla85900_n858990_bounded-strongly-corr_01.ttp: 63.0 7.4164865E7 1.12442165E8 142707784 1.8306730998310784E8 5.019927960574333E7 365414
pla85900_n858990_bounded-strongly-corr_01.ttp: 42.0 7.4164886E7 1.12584786E8 142669121 1.8938515743282035E8 4.819383247284108E7 354419
pla85900_n858990_bounded-strongly-corr_01.ttp: 14.0 7.4164914E7 1.12513814E8 142656584 1.8704991439088193E8 4.8916843107100144E7 361460
pla85900_n858990_bounded-strongly-corr_01.ttp: 28.0 7.41649E7 1.125877E8 142659360 1.843328448648481E8 4.991453274595164E7 354258
pla85900_n858990_bounded-strongly-corr_01.ttp: 43.0 7.4164885E7 1.12530085E8 142737559 1.8481402104507056E8 4.9693317844676E7 350698
pla85900_n858990_bounded-strongly-corr_01.ttp: 60.0 7.4164868E7 1.12520768E8 142778442 1.881220953093252E8 4.855925559482943E7 344746
pla85900_n858990_bounded-strongly-corr_01.ttp: 6.0 7.4164922E7 1.12471522E8 142765531 1.829650984617458E8 5.0263388523006424E7 353493
pla85900_n858990_bounded-strongly-corr_01.ttp: 120.0 7.4164808E7 1.12587908E8 142683563 1.8910483328776222E8 4.829226468216084E7 347478
pla85900_n858990_bounded-strongly-corr_01.ttp: 1.0 7.4164927E7 1.12569327E8 142689039 1.843288117512658E8 4.989753100456963E7 353423
pla85900_n858990_bounded-strongly-corr_01.ttp: 43.0 7.4164885E7 1.12353485E8 142733551 1.8755908639642194E8 4.8583395625216536E7 354791
pla85900_n858990_bounded-strongly-corr_01.ttp: 29.0 7.4164899E7 1.12453099E8 142688627 1.8906995194535103E8 4.8169315338580646E7 352564
pla85900_n858990_bounded-strongly-corr_01.ttp: 8.0 7.416492E7 1.1249342E8 142777927 1.890332573038773E8 4.8222112516681716E7 344466
pla85900_n858990_bounded-strongly-corr_01.ttp: 9.0 7.4164919E7 1.12618119E8 142640663 1.835661005916286E8 5.020564479884627E7 358311
