enter number of instance to run
Enter TTP instance file:
Instance :pla33810_n33809_uncorr_01.ttp
RESULTS FOR heuristics : 20
pla33810_n33809_uncorr_01.ttp: 90255.0 1445135.0 5219277.0 66287167 9.976023623121937E7 2226469.913063419 52094
pla33810_n33809_uncorr_01.ttp: 79647.0 1455743.0 5256838.0 66206834 9.954365951145461E7 2270528.214656362 50964
pla33810_n33809_uncorr_01.ttp: 82742.0 1452648.0 5259613.0 66275770 1.0105716174897818E8 2227898.1475306544 51945
pla33810_n33809_uncorr_01.ttp: 81189.0 1454201.0 5256891.0 66288579 1.0037653362751675E8 2245594.9911744976 52590
pla33810_n33809_uncorr_01.ttp: 86881.0 1448509.0 5265575.0 66295882 9.968312471166281E7 2275081.2586501157 51834
pla33810_n33809_uncorr_01.ttp: 93176.0 1442214.0 5266182.0 66288361 1.0023130499731004E8 2259242.8500806987 51238
pla33810_n33809_uncorr_01.ttp: 57906.0 1477484.0 5265336.0 66432085 9.988344295297432E7 2268832.7114107707 56120
pla33810_n33809_uncorr_01.ttp: 60397.0 1474993.0 5261070.0 66283923 9.865545886448048E7 2301406.234065586 51293
pla33810_n33809_uncorr_01.ttp: 5.0 1535385.0 5327341.0 66311488 1.0119899532130875E8 2291371.1403607377 50926
pla33810_n33809_uncorr_01.ttp: 73891.0 1461499.0 5253062.0 66315262 9.943364920522827E7 2270052.523843152 53487
pla33810_n33809_uncorr_01.ttp: 66530.0 1468860.0 5254380.0 66297483 9.905266209199065E7 2282800.1372402804 50748
pla33810_n33809_uncorr_01.ttp: 0.0 1535390.0 5373553.0 66392134 1.0186797878315714E8 2317513.6365052857 51166
pla33810_n33809_uncorr_01.ttp: 94520.0 1440870.0 5254726.0 66327406 1.009679714990537E8 2225686.855028389 53505
pla33810_n33809_uncorr_01.ttp: 90532.0 1444858.0 5257262.0 66290569 1.0096469257346605E8 2228321.2227960187 52792
pla33810_n33809_uncorr_01.ttp: 83831.0 1451559.0 5260379.0 66206241 9.945133477855954E7 2276838.956643214 50999
pla33810_n33809_uncorr_01.ttp: 61675.0 1473715.0 5270029.0 66282693 1.0052686815523781E8 2254222.955342866 50342
pla33810_n33809_uncorr_01.ttp: 94588.0 1440802.0 5203033.0 66233222 9.954497350594583E7 2216683.794821625 52582
pla33810_n33809_uncorr_01.ttp: 0.0 1535390.0 5364414.0 66294498 1.0183445856130718E8 2309380.2431607847 51074
pla33810_n33809_uncorr_01.ttp: 93378.0 1442012.0 5219308.0 66302223 9.992013991030368E7 2221703.8026908897 51792
pla33810_n33809_uncorr_01.ttp: 99404.0 1435986.0 5186950.0 66310987 9.9744818777862E7 2194605.4366641403 53304
pla33810_n33809_uncorr_01.ttp: 87548.0 1447842.0 5219134.0 66287344 9.989117281111565E7 2222398.8156665307 51302
pla33810_n33809_uncorr_01.ttp: 72944.0 1462446.0 5265778.0 66310876 1.0011340657875666E8 2262375.8026373005 52189
pla33810_n33809_uncorr_01.ttp: 115362.0 1420028.0 5203156.0 66283153 9.968289196405329E7 2212669.2410784015 53038
pla33810_n33809_uncorr_01.ttp: 81601.0 1453789.0 5263109.0 66223749 9.893715991971132E7 2294994.2024086607 52057
pla33810_n33809_uncorr_01.ttp: 99665.0 1435725.0 5215953.0 66251759 9.964553240781736E7 2226587.0277654794 52418
pla33810_n33809_uncorr_01.ttp: 93915.0 1441475.0 5270138.0 66361362 1.0035690069724663E8 2259430.979082601 53228
pla33810_n33809_uncorr_01.ttp: 76837.0 1458553.0 5261777.0 66288236 9.907201502076611E7 2289616.5493770167 51892
pla33810_n33809_uncorr_01.ttp: 64353.0 1471037.0 5254802.0 66277610 1.0029408723316698E8 2245979.383004991 49869
pla33810_n33809_uncorr_01.ttp: 2.0 1535388.0 5335231.0 66260120 1.0148380534902886E8 2290716.8395291343 50949
pla33810_n33809_uncorr_01.ttp: 112699.0 1422691.0 5242260.0 66384892 1.0033527666248713E8 2232201.700125386 53974
RESULTS FOR heuristics : 24
pla33810_n33809_uncorr_01.ttp: 57287.0 1478103.0 5264100.0 66272187 9.855046573630388E7 2307586.0279108835 554110
pla33810_n33809_uncorr_01.ttp: 58767.0 1476623.0 5242501.0 66339596 9.797388830417429E7 2303284.3508747714 555931
pla33810_n33809_uncorr_01.ttp: 10.0 1535380.0 5341816.0 66310715 1.0075595359790003E8 2319137.3920629993 551533
pla33810_n33809_uncorr_01.ttp: 61709.0 1473681.0 5269860.0 66223003 9.850259613806967E7 2314782.11585791 551302
pla33810_n33809_uncorr_01.ttp: 1.0 1535389.0 5324809.0 66326058 1.0021453784193622E8 2318372.8647419135 551498
pla33810_n33809_uncorr_01.ttp: 4.0 1535386.0 5341222.0 66306237 1.0070232248474959E8 2320152.3254575124 561986
pla33810_n33809_uncorr_01.ttp: 56419.0 1478971.0 5266728.0 66244248 9.797803661421987E7 2327386.9015734037 557801
pla33810_n33809_uncorr_01.ttp: 57781.0 1477609.0 5260153.0 66388602 9.786115285258533E7 2324318.4144224403 552172
pla33810_n33809_uncorr_01.ttp: 61471.0 1473919.0 5269905.0 66294121 9.91498826035901E7 2295408.521892297 555526
pla33810_n33809_uncorr_01.ttp: 57903.0 1477487.0 5262045.0 66293669 9.829660387760524E7 2313146.883671843 556205
pla33810_n33809_uncorr_01.ttp: 2.0 1535388.0 5351603.0 66246506 1.0130674630680062E8 2312400.6107959817 552338
pla33810_n33809_uncorr_01.ttp: 63400.0 1471990.0 5266721.0 66302362 9.81307570355796E7 2322798.2889326117 559605
pla33810_n33809_uncorr_01.ttp: 1.0 1535389.0 5316476.0 66288921 9.975194682998668E7 2323917.5951004 561115
pla33810_n33809_uncorr_01.ttp: 63337.0 1472053.0 5270433.0 66262779 9.848798698785993E7 2315793.390364202 560482
pla33810_n33809_uncorr_01.ttp: 67448.0 1467942.0 5269108.0 66307194 9.817543208092977E7 2323845.037572107 556461
pla33810_n33809_uncorr_01.ttp: 69095.0 1466295.0 5269198.0 66379115 9.898087490353738E7 2299771.7528938786 557623
pla33810_n33809_uncorr_01.ttp: 65079.0 1470311.0 5269407.0 66329540 9.846675560285899E7 2315404.3319142302 554701
pla33810_n33809_uncorr_01.ttp: 1.0 1535389.0 5347794.0 66273988 1.0153061550096272E8 2301875.5349711184 561434
pla33810_n33809_uncorr_01.ttp: 9.0 1535381.0 5358628.0 66338532 1.0108123974550521E8 2326190.8076348435 562343
pla33810_n33809_uncorr_01.ttp: 4.0 1535386.0 5329312.0 66215920 1.008012538132574E8 2305274.385602278 557540
pla33810_n33809_uncorr_01.ttp: 63894.0 1471496.0 5274370.0 66346319 9.84408955508085E7 2321143.133475745 556861
pla33810_n33809_uncorr_01.ttp: 69417.0 1465973.0 5256621.0 66237470 9.8987625582229E7 2286992.23253313 554739
pla33810_n33809_uncorr_01.ttp: 8.0 1535382.0 5342919.0 66317836 1.0037200956671353E8 2331758.712998594 559052
pla33810_n33809_uncorr_01.ttp: 60067.0 1475323.0 5262285.0 66264532 9.868296626931249E7 2301796.0119206253 562785
pla33810_n33809_uncorr_01.ttp: 60688.0 1474702.0 5258987.0 66255784 9.842527579073603E7 2306228.726277919 557220
pla33810_n33809_uncorr_01.ttp: 7.0 1535383.0 5360178.0 66316729 1.0122002086235775E8 2323577.3741292674 556574
pla33810_n33809_uncorr_01.ttp: 67585.0 1467805.0 5268150.0 66288617 9.870476722639424E7 2307006.983208173 562712
pla33810_n33809_uncorr_01.ttp: 77882.0 1457508.0 5266529.0 66425449 9.914666085798587E7 2292129.174260424 559394
pla33810_n33809_uncorr_01.ttp: 9.0 1535381.0 5336667.0 66341860 1.0096935678452991E8 2307586.296464103 556367
pla33810_n33809_uncorr_01.ttp: 78275.0 1457115.0 5265073.0 66329984 9.874170723598948E7 2302821.782920316 559586
