enter number of instance to run
Enter TTP instance file:
Enter TTP instance file:
Enter TTP instance file:
Instance :rl11849_n11848_uncorr_01.ttp
RESULTS FOR heuristics : 20
rl11849_n11848_uncorr_01.ttp: 18972.0 518107.0 1825375.0 928928 1344669.0559481455 655512.9213251134 47612
rl11849_n11848_uncorr_01.ttp: 8.0 537071.0 1849691.0 927458 1360575.0116824266 665990.7398362888 44826
rl11849_n11848_uncorr_01.ttp: 18956.0 518123.0 1832566.0 928928 1365837.9414187723 644286.9909656681 45944
rl11849_n11848_uncorr_01.ttp: 5.0 537074.0 1842555.0 928115 1356372.6711469926 662510.7761021166 45324
rl11849_n11848_uncorr_01.ttp: 18022.0 519057.0 1837294.0 928106 1341453.7939767987 670229.1992401851 47147
rl11849_n11848_uncorr_01.ttp: 5.0 537074.0 1847167.0 928075 1361910.6319935156 662304.7501656413 50946
rl11849_n11848_uncorr_01.ttp: 16393.0 520686.0 1834296.0 929039 1361700.4649964776 649616.5954530644 53202
rl11849_n11848_uncorr_01.ttp: 21344.0 515735.0 1821449.0 928834 1350331.9996331406 646660.1603191677 52661
rl11849_n11848_uncorr_01.ttp: 6.0 537073.0 1834935.0 928773 1359137.7643347194 652485.1450287942 51753
rl11849_n11848_uncorr_01.ttp: 8.0 537071.0 1845002.0 928589 1354388.091305573 666684.3605641515 48726
rl11849_n11848_uncorr_01.ttp: 7352.0 529727.0 1828869.0 927511 1346519.6154562528 657396.93455306 46782
rl11849_n11848_uncorr_01.ttp: 22772.0 514307.0 1822520.0 929063 1350554.3096521515 647537.7506026281 47247
rl11849_n11848_uncorr_01.ttp: 19321.0 517758.0 1839945.0 929166 1340102.9740594798 674055.4125682525 45139
rl11849_n11848_uncorr_01.ttp: 22418.0 514661.0 1827329.0 928255 1350750.2409878073 652176.2903406078 45716
rl11849_n11848_uncorr_01.ttp: 21583.0 515496.0 1830997.0 928772 1349192.3406334014 657199.6636489409 46093
rl11849_n11848_uncorr_01.ttp: 17876.0 519203.0 1833441.0 927493 1347978.5565710117 660699.65578322 45404
rl11849_n11848_uncorr_01.ttp: 1.0 537078.0 1843788.0 928211 1373033.0633147436 649249.2349161732 47446
rl11849_n11848_uncorr_01.ttp: 0.0 537079.0 1845233.0 929229 1356496.0977881546 665081.3949243054 46028
rl11849_n11848_uncorr_01.ttp: 21591.0 515488.0 1827570.0 928228 1355002.7391754272 648717.6169173783 44753
rl11849_n11848_uncorr_01.ttp: 19570.0 517509.0 1826258.0 927573 1343620.6533775039 657308.0315615716 45257
rl11849_n11848_uncorr_01.ttp: 1.0 537078.0 1848793.0 928018 1370849.4058635146 656154.0168987422 45799
rl11849_n11848_uncorr_01.ttp: 18681.0 518398.0 1828192.0 929123 1343776.8807229043 659106.1137710733 46634
rl11849_n11848_uncorr_01.ttp: 20151.0 516928.0 1825067.0 928411 1346324.132559032 653765.0046736421 46385
rl11849_n11848_uncorr_01.ttp: 19666.0 517413.0 1837157.0 928801 1345576.923385073 666505.0766549865 47765
rl11849_n11848_uncorr_01.ttp: 7.0 537072.0 1851564.0 928564 1360749.1899511311 667712.2047425159 45781
rl11849_n11848_uncorr_01.ttp: 1.0 537078.0 1833946.0 928509 1350410.8847795944 659088.530241753 45845
rl11849_n11848_uncorr_01.ttp: 18689.0 518390.0 1827674.0 927590 1350648.99693088 652609.3726701343 47846
rl11849_n11848_uncorr_01.ttp: 2.0 537077.0 1848425.0 927710 1368230.0447098198 658064.8611024567 45774
rl11849_n11848_uncorr_01.ttp: 19601.0 517478.0 1831688.0 928003 1351987.336091894 655459.0176000523 45288
rl11849_n11848_uncorr_01.ttp: 22609.0 514470.0 1820560.0 929190 1360776.8272509722 636684.1602916543 46849
RESULTS FOR heuristics : 24
rl11849_n11848_uncorr_01.ttp: 3.0 537076.0 1847431.0 928509 1350648.2073543863 672367.0596016839 558503
rl11849_n11848_uncorr_01.ttp: 1.0 537078.0 1844026.0 928295 1354601.5062094356 665522.6895977911 527481
rl11849_n11848_uncorr_01.ttp: 12360.0 524719.0 1835457.0 927934 1336142.8761000498 673012.6977929566 528231
rl11849_n11848_uncorr_01.ttp: 0.0 537079.0 1851519.0 928255 1358541.498821657 669587.8960251585 558065
rl11849_n11848_uncorr_01.ttp: 2.0 537077.0 1850501.0 928345 1353896.619496512 672610.9410380346 560642
rl11849_n11848_uncorr_01.ttp: 7.0 537072.0 1853264.0 927732 1359985.847415287 670076.3127487004 561563
rl11849_n11848_uncorr_01.ttp: 1.0 537078.0 1856950.0 928091 1362630.266696681 671461.6679738874 524478
rl11849_n11848_uncorr_01.ttp: 8695.0 528384.0 1836886.0 928031 1342677.7959002333 668756.3175667969 550687
rl11849_n11848_uncorr_01.ttp: 18146.0 518933.0 1834034.0 927572 1340419.1032683663 667869.3801565212 522583
rl11849_n11848_uncorr_01.ttp: 10.0 537069.0 1848749.0 928888 1353602.7913855892 671114.5714945374 559544
rl11849_n11848_uncorr_01.ttp: 4.0 537075.0 1849633.0 928376 1353178.1534610332 672368.0064889011 559789
rl11849_n11848_uncorr_01.ttp: 17998.0 519081.0 1833546.0 928409 1338301.0266572374 669224.1068082035 557190
rl11849_n11848_uncorr_01.ttp: 20708.0 516371.0 1832588.0 929545 1331299.3648408083 674357.5525884968 522816
rl11849_n11848_uncorr_01.ttp: 19826.0 517253.0 1834218.0 927857 1342302.2066360635 666415.0802266249 524726
rl11849_n11848_uncorr_01.ttp: 5.0 537074.0 1857467.0 928715 1363141.3409657483 671534.0333597991 555724
rl11849_n11848_uncorr_01.ttp: 11.0 537068.0 1847121.0 927721 1337368.4389581487 683610.4581064107 551984
rl11849_n11848_uncorr_01.ttp: 6.0 537073.0 1852630.0 927113 1357682.8104463927 671445.9549116383 521414
rl11849_n11848_uncorr_01.ttp: 22227.0 514852.0 1832629.0 927556 1333303.702975987 672654.7784108913 520433
rl11849_n11848_uncorr_01.ttp: 8.0 537071.0 1856418.0 928473 1364709.0307750977 669121.143225665 559765
rl11849_n11848_uncorr_01.ttp: 12.0 537067.0 1855509.0 929906 1351673.327936605 679553.2046951535 521272
rl11849_n11848_uncorr_01.ttp: 7.0 537072.0 1852224.0 928619 1357420.936892756 671267.7849033023 555671
rl11849_n11848_uncorr_01.ttp: 16567.0 520512.0 1833901.0 927769 1340250.1765756991 667883.3463791418 521377
rl11849_n11848_uncorr_01.ttp: 7.0 537072.0 1850971.0 928748 1362882.8491209478 665262.9212647756 562406
rl11849_n11848_uncorr_01.ttp: 21201.0 515878.0 1829351.0 929529 1339520.6040359484 663968.0744887248 523445
rl11849_n11848_uncorr_01.ttp: 20257.0 516822.0 1835028.0 928139 1340673.8779850428 668641.7261530128 521651
rl11849_n11848_uncorr_01.ttp: 5.0 537074.0 1849640.0 927330 1357694.9603590807 668445.3844875998 557837
rl11849_n11848_uncorr_01.ttp: 5.0 537074.0 1845426.0 927006 1355718.9569143807 665950.5074844889 524905
rl11849_n11848_uncorr_01.ttp: 7311.0 529768.0 1834416.0 928512 1341453.5541387035 667351.407899328 557068
rl11849_n11848_uncorr_01.ttp: 14097.0 522982.0 1834297.0 927345 1338209.07685517 670055.1031360021 520034
rl11849_n11848_uncorr_01.ttp: 4.0 537075.0 1858205.0 927600 1360029.5923678735 674979.2546399501 522044
Instance :rl11849_n11848_uncorr-similar-weights_01.ttp
RESULTS FOR heuristics : 20
rl11849_n11848_uncorr-similar-weights_01.ttp: 957.0 1080995.0 934023.0 928583 1264018.3399683533 390495.11381360807 28535
rl11849_n11848_uncorr-similar-weights_01.ttp: 232.0 1081720.0 934012.0 927629 1254374.942171189 394630.77486638876 27092
rl11849_n11848_uncorr-similar-weights_01.ttp: 983.0 1080969.0 934231.0 928369 1273573.0756705736 386594.5774616534 28194
rl11849_n11848_uncorr-similar-weights_01.ttp: 201.0 1081751.0 936980.0 927900 1275946.7168764754 388322.91174311563 28480
rl11849_n11848_uncorr-similar-weights_01.ttp: 18.0 1081934.0 936688.0 928560 1271650.8806153378 389878.1213354048 31015
rl11849_n11848_uncorr-similar-weights_01.ttp: 159.0 1081793.0 937843.0 928973 1282392.9867177648 386414.0157113612 27848
rl11849_n11848_uncorr-similar-weights_01.ttp: 229.0 1081723.0 938335.0 928939 1266952.124727494 393545.58636717754 28494
rl11849_n11848_uncorr-similar-weights_01.ttp: 57.0 1081895.0 936298.0 928213 1269152.5180294598 390562.4172473323 28313
rl11849_n11848_uncorr-similar-weights_01.ttp: 36.0 1081916.0 941516.0 929269 1275376.930284353 393103.9199777283 28203
rl11849_n11848_uncorr-similar-weights_01.ttp: 77.0 1081875.0 925096.0 929537 1279745.4275275099 374805.46616317076 28759
rl11849_n11848_uncorr-similar-weights_01.ttp: 120.0 1081832.0 931033.0 928350 1268566.8492298955 385549.25483114494 28393
rl11849_n11848_uncorr-similar-weights_01.ttp: 128.0 1081824.0 934141.0 928634 1263209.423331156 390960.947967603 28934
rl11849_n11848_uncorr-similar-weights_01.ttp: 111.0 1081841.0 937200.0 928182 1278834.792424844 387301.0392573171 27508
rl11849_n11848_uncorr-similar-weights_01.ttp: 220.0 1081732.0 934903.0 927874 1264793.6483590058 391041.73120562756 27905
rl11849_n11848_uncorr-similar-weights_01.ttp: 84.0 1081868.0 933183.0 929786 1246558.252229911 397162.95154113823 28348
rl11849_n11848_uncorr-similar-weights_01.ttp: 10.0 1081942.0 936393.0 927787 1263860.0940098583 392933.15957576095 27768
rl11849_n11848_uncorr-similar-weights_01.ttp: 978.0 1080974.0 932886.0 928208 1257112.4981265676 392327.625805576 28242
rl11849_n11848_uncorr-similar-weights_01.ttp: 143.0 1081809.0 929464.0 928169 1263616.930257176 386108.7199894143 29025
rl11849_n11848_uncorr-similar-weights_01.ttp: 109.0 1081843.0 929747.0 928589 1263432.3313064894 386471.0975382095 28831
rl11849_n11848_uncorr-similar-weights_01.ttp: 220.0 1081732.0 938308.0 928405 1267207.518628998 393408.7669895309 30887
rl11849_n11848_uncorr-similar-weights_01.ttp: 73.0 1081879.0 939509.0 928949 1270590.5140762348 393155.07894721907 28348
rl11849_n11848_uncorr-similar-weights_01.ttp: 110.0 1081842.0 937726.0 927286 1268876.0999556521 392109.27701906953 27775
rl11849_n11848_uncorr-similar-weights_01.ttp: 34.0 1081918.0 932100.0 928404 1264832.6190336 388221.9738155521 28540
rl11849_n11848_uncorr-similar-weights_01.ttp: 868.0 1081084.0 931987.0 928742 1258521.826225437 390822.61472306214 28613
rl11849_n11848_uncorr-similar-weights_01.ttp: 239.0 1081713.0 937879.0 928110 1273684.418160353 390194.7001910482 28004
rl11849_n11848_uncorr-similar-weights_01.ttp: 182.0 1081770.0 941018.0 929057 1263589.1839947116 397674.650882274 27950
rl11849_n11848_uncorr-similar-weights_01.ttp: 951.0 1081001.0 935926.0 928075 1271932.5800249332 388994.99058927875 28980
rl11849_n11848_uncorr-similar-weights_01.ttp: 167.0 1081785.0 935970.0 927921 1279293.1090530802 385873.96310717554 29127
rl11849_n11848_uncorr-similar-weights_01.ttp: 198.0 1081754.0 935441.0 927627 1275141.936694994 387129.9672211525 28702
rl11849_n11848_uncorr-similar-weights_01.ttp: 143.0 1081809.0 934571.0 929112 1276401.6240840566 385718.30164385564 28675
RESULTS FOR heuristics : 24
rl11849_n11848_uncorr-similar-weights_01.ttp: 995.0 1080957.0 939739.0 929520 1267637.2908933775 394654.96491584764 568728
rl11849_n11848_uncorr-similar-weights_01.ttp: 178.0 1081774.0 937837.0 928199 1264609.408007447 394054.95455679786 560284
rl11849_n11848_uncorr-similar-weights_01.ttp: 37.0 1081915.0 935969.0 928628 1258284.176277089 394906.8042008518 566676
rl11849_n11848_uncorr-similar-weights_01.ttp: 106.0 1081846.0 937811.0 927994 1257254.1661036476 397191.7085754316 569886
rl11849_n11848_uncorr-similar-weights_01.ttp: 150.0 1081802.0 936948.0 929412 1256221.719973476 396772.6604114054 575048
rl11849_n11848_uncorr-similar-weights_01.ttp: 195.0 1081757.0 936984.0 928270 1259171.4163323184 395540.29097710305 557920
rl11849_n11848_uncorr-similar-weights_01.ttp: 188.0 1081764.0 931398.0 927974 1251317.485584621 393331.48119861295 575163
rl11849_n11848_uncorr-similar-weights_01.ttp: 165.0 1081787.0 940231.0 927773 1260665.5239515102 398144.82470085064 572080
rl11849_n11848_uncorr-similar-weights_01.ttp: 266.0 1081686.0 941573.0 928571 1268000.7581785773 396332.67398321175 561876
rl11849_n11848_uncorr-similar-weights_01.ttp: 52.0 1081900.0 937858.0 928268 1258770.8821568114 396586.52067257115 567593
rl11849_n11848_uncorr-similar-weights_01.ttp: 289.0 1081663.0 933709.0 929282 1254302.6823370527 394358.8465950674 575190
rl11849_n11848_uncorr-similar-weights_01.ttp: 168.0 1081784.0 933324.0 926841 1256244.4503171113 393138.8863636422 567267
rl11849_n11848_uncorr-similar-weights_01.ttp: 21.0 1081931.0 941847.0 927359 1270603.9038613294 395487.3213396283 577219
rl11849_n11848_uncorr-similar-weights_01.ttp: 286.0 1081666.0 938358.0 927428 1257320.204605676 397710.3120195593 561938
rl11849_n11848_uncorr-similar-weights_01.ttp: 49.0 1081903.0 935569.0 927823 1252989.38786306 396783.56321888417 578512
rl11849_n11848_uncorr-similar-weights_01.ttp: 4.0 1081948.0 940788.0 928840 1267837.4762613527 395617.88520761835 554479
rl11849_n11848_uncorr-similar-weights_01.ttp: 156.0 1081796.0 934743.0 929849 1248926.9076644685 397704.4297042786 570551
rl11849_n11848_uncorr-similar-weights_01.ttp: 154.0 1081798.0 933986.0 928033 1251582.4848516735 395805.53151378036 563174
rl11849_n11848_uncorr-similar-weights_01.ttp: 174.0 1081778.0 937007.0 927796 1255230.8431956794 397257.7374258579 575925
rl11849_n11848_uncorr-similar-weights_01.ttp: 214.0 1081738.0 937802.0 929139 1268845.284814796 392198.5275296378 568307
rl11849_n11848_uncorr-similar-weights_01.ttp: 299.0 1081653.0 938758.0 927528 1257119.4985668876 398196.6156162383 574348
rl11849_n11848_uncorr-similar-weights_01.ttp: 989.0 1080963.0 936892.0 928913 1258138.9149965625 395892.26655147807 558999
rl11849_n11848_uncorr-similar-weights_01.ttp: 73.0 1081879.0 935402.0 927931 1256967.7697322427 394905.8590151357 577838
rl11849_n11848_uncorr-similar-weights_01.ttp: 22.0 1081930.0 934610.0 928729 1253716.124412489 395512.0665026298 580857
rl11849_n11848_uncorr-similar-weights_01.ttp: 245.0 1081707.0 941895.0 928866 1271702.5455124818 395062.90542963287 565571
rl11849_n11848_uncorr-similar-weights_01.ttp: 14.0 1081938.0 939145.0 928483 1272436.7230318326 391997.20909631194 560640
rl11849_n11848_uncorr-similar-weights_01.ttp: 293.0 1081659.0 935244.0 927122 1253178.0777752874 396377.42655662645 555023
rl11849_n11848_uncorr-similar-weights_01.ttp: 1.0 1081951.0 935035.0 929026 1248851.9640915436 398028.6554406363 557624
rl11849_n11848_uncorr-similar-weights_01.ttp: 18.0 1081934.0 940356.0 928883 1265643.6226565843 396129.24225766875 557301
rl11849_n11848_uncorr-similar-weights_01.ttp: 189.0 1081763.0 941467.0 928788 1265543.348119877 397283.36030845286 556040
Instance :rl11849_n11848_bounded-strongly-corr_01.ttp
RESULTS FOR heuristics : 20
rl11849_n11848_bounded-strongly-corr_01.ttp: 51.0 1020183.0 1554083.0 927769 1188484.4030742752 698374.2297865219 36132
rl11849_n11848_bounded-strongly-corr_01.ttp: 0.0 1020234.0 1552834.0 928043 1180359.2033415996 702975.3735940483 35574
rl11849_n11848_bounded-strongly-corr_01.ttp: 40.0 1020194.0 1551194.0 927267 1185719.5865509717 697475.8976833004 36576
rl11849_n11848_bounded-strongly-corr_01.ttp: 56.0 1020178.0 1561778.0 927041 1204001.4213228284 694896.9766475636 37126
rl11849_n11848_bounded-strongly-corr_01.ttp: 75.0 1020159.0 1552459.0 927894 1192251.4718702424 694037.9402534255 36257
rl11849_n11848_bounded-strongly-corr_01.ttp: 51.0 1020183.0 1556183.0 927959 1195425.935270352 695476.3266053465 35827
rl11849_n11848_bounded-strongly-corr_01.ttp: 6.0 1020228.0 1553128.0 928140 1184372.2593123259 700379.9732951254 37586
rl11849_n11848_bounded-strongly-corr_01.ttp: 21.0 1020213.0 1555513.0 927612 1194293.7616622373 695621.4916031891 36658
rl11849_n11848_bounded-strongly-corr_01.ttp: 17.0 1020217.0 1553417.0 926973 1184911.8584600182 700280.4619087869 36794
rl11849_n11848_bounded-strongly-corr_01.ttp: 77.0 1020157.0 1561357.0 927833 1192481.6112105139 702770.2399284301 37563
rl11849_n11848_bounded-strongly-corr_01.ttp: 52.0 1020182.0 1555882.0 928434 1189134.7772909203 699704.9603505374 37069
rl11849_n11848_bounded-strongly-corr_01.ttp: 29.0 1020205.0 1549005.0 929246 1183969.7430819597 696546.7849809891 36235
rl11849_n11848_bounded-strongly-corr_01.ttp: 78.0 1020156.0 1556256.0 929176 1205242.3176193382 688481.5313140765 36786
rl11849_n11848_bounded-strongly-corr_01.ttp: 7.0 1020227.0 1550827.0 928650 1193423.717282107 691561.9235568829 36873
rl11849_n11848_bounded-strongly-corr_01.ttp: 19.0 1020215.0 1557715.0 929068 1182588.1794819583 706251.5107729901 37641
rl11849_n11848_bounded-strongly-corr_01.ttp: 15.0 1020219.0 1554619.0 928303 1184037.1555945042 702112.247971957 36794
rl11849_n11848_bounded-strongly-corr_01.ttp: 2.0 1020232.0 1551632.0 928742 1184517.5502163302 698779.3638442423 37509
rl11849_n11848_bounded-strongly-corr_01.ttp: 3.0 1020231.0 1546831.0 927635 1177978.5910451643 698686.4144474817 35722
rl11849_n11848_bounded-strongly-corr_01.ttp: 23.0 1020211.0 1558711.0 928765 1197119.880728941 696784.6858751626 37779
rl11849_n11848_bounded-strongly-corr_01.ttp: 21.0 1020213.0 1557613.0 928597 1187950.4375866319 702288.6849376251 37238
rl11849_n11848_bounded-strongly-corr_01.ttp: 24.0 1020210.0 1551710.0 927249 1187417.546558472 696769.3664779001 39651
rl11849_n11848_bounded-strongly-corr_01.ttp: 33.0 1020201.0 1558501.0 927919 1194539.6843163553 698432.4272922243 36945
rl11849_n11848_bounded-strongly-corr_01.ttp: 110.0 1020124.0 1551024.0 928295 1190140.5381155438 694122.8125568085 36641
rl11849_n11848_bounded-strongly-corr_01.ttp: 25.0 1020209.0 1551209.0 928062 1190648.641341512 693941.9782341113 37273
rl11849_n11848_bounded-strongly-corr_01.ttp: 19.0 1020215.0 1555115.0 927707 1187543.834031182 700083.439497549 35512
rl11849_n11848_bounded-strongly-corr_01.ttp: 51.0 1020183.0 1549883.0 927684 1188354.5012275188 694267.7591161865 36809
rl11849_n11848_bounded-strongly-corr_01.ttp: 14.0 1020220.0 1551820.0 928965 1183513.2621698966 699690.4512376745 36894
rl11849_n11848_bounded-strongly-corr_01.ttp: 25.0 1020209.0 1554409.0 930303 1187666.0271900166 699289.460423188 37116
rl11849_n11848_bounded-strongly-corr_01.ttp: 28.0 1020206.0 1557106.0 927888 1189192.69922586 700887.2565573809 36998
rl11849_n11848_bounded-strongly-corr_01.ttp: 15.0 1020219.0 1554419.0 928477 1188404.966234579 698767.4243111032 36039
RESULTS FOR heuristics : 24
rl11849_n11848_bounded-strongly-corr_01.ttp: 5.0 1020229.0 1556729.0 928488 1179649.8957881583 707381.075032526 549498
rl11849_n11848_bounded-strongly-corr_01.ttp: 24.0 1020210.0 1557410.0 928310 1177082.1265954156 709910.8688513008 542642
rl11849_n11848_bounded-strongly-corr_01.ttp: 20.0 1020214.0 1565314.0 928152 1189474.3190814154 708892.4902613809 544921
rl11849_n11848_bounded-strongly-corr_01.ttp: 108.0 1020126.0 1563426.0 927749 1188487.7108349104 707714.8481988645 570761
rl11849_n11848_bounded-strongly-corr_01.ttp: 85.0 1020149.0 1563349.0 928180 1186167.291955972 709308.5497917001 546686
rl11849_n11848_bounded-strongly-corr_01.ttp: 42.0 1020192.0 1554792.0 928451 1188489.8381021745 699079.3165664345 550853
rl11849_n11848_bounded-strongly-corr_01.ttp: 46.0 1020188.0 1555588.0 928110 1182154.1442250141 704437.0161579899 540900
rl11849_n11848_bounded-strongly-corr_01.ttp: 23.0 1020211.0 1553811.0 927633 1175343.891883127 707563.3978441487 544086
rl11849_n11848_bounded-strongly-corr_01.ttp: 9.0 1020225.0 1555425.0 928916 1183219.287027476 703507.1133402174 544850
rl11849_n11848_bounded-strongly-corr_01.ttp: 5.0 1020229.0 1558329.0 929225 1185816.1576990038 704541.3664567173 570612
rl11849_n11848_bounded-strongly-corr_01.ttp: 1.0 1020233.0 1553433.0 928174 1177959.554247165 705302.1209420412 544314
rl11849_n11848_bounded-strongly-corr_01.ttp: 29.0 1020205.0 1546605.0 927677 1170839.6551769988 703600.4482725608 551856
rl11849_n11848_bounded-strongly-corr_01.ttp: 2.0 1020232.0 1552432.0 928419 1174508.0396428357 706786.2114571583 547744
rl11849_n11848_bounded-strongly-corr_01.ttp: 54.0 1020180.0 1563080.0 928812 1186086.799077218 709097.5046644032 558835
rl11849_n11848_bounded-strongly-corr_01.ttp: 0.0 1020234.0 1557534.0 928658 1184016.7773367828 705041.9203175164 549552
rl11849_n11848_bounded-strongly-corr_01.ttp: 29.0 1020205.0 1554005.0 928415 1178113.4255150526 705763.3336291622 541754
rl11849_n11848_bounded-strongly-corr_01.ttp: 9.0 1020225.0 1551525.0 927402 1176163.8246348274 704687.0462629243 555702
rl11849_n11848_bounded-strongly-corr_01.ttp: 6.0 1020228.0 1554428.0 927299 1178094.590947721 706199.8945176409 550383
rl11849_n11848_bounded-strongly-corr_01.ttp: 32.0 1020202.0 1553602.0 928299 1181582.4370317247 702862.6453371582 549579
rl11849_n11848_bounded-strongly-corr_01.ttp: 11.0 1020223.0 1554023.0 927503 1178164.2370226907 705744.7493436628 546571
rl11849_n11848_bounded-strongly-corr_01.ttp: 24.0 1020210.0 1549410.0 927610 1171362.2800408013 706029.1583706231 551213
rl11849_n11848_bounded-strongly-corr_01.ttp: 12.0 1020222.0 1555822.0 928251 1185551.148791935 702225.1728698068 552681
rl11849_n11848_bounded-strongly-corr_01.ttp: 25.0 1020209.0 1558009.0 928782 1183024.9813761117 706231.0134091995 575246
rl11849_n11848_bounded-strongly-corr_01.ttp: 10.0 1020224.0 1555624.0 927529 1179890.2948517546 706102.9877067368 551213
rl11849_n11848_bounded-strongly-corr_01.ttp: 40.0 1020194.0 1550394.0 927955 1172565.9685216963 706146.5026643787 570201
rl11849_n11848_bounded-strongly-corr_01.ttp: 54.0 1020180.0 1557880.0 928560 1182825.0600176358 706245.9567873023 546834
rl11849_n11848_bounded-strongly-corr_01.ttp: 19.0 1020215.0 1553815.0 927519 1179069.3920002 704885.0377598561 550929
rl11849_n11848_bounded-strongly-corr_01.ttp: 8.0 1020226.0 1553326.0 928061 1176585.0878955855 706184.7367151785 551214
rl11849_n11848_bounded-strongly-corr_01.ttp: 48.0 1020186.0 1559086.0 927604 1179893.9122194892 709562.3832019678 561138
rl11849_n11848_bounded-strongly-corr_01.ttp: 34.0 1020200.0 1553900.0 927343 1178465.6438497524 705404.7364281783 551100
