Enter,TTP,instance,file:
RESULTS,FOR,heuristics,:,20
rat783_n782_uncorr_01.ttp:,2433.0,32759.0,110617.0,9245,13207.624343798145,34144.85504940874,656
rat783_n782_uncorr_01.ttp:,2092.0,33100.0,110916.0,9247,13236.279388293065,34277.94234178316,622
rat783_n782_uncorr_01.ttp:,2001.0,33191.0,109526.0,9259,13017.061296792852,34157.21509156939,608
rat783_n782_uncorr_01.ttp:,2443.0,32749.0,108949.0,9256,13027.86338119713,33517.67102286861,596
rat783_n782_uncorr_01.ttp:,2406.0,32786.0,109238.0,9258,13158.106363759141,33052.564153834566,581
rat783_n782_uncorr_01.ttp:,2265.0,32927.0,112009.0,9252,13219.343497043235,35469.00115211967,577
rat783_n782_uncorr_01.ttp:,1436.0,33756.0,108892.0,9249,12795.559711565655,34805.70927003486,605
rat783_n782_uncorr_01.ttp:,904.0,34288.0,109137.0,9275,12997.628458355726,33880.73122612035,622
rat783_n782_uncorr_01.ttp:,2272.0,32920.0,109184.0,9255,13115.034626608018,33247.94951193957,558
rat783_n782_uncorr_01.ttp:,2236.0,32956.0,111586.0,9249,13181.635296292645,35264.33163446559,585
rat783_n782_uncorr_01.ttp:,1463.0,33729.0,110915.0,9254,13133.436991954088,34872.399816585836,559
rat783_n782_uncorr_01.ttp:,2299.0,32893.0,111894.0,9260,13550.405978258861,33437.14938588119,621
rat783_n782_uncorr_01.ttp:,2290.0,32902.0,109517.0,9256,13005.102899653319,34217.45421100728,570
rat783_n782_uncorr_01.ttp:,1956.0,33236.0,111274.0,9262,13148.079278052093,35146.62098007838,603
rat783_n782_uncorr_01.ttp:,1778.0,33414.0,111374.0,9247,13463.78879349012,33418.6628856922,558
rat783_n782_uncorr_01.ttp:,866.0,34326.0,109036.0,9268,13055.997102925954,33441.77677405873,566
rat783_n782_uncorr_01.ttp:,2156.0,33036.0,109926.0,9256,13062.4969190042,34294.14283896568,547
rat783_n782_uncorr_01.ttp:,1942.0,33250.0,110643.0,9259,13204.40007704108,34189.523553932144,591
rat783_n782_uncorr_01.ttp:,1591.0,33601.0,110398.0,9255,13344.968142568987,33130.63445452557,549
rat783_n782_uncorr_01.ttp:,2231.0,32961.0,109947.0,9255,12880.123804614614,35371.08317128138,548
rat783_n782_uncorr_01.ttp:,1637.0,33555.0,108579.0,9258,13168.020098044137,32336.163632324446,577
rat783_n782_uncorr_01.ttp:,647.0,34545.0,109736.0,9253,13154.762716102923,33569.92387376407,559
rat783_n782_uncorr_01.ttp:,1485.0,33707.0,109661.0,9254,13057.32787778236,34059.07158764014,582
rat783_n782_uncorr_01.ttp:,27.0,35165.0,111309.0,9254,13205.436142448183,34849.524735225015,539
rat783_n782_uncorr_01.ttp:,1161.0,34031.0,108359.0,9267,12822.711418241755,34115.50088838024,566
rat783_n782_uncorr_01.ttp:,1864.0,33328.0,110489.0,9252,13269.005148802411,33661.46018843404,621
rat783_n782_uncorr_01.ttp:,1330.0,33862.0,107741.0,9271,12736.248930583883,33998.11869191931,576
rat783_n782_uncorr_01.ttp:,1649.0,33543.0,108597.0,9258,13097.512696678848,32762.40148622947,597
rat783_n782_uncorr_01.ttp:,2503.0,32689.0,109392.0,9277,13105.684301653693,33510.08789342512,613
rat783_n782_uncorr_01.ttp:,26.0,35166.0,110456.0,9249,13410.353628676641,32810.052489962254,554
RESULTS,FOR,heuristics,:,21
rat783_n782_uncorr_01.ttp:,1366.0,33826.0,109592.0,9265,13021.429654321066,34197.92230148103,633
rat783_n782_uncorr_01.ttp:,2130.0,33062.0,109556.0,9257,12921.115338749189,34742.742188642194,564
rat783_n782_uncorr_01.ttp:,2487.0,32705.0,111506.0,9278,13079.518423828806,35775.58832603121,624
rat783_n782_uncorr_01.ttp:,2471.0,32721.0,108872.0,9252,12976.28900917846,33739.28663685672,630
rat783_n782_uncorr_01.ttp:,1384.0,33808.0,108629.0,9254,13172.49590234559,32360.248725419035,578
rat783_n782_uncorr_01.ttp:,2385.0,32807.0,109842.0,9257,12960.569899744372,34800.30028048008,672
rat783_n782_uncorr_01.ttp:,1293.0,33899.0,109175.0,9250,12866.516529829869,34677.86929228506,576
rat783_n782_uncorr_01.ttp:,1058.0,34134.0,108818.0,9250,12964.753066202333,33752.0797466885,588
rat783_n782_uncorr_01.ttp:,2224.0,32968.0,110758.0,9264,12981.392567963409,35595.737031491866,642
rat783_n782_uncorr_01.ttp:,2626.0,32566.0,110599.0,9256,13160.955498952893,34397.06766106274,630
rat783_n782_uncorr_01.ttp:,1998.0,33194.0,111108.0,9259,13065.74992294771,35457.30794613276,661
rat783_n782_uncorr_01.ttp:,2297.0,32895.0,109350.0,9256,12921.95696597536,34531.86916700266,642
rat783_n782_uncorr_01.ttp:,2769.0,32423.0,108118.0,9252,13046.651541216912,32577.887576354085,593
rat783_n782_uncorr_01.ttp:,2716.0,32476.0,110020.0,9260,13053.693093257985,34439.11699003626,651
rat783_n782_uncorr_01.ttp:,2396.0,32796.0,110521.0,9247,13196.311655988924,34114.355511824135,653
rat783_n782_uncorr_01.ttp:,2405.0,32787.0,109460.0,9252,12984.164385893862,34281.68820567454,589
rat783_n782_uncorr_01.ttp:,1299.0,33893.0,109641.0,9251,12930.436752944523,34773.771200451214,597
rat783_n782_uncorr_01.ttp:,1373.0,33819.0,109998.0,9245,12890.706271043258,35360.810690659535,611
rat783_n782_uncorr_01.ttp:,2757.0,32435.0,108248.0,9254,13068.088417557368,32583.76806234283,576
rat783_n782_uncorr_01.ttp:,2428.0,32764.0,109701.0,9261,12903.659576831731,34988.81105014427,662
rat783_n782_uncorr_01.ttp:,2550.0,32642.0,111159.0,9250,13067.57565221978,35497.736973647465,653
rat783_n782_uncorr_01.ttp:,1267.0,33925.0,109068.0,9248,12968.476988656816,33980.51823567704,652
rat783_n782_uncorr_01.ttp:,2636.0,32556.0,108885.0,9247,13210.825575065028,32394.319920373484,602
rat783_n782_uncorr_01.ttp:,2597.0,32595.0,109316.0,9260,13057.943490762013,33710.50718848794,634
rat783_n782_uncorr_01.ttp:,2295.0,32897.0,109441.0,9254,12907.085187740739,34708.976762981125,710
rat783_n782_uncorr_01.ttp:,1734.0,33458.0,109128.0,9274,13235.55887696573,32494.114102368418,762
rat783_n782_uncorr_01.ttp:,2275.0,32917.0,110027.0,9268,13003.730179941269,34735.40225814005,625
rat783_n782_uncorr_01.ttp:,2235.0,32957.0,109058.0,9252,12910.806984370847,34304.4275604928,616
rat783_n782_uncorr_01.ttp:,2183.0,33009.0,110005.0,9254,13094.98885826065,34185.01451067084,684
rat783_n782_uncorr_01.ttp:,1389.0,33803.0,108438.0,9269,13175.300782323959,32153.008470344284,700
RESULTS,FOR,heuristics,:,22
rat783_n782_uncorr_01.ttp:,1647.0,33545.0,109590.0,9253,13030.491886751031,34143.451975711534,599790
rat783_n782_uncorr_01.ttp:,2227.0,32965.0,110396.0,9266,13077.319694875563,34678.318966670486,599790
rat783_n782_uncorr_01.ttp:,1139.0,34053.0,109966.0,9251,12856.053757051113,35529.448746674054,599790
rat783_n782_uncorr_01.ttp:,2321.0,32871.0,110189.0,9253,12914.661715430466,35413.10866765761,599790
rat783_n782_uncorr_01.ttp:,2769.0,32423.0,108118.0,9255,13030.68410059266,32670.339057568504,599790
rat783_n782_uncorr_01.ttp:,2070.0,33122.0,109449.0,9254,12976.863191313747,34312.96212229341,599790
rat783_n782_uncorr_01.ttp:,2998.0,32194.0,109373.0,9256,13098.92033392655,33530.251266565276,599790
rat783_n782_uncorr_01.ttp:,2334.0,32858.0,111231.0,9256,13019.91927581305,35845.667393042444,599791
rat783_n782_uncorr_01.ttp:,2366.0,32826.0,110392.0,9252,12942.685931658569,35453.84845569689,599790
rat783_n782_uncorr_01.ttp:,2357.0,32835.0,110089.0,9248,13094.839549261931,34269.879009773416,599790
rat783_n782_uncorr_01.ttp:,1080.0,34112.0,108823.0,9259,12911.496592776155,34065.43472782607,599790
rat783_n782_uncorr_01.ttp:,2165.0,33027.0,109276.0,9251,13179.819575966161,32964.84465515593,599790
rat783_n782_uncorr_01.ttp:,2235.0,32957.0,110797.0,9260,13129.962091409248,34774.51949074045,599790
rat783_n782_uncorr_01.ttp:,2247.0,32945.0,110586.0,9256,13036.786355039949,35103.0070043187,599790
rat783_n782_uncorr_01.ttp:,2726.0,32466.0,109599.0,9258,13130.750350308932,33571.95547171128,599790
rat783_n782_uncorr_01.ttp:,1393.0,33799.0,109339.0,9245,12893.039106652053,34688.30357248461,599790
rat783_n782_uncorr_01.ttp:,2308.0,32884.0,111351.0,9281,13076.16623126156,35639.99752099556,599790
rat783_n782_uncorr_01.ttp:,1180.0,34012.0,108693.0,9271,12900.703117474055,33997.92894982522,599790
rat783_n782_uncorr_01.ttp:,2223.0,32969.0,111499.0,9256,13108.350288403277,35601.65183014503,599790
rat783_n782_uncorr_01.ttp:,2234.0,32958.0,110079.0,9247,13190.969858184999,33703.28452110886,599790
rat783_n782_uncorr_01.ttp:,1710.0,33482.0,109361.0,9254,12902.441155166427,34655.86571158639,599790
rat783_n782_uncorr_01.ttp:,1558.0,33634.0,109771.0,9255,13114.128346844058,33840.1968717729,599790
rat783_n782_uncorr_01.ttp:,2398.0,32794.0,110122.0,9245,13234.668202539711,33493.27110729508,599791
rat783_n782_uncorr_01.ttp:,1029.0,34163.0,109851.0,9264,12960.993699370434,34806.84648064518,599790
rat783_n782_uncorr_01.ttp:,1732.0,33460.0,109495.0,9262,12836.260380476115,35173.0523970433,599790
rat783_n782_uncorr_01.ttp:,2378.0,32814.0,110146.0,9260,12976.941260169828,35009.5101036167,599790
rat783_n782_uncorr_01.ttp:,1048.0,34144.0,109838.0,9245,12855.385847815001,35405.315941151144,599790
rat783_n782_uncorr_01.ttp:,2356.0,32836.0,109791.0,9250,13173.619136441825,33515.74520000184,599791
rat783_n782_uncorr_01.ttp:,2394.0,32798.0,109291.0,9253,13011.410391394598,33954.93383382527,599790
rat783_n782_uncorr_01.ttp:,1094.0,34098.0,110077.0,9253,13019.986286429232,34691.27940157475,599790
RESULTS,FOR,heuristics,:,23
rat783_n782_uncorr_01.ttp:,2787.0,32405.0,109848.0,9304,13098.719641801712,34006.41327396809,12685
rat783_n782_uncorr_01.ttp:,2757.0,32435.0,110647.0,9317,13221.530893163768,34094.33612858178,16648
rat783_n782_uncorr_01.ttp:,1.0,35191.0,111679.0,9247,13215.218993110377,35162.88202989091,8601
rat783_n782_uncorr_01.ttp:,1.0,35191.0,111679.0,9245,13214.066408485023,35169.55549487172,8566
rat783_n782_uncorr_01.ttp:,2452.0,32740.0,111362.0,9276,13430.157533718088,33601.38787977227,12663
rat783_n782_uncorr_01.ttp:,2150.0,33042.0,111376.0,9257,13304.99910952488,34340.05515585095,8632
rat783_n782_uncorr_01.ttp:,1558.0,33634.0,109771.0,9269,13014.646612177747,34416.19611549085,12630
rat783_n782_uncorr_01.ttp:,2178.0,33014.0,111330.0,9278,13071.469266831456,35646.19294504587,4623
rat783_n782_uncorr_01.ttp:,1778.0,33414.0,111374.0,9271,13438.103019612794,33567.38351644193,12686
rat783_n782_uncorr_01.ttp:,1474.0,33718.0,108605.0,9294,13064.230053723224,32963.10798894253,12647
rat783_n782_uncorr_01.ttp:,3200.0,31992.0,111499.0,9278,13558.67263483082,32994.28544432955,8576
rat783_n782_uncorr_01.ttp:,1703.0,33489.0,109292.0,9306,13108.973903067901,33391.04110123686,12632
rat783_n782_uncorr_01.ttp:,2483.0,32709.0,112062.0,9350,13506.912782849307,33856.974987302514,16781
rat783_n782_uncorr_01.ttp:,2562.0,32630.0,111113.0,9269,13312.628073857988,34032.88345236225,8616
rat783_n782_uncorr_01.ttp:,1558.0,33634.0,109771.0,9275,13080.124235773792,34037.08067486975,12598
rat783_n782_uncorr_01.ttp:,2615.0,32577.0,111672.0,9256,13523.641406881108,33370.116254158376,8585
rat783_n782_uncorr_01.ttp:,21.0,35171.0,110101.0,9302,13285.340023592622,33178.881263398725,8583
rat783_n782_uncorr_01.ttp:,1558.0,33634.0,109771.0,9269,13016.303730203954,34406.60140211911,12617
rat783_n782_uncorr_01.ttp:,24.0,35168.0,110846.0,9298,13452.167690087324,32957.94907439439,12605
rat783_n782_uncorr_01.ttp:,1509.0,33683.0,109526.0,9323,13201.417626629329,33089.79194181619,16582
rat783_n782_uncorr_01.ttp:,2001.0,33191.0,111910.0,9343,13425.982959551864,34173.5586641947,12672
rat783_n782_uncorr_01.ttp:,2682.0,32510.0,108313.0,9276,13005.930601178821,33008.661819174624,8624
rat783_n782_uncorr_01.ttp:,2615.0,32577.0,111672.0,9256,13523.64610496626,33370.089052245356,8547
rat783_n782_uncorr_01.ttp:,1428.0,33764.0,109480.0,9258,12909.091159196347,34736.36218825316,12601
rat783_n782_uncorr_01.ttp:,2537.0,32655.0,110868.0,9303,12978.134486517216,35724.60132306532,8662
rat783_n782_uncorr_01.ttp:,2285.0,32907.0,111622.0,9287,13112.413711537589,35701.12461019737,12623
rat783_n782_uncorr_01.ttp:,1524.0,33668.0,109049.0,9274,13061.88655860053,33420.67682570293,12602
rat783_n782_uncorr_01.ttp:,1558.0,33634.0,109771.0,9269,13016.303730203954,34406.60140211911,12546
rat783_n782_uncorr_01.ttp:,698.0,34494.0,108641.0,9249,12956.323036244135,33623.88962014645,8555
rat783_n782_uncorr_01.ttp:,2414.0,32778.0,111628.0,9313,13148.496764750245,35498.20373209608,8677
RESULTS,FOR,heuristics,:,24
rat783_n782_uncorr_01.ttp:,2434.0,32758.0,112766.0,9256,13184.271459951342,36429.068246881725,599485
rat783_n782_uncorr_01.ttp:,1833.0,33359.0,112209.0,9257,13092.865536852809,36401.30854162223,599401
rat783_n782_uncorr_01.ttp:,2418.0,32774.0,112118.0,9258,13129.369072951939,36098.95306760828,599625
rat783_n782_uncorr_01.ttp:,2165.0,33027.0,111779.0,9252,13055.796565092785,36185.93788811278,599629
rat783_n782_uncorr_01.ttp:,2127.0,33065.0,112220.0,9274,13128.672535504673,36204.986019427946,599629
rat783_n782_uncorr_01.ttp:,210.0,34982.0,111370.0,9259,13004.615597316813,36073.275691535644,599512
rat783_n782_uncorr_01.ttp:,2526.0,32666.0,111292.0,9255,12983.64318052083,36116.70598478439,599417
rat783_n782_uncorr_01.ttp:,1557.0,33635.0,111154.0,9257,12953.92601312544,36150.768384003706,599662
rat783_n782_uncorr_01.ttp:,1557.0,33635.0,111154.0,9255,12962.608493296462,36100.49682381349,599584
rat783_n782_uncorr_01.ttp:,1987.0,33205.0,111920.0,9269,13095.609832584943,36096.41906933318,599565
rat783_n782_uncorr_01.ttp:,2146.0,33046.0,111987.0,9252,13111.179548978776,36073.27041141289,599457
rat783_n782_uncorr_01.ttp:,2056.0,33136.0,112581.0,9273,13132.646932308411,36542.9742619343,599528
rat783_n782_uncorr_01.ttp:,1557.0,33635.0,111154.0,9255,12962.608493296462,36100.49682381349,599639
rat783_n782_uncorr_01.ttp:,2439.0,32753.0,111731.0,9253,13052.908831982812,36154.65786281953,599429
rat783_n782_uncorr_01.ttp:,2310.0,32882.0,111744.0,9256,13051.89647716112,36173.519397237105,599543
rat783_n782_uncorr_01.ttp:,2662.0,32530.0,112091.0,9259,13122.610112817089,36111.08744678905,599547
rat783_n782_uncorr_01.ttp:,2191.0,33001.0,111478.0,9255,13026.82095554603,36052.706667388484,599689
rat783_n782_uncorr_01.ttp:,2161.0,33031.0,112161.0,9254,13124.026093605675,36172.88891802315,599392
rat783_n782_uncorr_01.ttp:,2526.0,32666.0,111292.0,9255,12983.611301554789,36116.890563997775,599461
rat783_n782_uncorr_01.ttp:,1557.0,33635.0,111154.0,9255,12960.46014406061,36112.935765889066,599520
rat783_n782_uncorr_01.ttp:,1833.0,33359.0,112209.0,9257,13092.879016575405,36401.23049402841,599406
rat783_n782_uncorr_01.ttp:,2729.0,32463.0,112887.0,9258,13235.663236714483,36252.50985942314,599445
rat783_n782_uncorr_01.ttp:,1857.0,33335.0,111411.0,9261,13017.975953016765,36036.91923203293,599558
rat783_n782_uncorr_01.ttp:,2182.0,33010.0,112446.0,9266,13153.52579981395,36287.08561907723,599636
rat783_n782_uncorr_01.ttp:,1557.0,33635.0,111154.0,9255,12960.4013979637,36113.27590579017,599567
rat783_n782_uncorr_01.ttp:,1886.0,33306.0,111852.0,9258,13094.683327314066,36033.783534851565,599553
rat783_n782_uncorr_01.ttp:,2395.0,32797.0,111960.0,9273,13060.697666086384,36338.560513359844,599535
rat783_n782_uncorr_01.ttp:,2156.0,33036.0,112463.0,9279,13157.788050690517,36279.40718650191,599424
rat783_n782_uncorr_01.ttp:,2146.0,33046.0,111987.0,9254,13113.915745735087,36057.42783219385,599651
rat783_n782_uncorr_01.ttp:,2275.0,32917.0,111987.0,9256,13079.216479554769,36258.336583377895,599500
RESULTS,FOR,heuristics,:,25
rat783_n782_uncorr_01.ttp:,1071.0,34121.0,108593.0,9262,13029.02859605253,33154.92442885584,8559
rat783_n782_uncorr_01.ttp:,2210.0,32982.0,110166.0,9276,13172.368439988606,33897.98673246597,20857
rat783_n782_uncorr_01.ttp:,2231.0,32961.0,111437.0,9256,13149.680279204958,35300.35118340328,8718
rat783_n782_uncorr_01.ttp:,2364.0,32828.0,110312.0,9269,13079.662627790722,34580.753385091724,8651
rat783_n782_uncorr_01.ttp:,1035.0,34157.0,108509.0,9304,13032.031363223065,33053.53840693846,8694
rat783_n782_uncorr_01.ttp:,1404.0,33788.0,108164.0,9265,12858.142000691285,33715.35781599746,16657
rat783_n782_uncorr_01.ttp:,2714.0,32478.0,109055.0,9257,13033.033986503513,33593.733218144655,8628
rat783_n782_uncorr_01.ttp:,2519.0,32673.0,109415.0,9261,13229.310087601627,32817.29459278658,8701
rat783_n782_uncorr_01.ttp:,1560.0,33632.0,109288.0,9284,13127.042570707816,33282.42351560175,16761
rat783_n782_uncorr_01.ttp:,2891.0,32301.0,110428.0,9281,13326.105860762662,33269.847066184186,12654
rat783_n782_uncorr_01.ttp:,2429.0,32763.0,111618.0,9254,13080.394288118812,35882.51707179207,8633
rat783_n782_uncorr_01.ttp:,1316.0,33876.0,109562.0,9258,12921.213308154192,34748.17494578722,8613
rat783_n782_uncorr_01.ttp:,2261.0,32931.0,109540.0,9255,12985.131301326233,34356.089765321114,12786
rat783_n782_uncorr_01.ttp:,2608.0,32584.0,109290.0,9275,13070.786988278467,33610.143337867674,12700
rat783_n782_uncorr_01.ttp:,2244.0,32948.0,111266.0,9316,13050.237719813606,35705.12360227923,12688
rat783_n782_uncorr_01.ttp:,2884.0,32308.0,109853.0,9294,13038.703015137131,34358.90954235601,12667
rat783_n782_uncorr_01.ttp:,1647.0,33545.0,109590.0,9271,12998.996104915135,34325.81255254136,12753
rat783_n782_uncorr_01.ttp:,1560.0,33632.0,109288.0,9284,13127.713442961345,33278.53916525381,16695
rat783_n782_uncorr_01.ttp:,1316.0,33876.0,109562.0,9260,12925.751605135874,34721.898206263286,12696
rat783_n782_uncorr_01.ttp:,2731.0,32461.0,110018.0,9257,13169.344961703322,33767.49267173777,16684
rat783_n782_uncorr_01.ttp:,2433.0,32759.0,110617.0,9269,13153.99954817339,34455.34261607607,8623
rat783_n782_uncorr_01.ttp:,1833.0,33359.0,109200.0,9295,13064.461654052919,33556.76702303359,28815
rat783_n782_uncorr_01.ttp:,2318.0,32874.0,110243.0,9295,13041.596027812944,34732.15899896306,16796
rat783_n782_uncorr_01.ttp:,2366.0,32826.0,110193.0,9275,12831.668685849949,35897.6383089288,8653
rat783_n782_uncorr_01.ttp:,1674.0,33518.0,109690.0,9269,13003.45158813934,34400.015304673216,24756
rat783_n782_uncorr_01.ttp:,1897.0,33295.0,109643.0,9286,13077.786349309024,33922.61703750075,16642
rat783_n782_uncorr_01.ttp:,2389.0,32803.0,108975.0,9293,13011.624393697559,33637.69476049114,20924
rat783_n782_uncorr_01.ttp:,2410.0,32782.0,110595.0,9257,13115.397063201166,34656.85100406525,12629
rat783_n782_uncorr_01.ttp:,2440.0,32752.0,109750.0,9321,13165.088503782701,33524.137563098164,28826
rat783_n782_uncorr_01.ttp:,1341.0,33851.0,107920.0,9262,12999.739801512205,32651.506549244325,12677
RESULTS,FOR,heuristics,:,26
rat783_n782_uncorr_01.ttp:,2769.0,32423.0,108370.0,9274,12936.744632955195,33466.24857518943,9426
rat783_n782_uncorr_01.ttp:,2717.0,32475.0,109623.0,9257,13152.171710316297,33471.92579726863,9801
rat783_n782_uncorr_01.ttp:,2091.0,33101.0,109939.0,9270,13068.728881177884,34271.05977798006,13915
rat783_n782_uncorr_01.ttp:,2202.0,32990.0,108375.0,9276,13084.915779572993,32613.337636272365,9463
rat783_n782_uncorr_01.ttp:,2471.0,32721.0,108872.0,9252,12976.280264342455,33739.33726945719,9528
rat783_n782_uncorr_01.ttp:,1655.0,33537.0,110690.0,9303,13075.953724997162,34980.22793226644,18329
rat783_n782_uncorr_01.ttp:,1330.0,33862.0,108889.0,9315,13160.312790418906,32690.78894347453,18496
rat783_n782_uncorr_01.ttp:,1753.0,33439.0,108748.0,9273,13076.686955501642,33033.982527645494,13856
rat783_n782_uncorr_01.ttp:,2108.0,33084.0,109634.0,9262,12923.681126440497,34805.88627790952,9485
rat783_n782_uncorr_01.ttp:,2998.0,32194.0,109373.0,9258,13088.492696401509,33590.62728783526,9602
rat783_n782_uncorr_01.ttp:,2650.0,32542.0,109552.0,9269,12941.539703073531,34620.485119204255,9987
rat783_n782_uncorr_01.ttp:,2429.0,32763.0,111618.0,9254,13080.398695562792,35882.49155269144,9370
rat783_n782_uncorr_01.ttp:,1797.0,33395.0,110205.0,9317,13106.214054674076,34320.0206234371,18459
rat783_n782_uncorr_01.ttp:,2546.0,32646.0,111092.0,9298,13044.121588087095,35566.536004975715,9400
rat783_n782_uncorr_01.ttp:,1275.0,33917.0,109295.0,9296,13075.838859898848,33585.89300118567,13859
rat783_n782_uncorr_01.ttp:,2750.0,32442.0,110220.0,9301,13069.206175624493,34549.29624313419,13918
rat783_n782_uncorr_01.ttp:,2310.0,32882.0,111744.0,9275,13062.17270826182,36114.02001916406,9394
rat783_n782_uncorr_01.ttp:,2330.0,32862.0,110582.0,9256,12952.97671091496,35584.264843802375,9566
rat783_n782_uncorr_01.ttp:,2245.0,32947.0,109941.0,9295,12984.149044977674,34762.77702957927,14028
rat783_n782_uncorr_01.ttp:,1891.0,33301.0,108979.0,9283,13069.625205943888,33305.87005758489,14051
rat783_n782_uncorr_01.ttp:,2344.0,32848.0,109041.0,9254,13079.861016104376,33308.60471675567,9425
rat783_n782_uncorr_01.ttp:,2758.0,32434.0,109763.0,9256,13138.08654412005,33693.47890954491,9625
rat783_n782_uncorr_01.ttp:,1611.0,33581.0,108746.0,9278,12915.146842786124,33967.29978026834,9370
rat783_n782_uncorr_01.ttp:,2714.0,32478.0,109055.0,9257,13013.281882630119,33708.097899571614,9415
rat783_n782_uncorr_01.ttp:,2303.0,32889.0,110521.0,9276,13044.282895215783,34994.60203670061,13826
rat783_n782_uncorr_01.ttp:,1558.0,33634.0,109771.0,9272,13072.935428483997,34078.70386907765,18518
rat783_n782_uncorr_01.ttp:,1739.0,33453.0,109243.0,9298,13107.601280541568,33349.98858566432,14280
rat783_n782_uncorr_01.ttp:,1016.0,34176.0,110135.0,9249,12922.233286162927,35315.269273116646,9365
rat783_n782_uncorr_01.ttp:,1067.0,34125.0,110181.0,9245,12927.640352619092,35329.962358335455,9422
rat783_n782_uncorr_01.ttp:,2293.0,32899.0,109833.0,9251,13155.054120291474,33665.23664351237,9387
RESULTS,FOR,heuristics,:,27
rat783_n782_uncorr_01.ttp:,2358.0,32834.0,111831.0,9274,13082.616118165699,36082.6526758206,74575
rat783_n782_uncorr_01.ttp:,2151.0,33041.0,111331.0,9258,13002.926820925622,36044.05370684064,82613
rat783_n782_uncorr_01.ttp:,2306.0,32886.0,111424.0,9257,13037.958168429343,35934.2222047941,90826
rat783_n782_uncorr_01.ttp:,2353.0,32839.0,111232.0,9270,12988.172423495786,36030.48166795941,74765
rat783_n782_uncorr_01.ttp:,2096.0,33096.0,110922.0,9285,12889.938612949323,36289.25543102341,70671
rat783_n782_uncorr_01.ttp:,2523.0,32669.0,111489.0,9256,13052.099436801991,35917.34426091648,70662
rat783_n782_uncorr_01.ttp:,2287.0,32905.0,111560.0,9272,13052.637291534693,35985.230082014124,74558
rat783_n782_uncorr_01.ttp:,2287.0,32905.0,111560.0,9258,13037.685074484747,36071.80341873331,74511
rat783_n782_uncorr_01.ttp:,2082.0,33110.0,111077.0,9298,12899.603829812993,36388.293825382774,74801
rat783_n782_uncorr_01.ttp:,2090.0,33102.0,111755.0,9255,13095.65906028675,35931.13404093971,70625
rat783_n782_uncorr_01.ttp:,2380.0,32812.0,112127.0,9300,13132.049679661646,36092.43235475906,70488
rat783_n782_uncorr_01.ttp:,2269.0,32923.0,110931.0,9256,12983.458456398444,35756.77553745301,70610
rat783_n782_uncorr_01.ttp:,2450.0,32742.0,111318.0,9256,13027.716952165649,35887.5188469609,78683
rat783_n782_uncorr_01.ttp:,2287.0,32905.0,111560.0,9258,13037.689481928726,36071.77789963267,74527
rat783_n782_uncorr_01.ttp:,2286.0,32906.0,111621.0,9256,13098.387769469939,35781.334814769056,70633
rat783_n782_uncorr_01.ttp:,2259.0,32933.0,111490.0,9315,12985.89146423508,36301.68842207889,70807
rat783_n782_uncorr_01.ttp:,2236.0,32956.0,111898.0,9274,13103.111655180552,36030.98351650461,70778
rat783_n782_uncorr_01.ttp:,2279.0,32913.0,111591.0,9281,13041.28362918428,36081.96778702302,70508
rat783_n782_uncorr_01.ttp:,2079.0,33113.0,111205.0,9284,12963.9688053687,36143.62061691523,82760
rat783_n782_uncorr_01.ttp:,2197.0,32995.0,112075.0,9276,13142.936388887889,35977.39830833912,82633
rat783_n782_uncorr_01.ttp:,2151.0,33041.0,111331.0,9258,13002.97627465777,36043.767369731504,82536
rat783_n782_uncorr_01.ttp:,1998.0,33194.0,111636.0,9299,12982.153992126072,36469.32838559004,74542
rat783_n782_uncorr_01.ttp:,2569.0,32623.0,111516.0,9285,12986.740150495829,36322.77452862915,82863
rat783_n782_uncorr_01.ttp:,1265.0,33927.0,110698.0,9262,12899.560696771769,36009.54356569146,70799
rat783_n782_uncorr_01.ttp:,2471.0,32721.0,111893.0,9306,13060.236938536284,36274.22812587491,70625
rat783_n782_uncorr_01.ttp:,2539.0,32653.0,111716.0,9277,13064.990574146497,36069.70457569178,70665
rat783_n782_uncorr_01.ttp:,2309.0,32883.0,111573.0,9260,13053.0258830475,35995.980137154984,86754
rat783_n782_uncorr_01.ttp:,2385.0,32807.0,111386.0,9256,13048.275350889122,35836.48571835198,74527
rat783_n782_uncorr_01.ttp:,2375.0,32817.0,111341.0,9286,12952.60700419674,36345.405445700875,82781
rat783_n782_uncorr_01.ttp:,2335.0,32857.0,111704.0,9258,13070.06389164141,36028.33006739624,70513
RESULTS,FOR,heuristics,:,28
rat783_n782_uncorr_01.ttp:,2181.0,33011.0,111732.0,9272,13081.314037591037,35991.191722347896,71737
rat783_n782_uncorr_01.ttp:,2036.0,33156.0,111250.0,9281,12940.076191797261,36326.95884949385,71438
rat783_n782_uncorr_01.ttp:,2242.0,32950.0,111304.0,9262,13000.48701757239,36031.18016825586,71648
rat783_n782_uncorr_01.ttp:,1265.0,33927.0,110698.0,9262,12899.507968329404,36009.848863372754,71403
rat783_n782_uncorr_01.ttp:,2116.0,33076.0,111258.0,9284,12963.606524389505,36198.718223784774,71956
rat783_n782_uncorr_01.ttp:,2259.0,32933.0,111490.0,9315,12985.962942955852,36301.274560285616,71479
rat783_n782_uncorr_01.ttp:,2336.0,32856.0,111549.0,9281,13047.55332179646,36003.66626679849,71438
rat783_n782_uncorr_01.ttp:,2429.0,32763.0,111618.0,9256,13083.048350166668,35867.150052535,71577
rat783_n782_uncorr_01.ttp:,2061.0,33131.0,112544.0,9314,13050.15683485764,36983.59192617427,75903
rat783_n782_uncorr_01.ttp:,2158.0,33034.0,111149.0,9260,12967.560709512552,36066.82349192232,71599
rat783_n782_uncorr_01.ttp:,2292.0,32900.0,111407.0,9272,13022.257294033328,36008.13026754702,71523
rat783_n782_uncorr_01.ttp:,2385.0,32807.0,111386.0,9256,13048.325218160833,35836.19698684878,71503
rat783_n782_uncorr_01.ttp:,2510.0,32682.0,111487.0,9277,13016.28780536102,36122.6936069597,71757
rat783_n782_uncorr_01.ttp:,2090.0,33102.0,111182.0,9282,12958.61477091564,36151.62047639844,71624
rat783_n782_uncorr_01.ttp:,2303.0,32889.0,111002.0,9283,12921.414856544172,36187.00798060924,71293
rat783_n782_uncorr_01.ttp:,2424.0,32768.0,111633.0,9255,13074.298186196644,35932.81350192144,71344
rat783_n782_uncorr_01.ttp:,2259.0,32933.0,111490.0,9315,12985.897065045552,36301.65599338626,71404
rat783_n782_uncorr_01.ttp:,2335.0,32857.0,111704.0,9258,13070.118842423959,36028.01190236528,71270
rat783_n782_uncorr_01.ttp:,2429.0,32763.0,111618.0,9254,13080.34882829108,35882.78028419464,71325
rat783_n782_uncorr_01.ttp:,2358.0,32834.0,111831.0,9274,13082.667268816953,36082.356513549836,71531
rat783_n782_uncorr_01.ttp:,2174.0,33018.0,110953.0,9271,12947.593197303479,35986.43538761286,71427
rat783_n782_uncorr_01.ttp:,2281.0,32911.0,111416.0,9285,12975.676661770829,36286.8321283469,75874
rat783_n782_uncorr_01.ttp:,2306.0,32886.0,111424.0,9260,13016.911499976368,36056.08241513683,71720
rat783_n782_uncorr_01.ttp:,2241.0,32951.0,111496.0,9255,13066.128889251677,35843.11373123279,71635
rat783_n782_uncorr_01.ttp:,2365.0,32827.0,111243.0,9282,12966.661090544363,36166.03228574814,71901
rat783_n782_uncorr_01.ttp:,2579.0,32613.0,111990.0,9260,13131.55821658814,35958.277925954666,71597
rat783_n782_uncorr_01.ttp:,1265.0,33927.0,110698.0,9262,12899.007308161177,36012.747685746785,71476
rat783_n782_uncorr_01.ttp:,2429.0,32763.0,111618.0,9254,13080.344420847101,35882.80580329528,71416
rat783_n782_uncorr_01.ttp:,2526.0,32666.0,111292.0,9275,12975.797965589732,36162.129779235445,71398
rat783_n782_uncorr_01.ttp:,2539.0,32653.0,111716.0,9277,13065.038519912887,36069.42696970438,71497
RESULTS,FOR,heuristics,:,29
rat783_n782_uncorr_01.ttp:,2451.0,32741.0,110922.0,9298,12993.579954551142,35689.172063148886,600229
rat783_n782_uncorr_01.ttp:,2363.0,32829.0,111511.0,9254,13070.626846138917,35832.070560855675,600039
rat783_n782_uncorr_01.ttp:,2335.0,32857.0,111704.0,9266,13083.445861049258,35950.848464524795,600189
rat783_n782_uncorr_01.ttp:,2338.0,32854.0,110968.0,9299,12977.711687926976,35827.04932690281,600260
rat783_n782_uncorr_01.ttp:,1981.0,33211.0,111506.0,9282,13080.759190544315,35768.40428674841,600022
rat783_n782_uncorr_01.ttp:,2138.0,33054.0,111222.0,9272,13016.157239860358,35858.44958120852,600118
rat783_n782_uncorr_01.ttp:,1987.0,33205.0,111448.0,9281,12976.34342505934,36314.97156890642,600026
rat783_n782_uncorr_01.ttp:,2247.0,32945.0,111203.0,9303,13017.936987462104,35829.14484259441,600200
rat783_n782_uncorr_01.ttp:,962.0,34230.0,110251.0,9248,12857.067195015916,35808.58094085785,600134
rat783_n782_uncorr_01.ttp:,2247.0,32945.0,111674.0,9282,13038.67953466193,36180.04549430743,600172
rat783_n782_uncorr_01.ttp:,2151.0,33041.0,111331.0,9258,13002.926820925622,36044.05370684064,600248
rat783_n782_uncorr_01.ttp:,1939.0,33253.0,111174.0,9274,12987.584208485196,35975.88743287072,600095
rat783_n782_uncorr_01.ttp:,2431.0,32761.0,112000.0,9313,13114.602640589641,36066.450710985984,600021
rat783_n782_uncorr_01.ttp:,2145.0,33047.0,111717.0,9281,13118.039370618326,35763.55204411989,600215
rat783_n782_uncorr_01.ttp:,2090.0,33102.0,111755.0,9255,13095.654568596638,35931.16004782547,600136
rat783_n782_uncorr_01.ttp:,2279.0,32913.0,111591.0,9281,13041.23213656858,36082.26592926792,600120
rat783_n782_uncorr_01.ttp:,2381.0,32811.0,111303.0,9278,13043.977850647814,35778.36824474916,600132
rat783_n782_uncorr_01.ttp:,2307.0,32885.0,111488.0,9314,13041.287841293492,35978.94339891068,600238
rat783_n782_uncorr_01.ttp:,2145.0,33047.0,111717.0,9281,13119.052353989666,35757.68687039983,600532
rat783_n782_uncorr_01.ttp:,2422.0,32770.0,111508.0,9282,13052.777920509143,35932.415840252055,600034
rat783_n782_uncorr_01.ttp:,1265.0,33927.0,110698.0,9265,12902.419911301562,35992.98871356396,600219
rat783_n782_uncorr_01.ttp:,2408.0,32784.0,110862.0,9303,12982.568708094079,35692.92718013529,600002
rat783_n782_uncorr_01.ttp:,2199.0,32993.0,111227.0,9280,13025.676937397275,35808.33053246977,600683
rat783_n782_uncorr_01.ttp:,2287.0,32905.0,111560.0,9258,13037.734528216895,36071.51708162417,600087
rat783_n782_uncorr_01.ttp:,2138.0,33054.0,110811.0,9273,12960.456330349572,35769.957847275975,600446
rat783_n782_uncorr_01.ttp:,2035.0,33157.0,111624.0,9285,13045.60002375059,36089.975862484076,600270
rat783_n782_uncorr_01.ttp:,2247.0,32945.0,111203.0,9303,13017.882600706504,35829.45974190935,600107
rat783_n782_uncorr_01.ttp:,2451.0,32741.0,110922.0,9304,13001.858265198083,35641.240644503094,600378
rat783_n782_uncorr_01.ttp:,2537.0,32655.0,110868.0,9299,12970.746116009437,35767.37998830536,600014
rat783_n782_uncorr_01.ttp:,2529.0,32663.0,111092.0,9285,13017.119068426198,35722.88059381231,600234
RESULTS,FOR,heuristics,:,30
rat783_n782_uncorr_01.ttp:,2280.0,32912.0,111344.0,9260,13004.418590386973,36048.41636165943,600220
rat783_n782_uncorr_01.ttp:,2501.0,32691.0,110788.0,9255,12996.891364413472,35535.999000045995,600204
rat783_n782_uncorr_01.ttp:,2284.0,32908.0,111023.0,9314,12997.9402678882,35764.92584892732,600250
rat783_n782_uncorr_01.ttp:,1265.0,33927.0,110698.0,9262,12899.012870958582,36012.7154771498,600099
rat783_n782_uncorr_01.ttp:,2412.0,32780.0,111527.0,9275,13075.846652591921,35817.84788149278,600115
rat783_n782_uncorr_01.ttp:,2188.0,33004.0,111555.0,9272,13093.572813960476,35743.21340716885,600166
rat783_n782_uncorr_01.ttp:,2366.0,32826.0,110193.0,9275,12831.673567859103,35897.610042095796,600533
rat783_n782_uncorr_01.ttp:,2454.0,32738.0,111800.0,9305,13112.962092688507,35875.94948333355,600303
rat783_n782_uncorr_01.ttp:,982.0,34210.0,110229.0,9255,12821.82533187654,35990.63132843483,600100
rat783_n782_uncorr_01.ttp:,2284.0,32908.0,111023.0,9301,12982.826723147042,35852.433272978626,600460
rat783_n782_uncorr_01.ttp:,2202.0,32990.0,111262.0,9281,12945.262320898477,36308.931161997825,600261
rat783_n782_uncorr_01.ttp:,2567.0,32625.0,111629.0,9273,13097.085847495773,35796.87294299947,600482
rat783_n782_uncorr_01.ttp:,2231.0,32961.0,111493.0,9269,13056.78901954645,35894.19157682605,600025
rat783_n782_uncorr_01.ttp:,2332.0,32860.0,110554.0,9275,12892.09086640679,35908.79388350468,600587
rat783_n782_uncorr_01.ttp:,2129.0,33063.0,111341.0,9258,13003.500911666479,36050.72972145109,600185
rat783_n782_uncorr_01.ttp:,2446.0,32746.0,111214.0,9264,13023.705811793485,35806.74334971572,600209
rat783_n782_uncorr_01.ttp:,2454.0,32738.0,111800.0,9303,13109.786057391882,35894.338727701004,600580
rat783_n782_uncorr_01.ttp:,962.0,34230.0,110251.0,9248,12857.067195015916,35808.58094085785,600291
rat783_n782_uncorr_01.ttp:,2414.0,32778.0,110509.0,9258,12898.458260892712,35826.926669431195,600452
rat783_n782_uncorr_01.ttp:,2235.0,32957.0,111631.0,9257,13076.991076425737,35915.22166749499,600393
rat783_n782_uncorr_01.ttp:,2005.0,33187.0,111805.0,9272,13075.902149010653,36095.52655722831,599998
rat783_n782_uncorr_01.ttp:,2092.0,33100.0,109967.0,9258,12807.496952793448,35811.59264332593,600207
rat783_n782_uncorr_01.ttp:,2104.0,33088.0,111056.0,9298,13021.51016106749,35661.45616741924,600419
rat783_n782_uncorr_01.ttp:,2259.0,32933.0,111490.0,9320,12991.296319066842,36270.39431260299,600204
rat783_n782_uncorr_01.ttp:,2196.0,32996.0,111672.0,9255,13087.465701634124,35895.57358753841,600336
rat783_n782_uncorr_01.ttp:,2550.0,32642.0,110924.0,9286,12984.448384679312,35744.04385270679,600326
rat783_n782_uncorr_01.ttp:,2314.0,32878.0,111475.0,9284,13010.012629376766,36147.02687590853,600390
rat783_n782_uncorr_01.ttp:,2347.0,32845.0,111709.0,9260,13084.220099229562,35951.365625460836,600211
rat783_n782_uncorr_01.ttp:,2309.0,32883.0,111573.0,9260,13053.076338045163,35995.68800271851,600082
rat783_n782_uncorr_01.ttp:,2416.0,32776.0,110393.0,9254,12905.429742299095,35670.561792088236,600151
