Enter,TTP,instance,file:
RESULTS,FOR,heuristics,:,20
pla33810_n338090_uncorr-similar-weights_01.ttp:,938.0,3.0872803E7,2.6489417E7,66286626,9.938664395153855E7,1.0587553967753831E7,60313
pla33810_n338090_uncorr-similar-weights_01.ttp:,150.0,3.0873591E7,2.6714407E7,66313980,9.399112023294416E7,1.1675827762728933E7,55977
pla33810_n338090_uncorr-similar-weights_01.ttp:,910.0,3.0872831E7,2.6792653E7,66250638,9.4482323470314E7,1.167548124474976E7,56137
pla33810_n338090_uncorr-similar-weights_01.ttp:,420.0,3.0873321E7,2.6567885E7,66321126,9.974656333604407E7,1.0608434866232948E7,56319
pla33810_n338090_uncorr-similar-weights_01.ttp:,838.0,3.0872903E7,2.658075E7,66318641,9.689200091974083E7,1.1078029852841467E7,57424
pla33810_n338090_uncorr-similar-weights_01.ttp:,772.0,3.0872969E7,2.6557099E7,66341602,9.906856420289862E7,1.070612872753622E7,56346
pla33810_n338090_uncorr-similar-weights_01.ttp:,371.0,3.087337E7,2.6661046E7,66320594,9.313445683105992E7,1.1759532907030413E7,55885
pla33810_n338090_uncorr-similar-weights_01.ttp:,755.0,3.0872986E7,2.6663589E7,66363435,9.498783474016048E7,1.1465535441574322E7,57757
pla33810_n338090_uncorr-similar-weights_01.ttp:,248.0,3.0873493E7,2.6561143E7,66266181,9.710852858295864E7,1.1023778426726617E7,55792
pla33810_n338090_uncorr-similar-weights_01.ttp:,811.0,3.087293E7,2.6637659E7,66236299,9.599401455866797E7,1.1278616670613125E7,56538
pla33810_n338090_uncorr-similar-weights_01.ttp:,574.0,3.0873167E7,2.6609984E7,66298896,9.609937446107037E7,1.123408408622874E7,57182
pla33810_n338090_uncorr-similar-weights_01.ttp:,198.0,3.0873543E7,2.6527581E7,66296881,9.682021593076295E7,1.1036346451077929E7,58936
pla33810_n338090_uncorr-similar-weights_01.ttp:,838.0,3.0872903E7,2.6616977E7,66349155,9.885950848301569E7,1.079945564271749E7,56660
pla33810_n338090_uncorr-similar-weights_01.ttp:,160.0,3.0873581E7,2.6542406E7,66281065,9.678108113705364E7,1.1057433018071417E7,54417
pla33810_n338090_uncorr-similar-weights_01.ttp:,139.0,3.0873602E7,2.6770688E7,66226478,9.35579384421199E7,1.1801417849260816E7,55250
pla33810_n338090_uncorr-similar-weights_01.ttp:,775.0,3.0872966E7,2.677883E7,66289652,9.599845162299317E7,1.1419077740321092E7,56164
pla33810_n338090_uncorr-similar-weights_01.ttp:,414.0,3.0873327E7,2.6505134E7,66325537,9.831821103069252E7,1.0774220235089198E7,56048
pla33810_n338090_uncorr-similar-weights_01.ttp:,166.0,3.0873575E7,2.6645935E7,66385613,9.356712430406761E7,1.1675195111349182E7,56105
pla33810_n338090_uncorr-similar-weights_01.ttp:,241.0,3.08735E7,2.657981E7,66261126,9.608851595478897E7,1.1205647447233764E7,57306
pla33810_n338090_uncorr-similar-weights_01.ttp:,200.0,3.0873541E7,2.6626205E7,66251590,9.605454136900486E7,1.1257478380959222E7,55677
pla33810_n338090_uncorr-similar-weights_01.ttp:,150.0,3.0873591E7,2.6546297E7,66391644,9.922389712452546E7,1.0670473460075926E7,57298
pla33810_n338090_uncorr-similar-weights_01.ttp:,965.0,3.0872776E7,2.6750653E7,66232789,9.31099366238927E7,1.1853063140177168E7,55911
pla33810_n338090_uncorr-similar-weights_01.ttp:,180.0,3.0873561E7,2.6661905E7,66337345,9.35821383802162E7,1.1688762859165408E7,56643
pla33810_n338090_uncorr-similar-weights_01.ttp:,314.0,3.0873427E7,2.6623304E7,66290877,9.378116402036303E7,1.1618317756741915E7,54665
pla33810_n338090_uncorr-similar-weights_01.ttp:,524.0,3.0873217E7,2.6499439E7,66287575,9.738324926944612E7,1.091811911688862E7,55531
pla33810_n338090_uncorr-similar-weights_01.ttp:,188.0,3.0873553E7,2.6697434E7,66341560,9.898066516281836E7,1.0860527573949063E7,58480
pla33810_n338090_uncorr-similar-weights_01.ttp:,552.0,3.0873189E7,2.6652741E7,66341458,9.672129696316476E7,1.1177333485893637E7,56400
pla33810_n338090_uncorr-similar-weights_01.ttp:,453.0,3.0873288E7,2.6735586E7,66213068,9.559091062202181E7,1.144104030047651E7,55159
pla33810_n338090_uncorr-similar-weights_01.ttp:,587.0,3.0873154E7,2.6410879E7,66286657,1.0046964126976033E8,1.0335736396838348E7,56985
pla33810_n338090_uncorr-similar-weights_01.ttp:,413.0,3.0873328E7,2.6815229E7,66339988,9.52393337708634E7,1.1576935596661856E7,55514
RESULTS,FOR,heuristics,:,21
pla33810_n338090_uncorr-similar-weights_01.ttp:,36074.0,3.0837667E7,2.675578E7,66324422,9.653840665744153E7,1.1309634934809355E7,599996
pla33810_n338090_uncorr-similar-weights_01.ttp:,73.0,3.0873668E7,2.6652564E7,66349162,9.523581291200949E7,1.1414833934078481E7,599995
pla33810_n338090_uncorr-similar-weights_01.ttp:,782.0,3.0872959E7,2.66627E7,66316321,9.568060677007794E7,1.135380291678753E7,599993
pla33810_n338090_uncorr-similar-weights_01.ttp:,720.0,3.0873021E7,2.6631108E7,66299684,9.657825831228694E7,1.1178586670034088E7,599995
pla33810_n338090_uncorr-similar-weights_01.ttp:,117.0,3.0873624E7,2.6721175E7,66317413,9.347784026765515E7,1.1764720557175176E7,599995
pla33810_n338090_uncorr-similar-weights_01.ttp:,260.0,3.0873481E7,2.6810159E7,66334469,9.549770318816528E7,1.1530526489893556E7,600008
pla33810_n338090_uncorr-similar-weights_01.ttp:,818.0,3.0872923E7,2.6777486E7,66332794,9.439785124866375E7,1.1673829800213799E7,599995
pla33810_n338090_uncorr-similar-weights_01.ttp:,730.0,3.0873011E7,2.6721406E7,66285581,9.414423292034158E7,1.1658328732745348E7,599994
pla33810_n338090_uncorr-similar-weights_01.ttp:,801.0,3.087294E7,2.6723617E7,66248500,9.45001816622636E7,1.1603587934037823E7,599993
pla33810_n338090_uncorr-similar-weights_01.ttp:,58.0,3.0873683E7,2.6725328E7,66373627,9.517020508913787E7,1.1498095185737941E7,600001
pla33810_n338090_uncorr-similar-weights_01.ttp:,30.0,3.0873711E7,2.6559588E7,66367418,9.39659650321015E7,1.152503359486376E7,599994
pla33810_n338090_uncorr-similar-weights_01.ttp:,223.0,3.0873518E7,2.6599592E7,66227525,9.806247453822196E7,1.0909596073884487E7,600003
pla33810_n338090_uncorr-similar-weights_01.ttp:,319.0,3.0873422E7,2.6504998E7,66272291,9.812906153301819E7,1.080434815471709E7,599994
pla33810_n338090_uncorr-similar-weights_01.ttp:,119.0,3.0873622E7,2.6595922E7,66346220,9.462699939719722E7,1.1455602096448446E7,600003
pla33810_n338090_uncorr-similar-weights_01.ttp:,811.0,3.087293E7,2.661643E7,66389263,9.743365978019619E7,1.1027044435168609E7,599991
pla33810_n338090_uncorr-similar-weights_01.ttp:,217.0,3.0873524E7,2.6592462E7,66259242,9.787838487926161E7,1.0931920419318141E7,600004
pla33810_n338090_uncorr-similar-weights_01.ttp:,375.0,3.0873366E7,2.6528561E7,66259171,9.660135841758052E7,1.1072343653187117E7,600002
pla33810_n338090_uncorr-similar-weights_01.ttp:,30.0,3.0873711E7,2.6718299E7,66393992,9.229571286258467E7,1.1950984941986453E7,600014
pla33810_n338090_uncorr-similar-weights_01.ttp:,47.0,3.0873694E7,2.6673448E7,66290938,9.421923006899677E7,1.1598371188960517E7,600001
pla33810_n338090_uncorr-similar-weights_01.ttp:,260277.0,3.0613464E7,2.641932E7,66224090,9.850224469050547E7,1.0658960849519124E7,600003
pla33810_n338090_uncorr-similar-weights_01.ttp:,890.0,3.0872851E7,2.6717495E7,66272599,9.497028696533327E7,1.1522249085546676E7,600006
pla33810_n338090_uncorr-similar-weights_01.ttp:,890.0,3.0872851E7,2.671626E7,66358635,9.308055013520567E7,1.1823371978367092E7,599999
pla33810_n338090_uncorr-similar-weights_01.ttp:,157978.0,3.0715763E7,2.6584101E7,66337072,9.754926421709926E7,1.0976218725264117E7,599992
pla33810_n338090_uncorr-similar-weights_01.ttp:,742.0,3.0872999E7,2.6632287E7,66343895,9.558661332565758E7,1.1338428867894787E7,600006
pla33810_n338090_uncorr-similar-weights_01.ttp:,4.0,3.0873737E7,2.6841121E7,66361708,9.55871790616646E7,1.1547172350133665E7,599993
pla33810_n338090_uncorr-similar-weights_01.ttp:,353196.0,3.0520545E7,2.6366973E7,66322459,9.835000092682917E7,1.0630972851707332E7,600000
pla33810_n338090_uncorr-similar-weights_01.ttp:,108.0,3.0873633E7,2.6681877E7,66350473,9.279720714682734E7,1.1834323856507625E7,599996
pla33810_n338090_uncorr-similar-weights_01.ttp:,535.0,3.0873206E7,2.6756794E7,66218734,9.391998755150194E7,1.1729595991759688E7,599994
pla33810_n338090_uncorr-similar-weights_01.ttp:,4.0,3.0873737E7,2.677151E7,66238362,9.427229741356602E7,1.1687942413829437E7,600010
pla33810_n338090_uncorr-similar-weights_01.ttp:,50481.0,3.082326E7,2.6557605E7,66317813,9.699989997423321E7,1.1037621004122686E7,599992
RESULTS,FOR,heuristics,:,22
pla33810_n338090_uncorr-similar-weights_01.ttp:,158.0,3.0873583E7,2.6806759E7,66285018,9.366923525511485E7,1.1819681359181624E7,599921
pla33810_n338090_uncorr-similar-weights_01.ttp:,701.0,3.087304E7,2.6562386E7,66263344,9.586457610129851E7,1.1224053823792238E7,599808
pla33810_n338090_uncorr-similar-weights_01.ttp:,591.0,3.087315E7,2.6710701E7,66339385,9.28263009762034E7,1.1858492843807457E7,599862
pla33810_n338090_uncorr-similar-weights_01.ttp:,585.0,3.0873156E7,2.6695179E7,66228508,9.456221858829787E7,1.156522402587234E7,599919
pla33810_n338090_uncorr-similar-weights_01.ttp:,227.0,3.0873514E7,2.6576255E7,66271317,9.79637922859289E7,1.0902048234251374E7,599948
pla33810_n338090_uncorr-similar-weights_01.ttp:,633.0,3.0873108E7,2.6739259E7,66302446,9.310009036112003E7,1.1843244542220796E7,599810
pla33810_n338090_uncorr-similar-weights_01.ttp:,74.0,3.0873667E7,2.6749413E7,66248944,9.235052430172892E7,1.1973329111723373E7,599954
pla33810_n338090_uncorr-similar-weights_01.ttp:,513.0,3.0873228E7,2.6556319E7,66399319,9.605697937004136E7,1.1187202300793383E7,600026
pla33810_n338090_uncorr-similar-weights_01.ttp:,60.0,3.0873681E7,2.6597339E7,66305269,9.595828853550325E7,1.124401283431948E7,599868
pla33810_n338090_uncorr-similar-weights_01.ttp:,169.0,3.0873572E7,2.6668364E7,66404338,9.156151530889527E7,1.2018521550576756E7,600063
pla33810_n338090_uncorr-similar-weights_01.ttp:,902.0,3.0872839E7,2.6619357E7,66289273,9.443101622442459E7,1.1510394404092066E7,599965
pla33810_n338090_uncorr-similar-weights_01.ttp:,904.0,3.0872837E7,2.6525109E7,66253398,9.70670053469397E7,1.0994388144489648E7,599916
pla33810_n338090_uncorr-similar-weights_01.ttp:,181993.0,3.0691748E7,2.6351878E7,66337524,9.822555716203867E7,1.0635788854073813E7,599850
pla33810_n338090_uncorr-similar-weights_01.ttp:,542.0,3.0873199E7,2.6577196E7,66329217,9.636238721910416E7,1.1159214044943335E7,599971
pla33810_n338090_uncorr-similar-weights_01.ttp:,539.0,3.0873202E7,2.6800104E7,66274401,9.467002735541403E7,1.1652899623133754E7,599885
pla33810_n338090_uncorr-similar-weights_01.ttp:,421.0,3.087332E7,2.6458136E7,66292222,9.482570086198339E7,1.1286023862082658E7,599793
pla33810_n338090_uncorr-similar-weights_01.ttp:,785.0,3.0872956E7,2.6444603E7,66279234,9.701723293213749E7,1.0921845730858002E7,599843
pla33810_n338090_uncorr-similar-weights_01.ttp:,64.0,3.0873677E7,2.6564419E7,66465564,9.719317600700627E7,1.1013510838878997E7,599906
pla33810_n338090_uncorr-similar-weights_01.ttp:,723.0,3.0873018E7,2.6736388E7,66252950,9.385519054293689E7,1.1719557513130097E7,599854
pla33810_n338090_uncorr-similar-weights_01.ttp:,207220.0,3.0666521E7,2.637848E7,66366888,9.823813844042355E7,1.0660377849532232E7,600027
pla33810_n338090_uncorr-similar-weights_01.ttp:,86.0,3.0873655E7,2.6666308E7,66331078,9.31698843104011E7,1.1759126510335824E7,599966
pla33810_n338090_uncorr-similar-weights_01.ttp:,792.0,3.0872949E7,2.6637263E7,66240788,9.67727061092952E7,1.1153630022512767E7,599876
pla33810_n338090_uncorr-similar-weights_01.ttp:,855.0,3.0872886E7,2.6820926E7,66177352,9.353447941005462E7,1.185540929439126E7,599890
pla33810_n338090_uncorr-similar-weights_01.ttp:,183.0,3.0873558E7,2.6621294E7,66329115,9.605780919432533E7,1.1252044528907947E7,599829
pla33810_n338090_uncorr-similar-weights_01.ttp:,919.0,3.0872822E7,2.6623799E7,66339178,9.485043876570135E7,1.1447728797487782E7,599879
pla33810_n338090_uncorr-similar-weights_01.ttp:,33.0,3.0873708E7,2.6795539E7,66286246,9.434215513588837E7,1.170079417825786E7,599804
pla33810_n338090_uncorr-similar-weights_01.ttp:,55.0,3.0873686E7,2.6527391E7,66352955,9.677334915695255E7,1.1043655134887593E7,599945
pla33810_n338090_uncorr-similar-weights_01.ttp:,297.0,3.0873444E7,2.6853646E7,66245663,9.518498012471208E7,1.1624049180046067E7,599881
pla33810_n338090_uncorr-similar-weights_01.ttp:,444.0,3.0873297E7,2.6578014E7,66209145,9.560821811765456E7,1.128069910117527E7,599902
pla33810_n338090_uncorr-similar-weights_01.ttp:,187806.0,3.0685935E7,2.6347816E7,66319610,9.849553928449239E7,1.0588529714481218E7,600007
RESULTS,FOR,heuristics,:,23
pla33810_n338090_uncorr-similar-weights_01.ttp:,36.0,3.0873705E7,2.6576949E7,66272733,9.782879975632219E7,1.0924341038988449E7,600147
pla33810_n338090_uncorr-similar-weights_01.ttp:,220.0,3.0873521E7,2.6678332E7,66232457,9.289010116128807E7,1.1815915814193908E7,600216
pla33810_n338090_uncorr-similar-weights_01.ttp:,2.0,3.0873739E7,2.6484302E7,66294228,1.000038718992322E8,1.0483682496122848E7,600458
pla33810_n338090_uncorr-similar-weights_01.ttp:,375.0,3.0873366E7,2.6657421E7,66289048,9.327989371317269E7,1.173263800589237E7,600553
pla33810_n338090_uncorr-similar-weights_01.ttp:,718.0,3.0873023E7,2.6717688E7,66286404,9.34404438513822E7,1.176721698377885E7,600201
pla33810_n338090_uncorr-similar-weights_01.ttp:,820.0,3.0872921E7,2.6708185E7,66292628,9.378232970951255E7,1.1703012246477991E7,599859
pla33810_n338090_uncorr-similar-weights_01.ttp:,119.0,3.0873622E7,2.6757252E7,66369838,9.610994627883393E7,1.1379660595386572E7,600051
pla33810_n338090_uncorr-similar-weights_01.ttp:,70.0,3.0873671E7,2.6707178E7,66290899,9.230801806912738E7,1.1937895108939618E7,600030
pla33810_n338090_uncorr-similar-weights_01.ttp:,167.0,3.0873574E7,2.6634819E7,66322245,9.45665513196318E7,1.1504170788858911E7,600679
pla33810_n338090_uncorr-similar-weights_01.ttp:,469.0,3.0873272E7,2.6689494E7,66332650,9.536104069514917E7,1.1431727488776132E7,600428
pla33810_n338090_uncorr-similar-weights_01.ttp:,723.0,3.0873018E7,2.6764603E7,66316173,9.422877051797885E7,1.1687999717123384E7,599866
pla33810_n338090_uncorr-similar-weights_01.ttp:,3.0,3.0873738E7,2.6451168E7,66381572,9.875258667160322E7,1.0650754132543486E7,600382
pla33810_n338090_uncorr-similar-weights_01.ttp:,83.0,3.0873658E7,2.6592298E7,66283966,9.814649861138225E7,1.0888858222178841E7,599902
pla33810_n338090_uncorr-similar-weights_01.ttp:,557.0,3.0873184E7,2.6636006E7,66325387,9.870889199240114E7,1.0842583281215817E7,600618
pla33810_n338090_uncorr-similar-weights_01.ttp:,745.0,3.0872996E7,2.6738098E7,66366298,9.429959979880275E7,1.165016203219156E7,600068
pla33810_n338090_uncorr-similar-weights_01.ttp:,939.0,3.0872802E7,2.6712865E7,66319355,9.354758943259248E7,1.1745250690785203E7,600290
pla33810_n338090_uncorr-similar-weights_01.ttp:,48.0,3.0873693E7,2.659405E7,66343948,9.673281097053228E7,1.1116800244714834E7,599985
pla33810_n338090_uncorr-similar-weights_01.ttp:,795.0,3.0872946E7,2.6809984E7,66214116,9.396353720854007E7,1.1775818046633588E7,600350
pla33810_n338090_uncorr-similar-weights_01.ttp:,225.0,3.0873516E7,2.6527432E7,66273771,9.834352131881541E7,1.0792468588989533E7,600042
pla33810_n338090_uncorr-similar-weights_01.ttp:,352.0,3.0873389E7,2.6751935E7,66369260,9.385869393215252E7,1.1734543970855596E7,599929
pla33810_n338090_uncorr-similar-weights_01.ttp:,79.0,3.0873662E7,2.6704948E7,66289314,9.3536363715626E7,1.1739129805499839E7,600422
pla33810_n338090_uncorr-similar-weights_01.ttp:,657.0,3.0873084E7,2.6600606E7,66371529,9.42216381442543E7,1.1525143896919312E7,600533
pla33810_n338090_uncorr-similar-weights_01.ttp:,715.0,3.0873026E7,2.6738003E7,66330128,9.442796595530798E7,1.1629528447150724E7,599814
pla33810_n338090_uncorr-similar-weights_01.ttp:,951.0,3.087279E7,2.6780998E7,66279374,9.390683378950724E7,1.1755904593678841E7,600016
pla33810_n338090_uncorr-similar-weights_01.ttp:,441.0,3.08733E7,2.6518597E7,66297540,9.631144531960271E7,1.1108765748863565E7,600210
pla33810_n338090_uncorr-similar-weights_01.ttp:,431.0,3.087331E7,2.6679594E7,66283325,9.512048100763102E7,1.1460317038779037E7,600210
pla33810_n338090_uncorr-similar-weights_01.ttp:,853.0,3.0872888E7,2.6686098E7,66261279,9.488537946381563E7,1.1504437285789499E7,600372
pla33810_n338090_uncorr-similar-weights_01.ttp:,797.0,3.0872944E7,2.6738551E7,66300050,9.509052760301894E7,1.152406658351697E7,600161
pla33810_n338090_uncorr-similar-weights_01.ttp:,920.0,3.0872821E7,2.6766899E7,66306686,9.462256875980288E7,1.162728799843154E7,599837
pla33810_n338090_uncorr-similar-weights_01.ttp:,631.0,3.087311E7,2.6552603E7,66280928,9.603276240728043E7,1.118736101483513E7,600058
RESULTS,FOR,heuristics,:,24
pla33810_n338090_uncorr-similar-weights_01.ttp:,465.0,3.0873276E7,2.6717929E7,66339040,9.272230562746637E7,1.1882360099605381E7,558875
pla33810_n338090_uncorr-similar-weights_01.ttp:,86.0,3.0873655E7,2.6773815E7,66266392,9.214441653039202E7,1.2030708355137276E7,557716
pla33810_n338090_uncorr-similar-weights_01.ttp:,659.0,3.0873082E7,2.6692117E7,66257887,9.283565458142748E7,1.1838412266971603E7,562364
pla33810_n338090_uncorr-similar-weights_01.ttp:,863.0,3.0872878E7,2.6799097E7,66318342,9.309570396262151E7,1.1903784365980558E7,557107
pla33810_n338090_uncorr-similar-weights_01.ttp:,852.0,3.0872889E7,2.6753706E7,66343421,9.260517656034537E7,1.193687775034474E7,554769
pla33810_n338090_uncorr-similar-weights_01.ttp:,873.0,3.0872868E7,2.6822283E7,66363354,9.299968609105249E7,1.1942333225431602E7,555732
pla33810_n338090_uncorr-similar-weights_01.ttp:,479.0,3.0873262E7,2.6776431E7,66341549,9.327343674362327E7,1.1852681121020276E7,551896
pla33810_n338090_uncorr-similar-weights_01.ttp:,876.0,3.0872865E7,2.6732424E7,66309359,9.27134482325879E7,1.1898272282785935E7,550709
pla33810_n338090_uncorr-similar-weights_01.ttp:,114.0,3.0873627E7,2.6776173E7,66370722,9.35748201439206E7,1.1804201776972704E7,558894
pla33810_n338090_uncorr-similar-weights_01.ttp:,773.0,3.0872968E7,2.6712713E7,66348459,9.179619575443378E7,1.2025321679290595E7,553995
pla33810_n338090_uncorr-similar-weights_01.ttp:,704.0,3.0873037E7,2.676543E7,66273012,9.384107656332874E7,1.17508577498674E7,560334
pla33810_n338090_uncorr-similar-weights_01.ttp:,618.0,3.0873123E7,2.6799276E7,66267675,9.376055446731265E7,1.1797587285229975E7,559317
pla33810_n338090_uncorr-similar-weights_01.ttp:,29.0,3.0873712E7,2.6745249E7,66385670,9.317692713846387E7,1.183694065784578E7,556655
pla33810_n338090_uncorr-similar-weights_01.ttp:,895.0,3.0872846E7,2.6765662E7,66274311,9.268733097363485E7,1.1935689044218423E7,557112
pla33810_n338090_uncorr-similar-weights_01.ttp:,248.0,3.0873493E7,2.6774889E7,66319269,9.32936848868006E7,1.1847899418111904E7,556858
pla33810_n338090_uncorr-similar-weights_01.ttp:,429.0,3.0873312E7,2.6620051E7,66242503,9.313025392175347E7,1.1719210372519445E7,555141
pla33810_n338090_uncorr-similar-weights_01.ttp:,818.0,3.0872923E7,2.6691701E7,66270418,9.324564610834686E7,1.1772397622664502E7,558606
pla33810_n338090_uncorr-similar-weights_01.ttp:,91.0,3.087365E7,2.6811097E7,66226711,9.386575977932133E7,1.1792575435308587E7,551488
pla33810_n338090_uncorr-similar-weights_01.ttp:,504.0,3.0873237E7,2.6805872E7,66265244,9.334541937060015E7,1.1870604900703976E7,550051
pla33810_n338090_uncorr-similar-weights_01.ttp:,306.0,3.0873435E7,2.6748106E7,66326604,9.285772131385869E7,1.189087058978261E7,551346
pla33810_n338090_uncorr-similar-weights_01.ttp:,15.0,3.0873726E7,2.6723903E7,66242048,9.308500995836736E7,1.1830301406661222E7,556984
pla33810_n338090_uncorr-similar-weights_01.ttp:,129.0,3.0873612E7,2.6764706E7,66296779,9.311087761290944E7,1.186696558193449E7,553868
pla33810_n338090_uncorr-similar-weights_01.ttp:,666.0,3.0873075E7,2.6716727E7,66241484,9.30371634187602E7,1.1830780852998368E7,552652
pla33810_n338090_uncorr-similar-weights_01.ttp:,740.0,3.0873001E7,2.6712982E7,66307728,9.30618191730542E7,1.1823090932311326E7,559730
pla33810_n338090_uncorr-similar-weights_01.ttp:,118.0,3.0873623E7,2.6775302E7,66313228,9.352917718505745E7,1.1810633650390808E7,555217
pla33810_n338090_uncorr-similar-weights_01.ttp:,809.0,3.0872932E7,2.6695066E7,66319801,9.330901464681488E7,1.176562365650962E7,561856
pla33810_n338090_uncorr-similar-weights_01.ttp:,931.0,3.087281E7,2.6778685E7,66354571,9.31916160262048E7,1.1868026435807232E7,556894
pla33810_n338090_uncorr-similar-weights_01.ttp:,476.0,3.0873265E7,2.6763734E7,66420894,9.371948127237777E7,1.1768616996419556E7,555118
pla33810_n338090_uncorr-similar-weights_01.ttp:,41.0,3.08737E7,2.6671783E7,66272357,9.217196516371776E7,1.1924268573805157E7,556786
pla33810_n338090_uncorr-similar-weights_01.ttp:,375.0,3.0873366E7,2.6744517E7,66338322,9.302562520929813E7,1.1860416966512298E7,534505
RESULTS,FOR,heuristics,:,25
pla33810_n338090_uncorr-similar-weights_01.ttp:,245.0,3.0873496E7,2.6548948E7,66302160,9.725973479959054E7,1.0987390432065513E7,599996
pla33810_n338090_uncorr-similar-weights_01.ttp:,228050.0,3.0645691E7,2.6576719E7,66254855,9.753470424404706E7,1.097116632095247E7,600003
pla33810_n338090_uncorr-similar-weights_01.ttp:,253.0,3.0873488E7,2.6663468E7,66342919,9.301677502728455E7,1.1780783995634472E7,600005
pla33810_n338090_uncorr-similar-weights_01.ttp:,321.0,3.087342E7,2.6437736E7,66314914,9.503526563700254E7,1.1232093498079592E7,600005
pla33810_n338090_uncorr-similar-weights_01.ttp:,489.0,3.0873252E7,2.66348E7,66225102,9.685964712902312E7,1.11372564593563E7,600003
pla33810_n338090_uncorr-similar-weights_01.ttp:,379.0,3.0873362E7,2.6830475E7,66256761,9.448493786312655E7,1.1712884941899752E7,599994
pla33810_n338090_uncorr-similar-weights_01.ttp:,578.0,3.0873163E7,2.660235E7,66304634,9.558126899611284E7,1.1309346960621946E7,599994
pla33810_n338090_uncorr-similar-weights_01.ttp:,59538.0,3.0814203E7,2.6571241E7,66267594,9.84219614074554E7,1.0823727174807135E7,600008
pla33810_n338090_uncorr-similar-weights_01.ttp:,281.0,3.087346E7,2.6539727E7,66294158,9.75974566726858E7,1.0924133932370272E7,599993
pla33810_n338090_uncorr-similar-weights_01.ttp:,275.0,3.0873466E7,2.6612506E7,66250928,9.816248235830647E7,1.0906508822670965E7,599992
pla33810_n338090_uncorr-similar-weights_01.ttp:,782.0,3.0872959E7,2.6727916E7,66335301,9.366976440912884E7,1.1740753694539385E7,600006
pla33810_n338090_uncorr-similar-weights_01.ttp:,112.0,3.0873629E7,2.6772853E7,66376155,9.540663326907106E7,1.1507791676948631E7,599996
pla33810_n338090_uncorr-similar-weights_01.ttp:,962.0,3.0872779E7,2.6709679E7,66255939,9.301810052537045E7,1.1826782915940728E7,599993
pla33810_n338090_uncorr-similar-weights_01.ttp:,213.0,3.0873528E7,2.6583761E7,66274606,9.748004530890208E7,1.0986953750575665E7,600000
pla33810_n338090_uncorr-similar-weights_01.ttp:,974.0,3.0872767E7,2.6711023E7,66265329,9.368174359659086E7,1.1721944024545461E7,600003
pla33810_n338090_uncorr-similar-weights_01.ttp:,593.0,3.0873148E7,2.6833176E7,66289302,9.30585025879685E7,1.194381558592504E7,600006
pla33810_n338090_uncorr-similar-weights_01.ttp:,415.0,3.0873326E7,2.6800304E7,66255454,9.511428578322372E7,1.1582018274684206E7,599992
pla33810_n338090_uncorr-similar-weights_01.ttp:,626.0,3.0873115E7,2.6612564E7,66336374,9.683648875548941E7,1.1118725799121695E7,600006
pla33810_n338090_uncorr-similar-weights_01.ttp:,462.0,3.0873279E7,2.6412635E7,66276171,9.92524679688231E7,1.0532240124988303E7,600001
pla33810_n338090_uncorr-similar-weights_01.ttp:,667.0,3.0873074E7,2.6746432E7,66254315,9.363406827379802E7,1.1764981076192318E7,600004
pla33810_n338090_uncorr-similar-weights_01.ttp:,7007.0,3.0866734E7,2.650699E7,66293469,9.822584041755992E7,1.0790855533190412E7,600005
pla33810_n338090_uncorr-similar-weights_01.ttp:,904.0,3.0872837E7,2.6540139E7,66288485,9.609196516578832E7,1.1165424573473869E7,599994
pla33810_n338090_uncorr-similar-weights_01.ttp:,280129.0,3.0593612E7,2.6556399E7,66363426,9.784476443201564E7,1.0901236690877497E7,600004
pla33810_n338090_uncorr-similar-weights_01.ttp:,653.0,3.0873088E7,2.6783808E7,66316369,9.326864129990575E7,1.186082539201508E7,599997
pla33810_n338090_uncorr-similar-weights_01.ttp:,8.0,3.0873733E7,2.6593954E7,66258715,9.348663427567215E7,1.1636092515892455E7,599994
pla33810_n338090_uncorr-similar-weights_01.ttp:,782.0,3.0872959E7,2.6583419E7,66359662,9.246638368311006E7,1.178879761070239E7,599996
pla33810_n338090_uncorr-similar-weights_01.ttp:,772.0,3.0872969E7,2.6760194E7,66369097,9.495282897479652E7,1.1567741364032557E7,599995
pla33810_n338090_uncorr-similar-weights_01.ttp:,170.0,3.0873571E7,2.6617683E7,66240967,9.79465070322448E7,1.0946241874840831E7,600005
pla33810_n338090_uncorr-similar-weights_01.ttp:,588.0,3.0873153E7,2.6575471E7,66336652,9.609280480409786E7,1.1200622231344342E7,600002
pla33810_n338090_uncorr-similar-weights_01.ttp:,626.0,3.0873115E7,2.6771867E7,66315170,9.454303631516804E7,1.1644981189573113E7,599996
RESULTS,FOR,heuristics,:,26
pla33810_n338090_uncorr-similar-weights_01.ttp:,543.0,3.0873198E7,2.6764731E7,66371665,9.5832144838854E7,1.1431587825783359E7,599996
pla33810_n338090_uncorr-similar-weights_01.ttp:,939.0,3.0872802E7,2.6811136E7,66228224,9.447779293609181E7,1.169468913022531E7,599994
pla33810_n338090_uncorr-similar-weights_01.ttp:,426.0,3.0873315E7,2.6790457E7,66347336,9.520284317864701E7,1.1558002091416478E7,600006
pla33810_n338090_uncorr-similar-weights_01.ttp:,114.0,3.0873627E7,2.6590801E7,66289174,9.583865376444592E7,1.1256616397688653E7,599996
pla33810_n338090_uncorr-similar-weights_01.ttp:,273.0,3.0873468E7,2.659323E7,66296181,9.823086181496157E7,1.0876292109606149E7,599996
pla33810_n338090_uncorr-similar-weights_01.ttp:,267.0,3.0873474E7,2.6819969E7,66268590,9.500685937550369E7,1.1618871499919409E7,599994
pla33810_n338090_uncorr-similar-weights_01.ttp:,143968.0,3.0729773E7,2.6609444E7,66377052,9.76609198996447E7,1.0983696816056848E7,600005
pla33810_n338090_uncorr-similar-weights_01.ttp:,341918.0,3.0531823E7,2.6420577E7,66359419,9.817655972319295E7,1.071232744428913E7,599994
pla33810_n338090_uncorr-similar-weights_01.ttp:,693.0,3.0873048E7,2.6625919E7,66328029,9.502236539943545E7,1.142234053609033E7,600000
pla33810_n338090_uncorr-similar-weights_01.ttp:,807.0,3.0872934E7,2.653372E7,66300083,9.737856730587469E7,1.0953149231060049E7,599997
pla33810_n338090_uncorr-similar-weights_01.ttp:,570.0,3.0873171E7,2.6699162E7,66234006,9.427596343834691E7,1.1615007849864494E7,599994
pla33810_n338090_uncorr-similar-weights_01.ttp:,890.0,3.0872851E7,2.6769922E7,66311504,9.445999232876068E7,1.1656323227398291E7,600005
pla33810_n338090_uncorr-similar-weights_01.ttp:,488.0,3.0873253E7,2.6745083E7,66254454,9.576757071236292E7,1.1422271686021933E7,600002
pla33810_n338090_uncorr-similar-weights_01.ttp:,822.0,3.0872919E7,2.6628255E7,66275950,9.675191302031566E7,1.1147948916749494E7,600007
pla33810_n338090_uncorr-similar-weights_01.ttp:,811.0,3.087293E7,2.6778878E7,66224464,9.436540491436204E7,1.1680413213702073E7,600003
pla33810_n338090_uncorr-similar-weights_01.ttp:,850437.0,3.0023304E7,2.6110981E7,66417876,9.886080868761277E7,1.0293251609981956E7,600002
pla33810_n338090_uncorr-similar-weights_01.ttp:,715.0,3.0873026E7,2.6758648E7,66227734,9.464425580863829E7,1.1615567070617873E7,599995
pla33810_n338090_uncorr-similar-weights_01.ttp:,833.0,3.0872908E7,2.6780219E7,66269901,9.444399963393232E7,1.1669179058570828E7,599995
pla33810_n338090_uncorr-similar-weights_01.ttp:,893.0,3.0872848E7,2.6775231E7,66320349,9.454425526144537E7,1.164815015816874E7,600001
pla33810_n338090_uncorr-similar-weights_01.ttp:,931817.0,2.9941924E7,2.6008326E7,66397480,9.94351661465416E7,1.0098699416553345E7,599993
pla33810_n338090_uncorr-similar-weights_01.ttp:,992.0,3.0872749E7,2.6790891E7,66280310,9.572371857147165E7,1.1475096028564537E7,600014
pla33810_n338090_uncorr-similar-weights_01.ttp:,629.0,3.0873112E7,2.6637202E7,66316135,9.381538670371033E7,1.1626740127406346E7,599993
pla33810_n338090_uncorr-similar-weights_01.ttp:,368.0,3.0873373E7,2.6657801E7,66214865,9.744297816922028E7,1.1066924492924754E7,600006
pla33810_n338090_uncorr-similar-weights_01.ttp:,138.0,3.0873603E7,2.6604844E7,66262690,9.78814271939636E7,1.0943815648965823E7,599995
pla33810_n338090_uncorr-similar-weights_01.ttp:,44907.0,3.0828834E7,2.6611358E7,66350247,9.73558965371122E7,1.1034414554062046E7,599992
pla33810_n338090_uncorr-similar-weights_01.ttp:,5.0,3.0873736E7,2.660883E7,66305967,9.710727120729393E7,1.1071666606832972E7,599994
pla33810_n338090_uncorr-similar-weights_01.ttp:,675.0,3.0873066E7,2.6675067E7,66306804,9.198844079292904E7,1.1956916473131353E7,599993
pla33810_n338090_uncorr-similar-weights_01.ttp:,741.0,3.0873E7,2.6794011E7,66258471,9.371732857440038E7,1.1799238428095939E7,599999
pla33810_n338090_uncorr-similar-weights_01.ttp:,127508.0,3.0746233E7,2.6579989E7,66329982,9.732821269636954E7,1.1007474968580872E7,599993
pla33810_n338090_uncorr-similar-weights_01.ttp:,6758.0,3.0866983E7,2.661697E7,66346204,9.851878654487209E7,1.0853964152820466E7,600018
RESULTS,FOR,heuristics,:,27
pla33810_n338090_uncorr-similar-weights_01.ttp:,601.0,3.087314E7,2.6421568E7,66258090,9.146565502949987E7,1.178706319528002E7,600002
pla33810_n338090_uncorr-similar-weights_01.ttp:,675.0,3.0873066E7,2.6640412E7,66403374,9.370131913271454E7,1.1648200938765673E7,599992
pla33810_n338090_uncorr-similar-weights_01.ttp:,16.0,3.0873725E7,2.6545732E7,66226297,9.67036316091376E7,1.1073150942537984E7,599997
pla33810_n338090_uncorr-similar-weights_01.ttp:,935.0,3.0872806E7,2.6568477E7,66217859,9.321119847902475E7,1.165468524335604E7,599994
pla33810_n338090_uncorr-similar-weights_01.ttp:,2.0,3.0873739E7,2.6796809E7,66245253,9.176385371224155E7,1.2114592406041352E7,600003
pla33810_n338090_uncorr-similar-weights_01.ttp:,802.0,3.0872939E7,2.6672168E7,66257375,9.664407454395789E7,1.1209116072966738E7,599993
pla33810_n338090_uncorr-similar-weights_01.ttp:,998.0,3.0872743E7,2.6384191E7,66323949,9.117800060510553E7,1.1795710903183114E7,600005
pla33810_n338090_uncorr-similar-weights_01.ttp:,730.0,3.0873011E7,2.6637808E7,66385036,9.331978587359051E7,1.1706642260225518E7,600002
pla33810_n338090_uncorr-similar-weights_01.ttp:,67.0,3.0873674E7,2.6817913E7,66263638,9.334620999316722E7,1.1882519401093245E7,600000
pla33810_n338090_uncorr-similar-weights_01.ttp:,909.0,3.0872832E7,2.6758233E7,66336554,9.38486599240368E7,1.1742447412154112E7,600006
pla33810_n338090_uncorr-similar-weights_01.ttp:,78.0,3.0873663E7,2.6739432E7,66207864,9.423055941530748E7,1.1662542493550804E7,599992
pla33810_n338090_uncorr-similar-weights_01.ttp:,638.0,3.0873103E7,2.6763591E7,66309432,9.43031309738545E7,1.167509004418328E7,599993
pla33810_n338090_uncorr-similar-weights_01.ttp:,792.0,3.0872949E7,2.6735314E7,66317343,9.395566635570177E7,1.1702407383087715E7,600001
pla33810_n338090_uncorr-similar-weights_01.ttp:,998.0,3.0872743E7,2.6564432E7,66341883,9.415199610535225E7,1.150011262314364E7,599994
pla33810_n338090_uncorr-similar-weights_01.ttp:,156.0,3.0873585E7,2.6388727E7,66351093,9.099737846942773E7,1.1829146444891563E7,599993
pla33810_n338090_uncorr-similar-weights_01.ttp:,34.0,3.0873707E7,2.6557066E7,66343211,9.558034065689886E7,1.1264211494896183E7,600006
pla33810_n338090_uncorr-similar-weights_01.ttp:,756.0,3.0872985E7,2.6488125E7,66274906,9.244646396315758E7,1.1696690765894787E7,599993
pla33810_n338090_uncorr-similar-weights_01.ttp:,857.0,3.0872884E7,2.6474034E7,66348250,9.375536612359594E7,1.147317542022465E7,599997
pla33810_n338090_uncorr-similar-weights_01.ttp:,954.0,3.0872787E7,2.6607634E7,66265249,9.348129154529889E7,1.1650627352752177E7,599995
pla33810_n338090_uncorr-similar-weights_01.ttp:,772.0,3.0872969E7,2.667079E7,66341885,9.464674759675883E7,1.1527310384518588E7,600009
pla33810_n338090_uncorr-similar-weights_01.ttp:,859.0,3.0872882E7,2.6784308E7,66310427,9.479694343004516E7,1.1616797051192775E7,599994
pla33810_n338090_uncorr-similar-weights_01.ttp:,22.0,3.0873719E7,2.6715175E7,66295930,9.351760857626091E7,1.1752357627798254E7,599993
pla33810_n338090_uncorr-similar-weights_01.ttp:,901.0,3.087284E7,2.6732545E7,66261933,9.366146017621163E7,1.174671137180614E7,599995
pla33810_n338090_uncorr-similar-weights_01.ttp:,749.0,3.0872992E7,2.675692E7,66310280,9.450653844630134E7,1.1635873848591786E7,599997
pla33810_n338090_uncorr-similar-weights_01.ttp:,248.0,3.0873493E7,2.6747045E7,66446931,9.56498914748009E7,1.1443062364031855E7,599994
pla33810_n338090_uncorr-similar-weights_01.ttp:,635.0,3.0873106E7,2.6671977E7,66338281,9.513831849222296E7,1.1449846041244326E7,600002
pla33810_n338090_uncorr-similar-weights_01.ttp:,724.0,3.0873017E7,2.6781174E7,66208153,9.37329778324969E7,1.1783897546800496E7,599992
pla33810_n338090_uncorr-similar-weights_01.ttp:,178.0,3.0873563E7,2.6831921E7,66247555,9.436283688643593E7,1.173386709817025E7,599996
pla33810_n338090_uncorr-similar-weights_01.ttp:,796.0,3.0872945E7,2.6794984E7,66267341,9.454570170897049E7,1.1667671726564722E7,600004
pla33810_n338090_uncorr-similar-weights_01.ttp:,354.0,3.0873387E7,2.6560852E7,66448508,9.372049152212037E7,1.156557335646074E7,599994
RESULTS,FOR,heuristics,:,28
pla33810_n338090_uncorr-similar-weights_01.ttp:,435.0,3.0873306E7,2.6545784E7,66311519,9.585044644891027E7,1.1209712568174357E7,599996
pla33810_n338090_uncorr-similar-weights_01.ttp:,718.0,3.0873023E7,2.6683484E7,66332663,9.504279897558522E7,1.1476636163906364E7,600000
pla33810_n338090_uncorr-similar-weights_01.ttp:,694.0,3.0873047E7,2.6787275E7,66299638,9.476254959293595E7,1.1625267065130249E7,600009
pla33810_n338090_uncorr-similar-weights_01.ttp:,650.0,3.0873091E7,2.6781132E7,66269942,9.30634557842377E7,1.1890979074521968E7,600006
pla33810_n338090_uncorr-similar-weights_01.ttp:,713.0,3.0873028E7,2.6549651E7,66335817,9.421515866397016E7,1.1475225613764774E7,599994
pla33810_n338090_uncorr-similar-weights_01.ttp:,916.0,3.0872825E7,2.6757113E7,66239575,9.385605922588138E7,1.174014352385898E7,599995
pla33810_n338090_uncorr-similar-weights_01.ttp:,622.0,3.0873119E7,2.6815756E7,66414070,9.561357142452206E7,1.151758457207647E7,599995
pla33810_n338090_uncorr-similar-weights_01.ttp:,87.0,3.0873654E7,2.6701385E7,66243331,9.367015954956654E7,1.1714159472069353E7,599996
pla33810_n338090_uncorr-similar-weights_01.ttp:,346.0,3.0873395E7,2.6558464E7,66265689,9.74169819207201E7,1.0971746892684784E7,600001
pla33810_n338090_uncorr-similar-weights_01.ttp:,929.0,3.0872812E7,2.6809254E7,66283693,9.169765513625573E7,1.2137629178199083E7,599995
pla33810_n338090_uncorr-similar-weights_01.ttp:,664.0,3.0873077E7,2.653708E7,66260008,9.310603481453249E7,1.1640114429674802E7,599994
pla33810_n338090_uncorr-similar-weights_01.ttp:,404.0,3.0873337E7,2.6686052E7,66316762,9.311464577861552E7,1.1787708675421517E7,600003
pla33810_n338090_uncorr-similar-weights_01.ttp:,522.0,3.0873219E7,2.6635387E7,66348460,9.267628520887145E7,1.1807181366580566E7,600000
pla33810_n338090_uncorr-similar-weights_01.ttp:,402.0,3.0873339E7,2.6755943E7,66305377,9.415943044461796E7,1.1690434128861127E7,600000
pla33810_n338090_uncorr-similar-weights_01.ttp:,168.0,3.0873573E7,2.6534933E7,66420516,9.282474255349956E7,1.168297419144007E7,600001
pla33810_n338090_uncorr-similar-weights_01.ttp:,722.0,3.0873019E7,2.6550549E7,66314921,9.492801850102536E7,1.1362066039835941E7,600008
pla33810_n338090_uncorr-similar-weights_01.ttp:,66.0,3.0873675E7,2.6799117E7,66304892,9.388092907845163E7,1.1778168347447738E7,600000
pla33810_n338090_uncorr-similar-weights_01.ttp:,510.0,3.0873231E7,2.6823385E7,66343780,9.441482363646248E7,1.1717013218166003E7,599994
pla33810_n338090_uncorr-similar-weights_01.ttp:,636.0,3.0873105E7,2.6767473E7,66252781,9.433943383500893E7,1.167316358639857E7,600008
pla33810_n338090_uncorr-similar-weights_01.ttp:,11.0,3.087373E7,2.6377989E7,66291847,9.105734744981766E7,1.1808813408029174E7,599995
pla33810_n338090_uncorr-similar-weights_01.ttp:,613.0,3.0873128E7,2.6525229E7,66289345,9.170713509501378E7,1.1852087384797795E7,600002
pla33810_n338090_uncorr-similar-weights_01.ttp:,43.0,3.0873698E7,2.6682168E7,66228753,9.288629729448134E7,1.1820360432882985E7,599993
pla33810_n338090_uncorr-similar-weights_01.ttp:,732.0,3.0873009E7,2.6554413E7,66237428,9.578600546971166E7,1.1228652124846134E7,600002
pla33810_n338090_uncorr-similar-weights_01.ttp:,495.0,3.0873246E7,2.6735983E7,66278072,9.463063822044986E7,1.1595080884728022E7,600008
pla33810_n338090_uncorr-similar-weights_01.ttp:,885.0,3.0872856E7,2.656601E7,66242085,9.667451271740659E7,1.1098087965214945E7,600000
pla33810_n338090_uncorr-similar-weights_01.ttp:,548.0,3.0873193E7,2.6708255E7,66300443,9.390941737045172E7,1.1682748220727725E7,600003
pla33810_n338090_uncorr-similar-weights_01.ttp:,137.0,3.0873604E7,2.6555665E7,66328756,9.300026143603522E7,1.1675623170234365E7,599994
pla33810_n338090_uncorr-similar-weights_01.ttp:,600.0,3.0873141E7,2.6517895E7,66278124,9.186483402446994E7,1.181952155608481E7,599993
pla33810_n338090_uncorr-similar-weights_01.ttp:,390.0,3.0873351E7,2.6550384E7,66297792,9.438942940680641E7,1.1448075294910975E7,599996
pla33810_n338090_uncorr-similar-weights_01.ttp:,54.0,3.0873687E7,2.6812477E7,66345315,9.58524628002159E7,1.1476082951965455E7,599994
RESULTS,FOR,heuristics,:,29
pla33810_n338090_uncorr-similar-weights_01.ttp:,607.0,3.0873134E7,2.6777969E7,66311044,9.570341167562903E7,1.1465423131899355E7,599993
pla33810_n338090_uncorr-similar-weights_01.ttp:,973.0,3.0872768E7,2.660233E7,66332266,9.732376152621606E7,1.103052815580543E7,599992
pla33810_n338090_uncorr-similar-weights_01.ttp:,328.0,3.0873413E7,2.6546106E7,66326363,9.702457447486047E7,1.1022174084022325E7,599994
pla33810_n338090_uncorr-similar-weights_01.ttp:,159.0,3.0873582E7,2.6660679E7,66257034,9.673152840463348E7,1.1183634455258643E7,600004
pla33810_n338090_uncorr-similar-weights_01.ttp:,550.0,3.0873191E7,2.6604157E7,66355812,9.531101602420028E7,1.1354394436127955E7,600001
pla33810_n338090_uncorr-similar-weights_01.ttp:,200.0,3.0873541E7,2.6766942E7,66255942,9.304970668828194E7,1.187898892987489E7,600006
pla33810_n338090_uncorr-similar-weights_01.ttp:,12.0,3.0873729E7,2.6590352E7,66296022,9.59195402562082E7,1.124322555900669E7,599999
pla33810_n338090_uncorr-similar-weights_01.ttp:,58.0,3.0873683E7,2.6565029E7,66360197,9.668318540324219E7,1.109571933548125E7,600007
pla33810_n338090_uncorr-similar-weights_01.ttp:,172955.0,3.0700786E7,2.6493296E7,66424694,9.82927256786857E7,1.076645989141029E7,600003
pla33810_n338090_uncorr-similar-weights_01.ttp:,775.0,3.0872966E7,2.672139E7,66330958,9.475432798783113E7,1.1560697521947019E7,600001
pla33810_n338090_uncorr-similar-weights_01.ttp:,960.0,3.0872781E7,2.6698132E7,66296886,9.43295734416079E7,1.1605400249342734E7,600001
pla33810_n338090_uncorr-similar-weights_01.ttp:,296.0,3.0873445E7,2.6817841E7,66353581,9.567582535334039E7,1.1509708943465538E7,599992
pla33810_n338090_uncorr-similar-weights_01.ttp:,204.0,3.0873537E7,2.6631174E7,66285392,9.559613733995417E7,1.1335792025607333E7,600005
pla33810_n338090_uncorr-similar-weights_01.ttp:,126.0,3.0873615E7,2.6772808E7,66295774,9.431289417974378E7,1.1682744931240994E7,599999
pla33810_n338090_uncorr-similar-weights_01.ttp:,649.0,3.0873092E7,2.6572638E7,66301568,9.501529814250016E7,1.1370190297199974E7,599994
pla33810_n338090_uncorr-similar-weights_01.ttp:,199222.0,3.0674519E7,2.6511982E7,66328074,9.87151474799879E7,1.0717558403201936E7,599996
pla33810_n338090_uncorr-similar-weights_01.ttp:,876.0,3.0872865E7,2.6491256E7,66281605,9.852991773143582E7,1.072646916297027E7,600008
pla33810_n338090_uncorr-similar-weights_01.ttp:,643.0,3.0873098E7,2.6541111E7,66247771,9.454208788932346E7,1.1414376937708246E7,599996
pla33810_n338090_uncorr-similar-weights_01.ttp:,102.0,3.0873639E7,2.6744289E7,66253018,9.407028837194152E7,1.1693042860489355E7,600015
pla33810_n338090_uncorr-similar-weights_01.ttp:,356072.0,3.0517669E7,2.6414548E7,66313718,9.793383608483732E7,1.074513422642603E7,600003
pla33810_n338090_uncorr-similar-weights_01.ttp:,397.0,3.0873344E7,2.6614608E7,66351179,9.486864579285437E7,1.1435624673143301E7,599996
pla33810_n338090_uncorr-similar-weights_01.ttp:,330.0,3.0873411E7,2.684276E7,66279355,9.531672084466133E7,1.1592084664854188E7,599995
pla33810_n338090_uncorr-similar-weights_01.ttp:,4586.0,3.0869155E7,2.6780953E7,66297138,9.614610452631873E7,1.1397576275789004E7,599992
pla33810_n338090_uncorr-similar-weights_01.ttp:,779.0,3.0872962E7,2.6602893E7,66244153,9.810414410259482E7,1.0906229943584828E7,600006
pla33810_n338090_uncorr-similar-weights_01.ttp:,42.0,3.0873699E7,2.6833673E7,66293347,9.477418719626805E7,1.1669803048597112E7,599996
pla33810_n338090_uncorr-similar-weights_01.ttp:,197.0,3.0873544E7,2.6524835E7,66260541,9.780611664902394E7,1.087585633615617E7,599995
pla33810_n338090_uncorr-similar-weights_01.ttp:,4.0,3.0873737E7,2.657619E7,66323479,9.510317923319356E7,1.135968132268903E7,599992
pla33810_n338090_uncorr-similar-weights_01.ttp:,235.0,3.0873506E7,2.6492519E7,66315672,9.637959717693241E7,1.1071783451690814E7,599994
pla33810_n338090_uncorr-similar-weights_01.ttp:,906.0,3.0872835E7,2.6786066E7,66370394,9.297975269883338E7,1.190930556818666E7,600002
pla33810_n338090_uncorr-similar-weights_01.ttp:,39.0,3.0873702E7,2.6750078E7,66290500,9.375658537129213E7,1.174902434059326E7,599997
RESULTS,FOR,heuristics,:,30
pla33810_n338090_uncorr-similar-weights_01.ttp:,154.0,3.0873587E7,2.6466824E7,66194299,9.693494130572136E7,1.0957233391084582E7,600019
pla33810_n338090_uncorr-similar-weights_01.ttp:,214.0,3.0873527E7,2.6566245E7,66297123,9.792516306030065E7,1.0898218910351897E7,599996
pla33810_n338090_uncorr-similar-weights_01.ttp:,913.0,3.0872828E7,2.6785652E7,66198232,9.460066003534754E7,1.1649546394344393E7,599995
pla33810_n338090_uncorr-similar-weights_01.ttp:,413.0,3.0873328E7,2.6521317E7,66503617,9.699985086010484E7,1.1001340862383224E7,599994
pla33810_n338090_uncorr-similar-weights_01.ttp:,9.0,3.0873732E7,2.6559047E7,66283363,9.693455935189097E7,1.1049517503697446E7,599997
pla33810_n338090_uncorr-similar-weights_01.ttp:,883.0,3.0872858E7,2.6765482E7,66273406,9.458443780678827E7,1.1631971950913876E7,600007
pla33810_n338090_uncorr-similar-weights_01.ttp:,360.0,3.0873381E7,2.6571605E7,66362214,9.800152026184362E7,1.0891361758105021E7,599994
pla33810_n338090_uncorr-similar-weights_01.ttp:,427.0,3.0873314E7,2.6440941E7,66272688,9.70768802457476E7,1.0908640160680383E7,599992
pla33810_n338090_uncorr-similar-weights_01.ttp:,232.0,3.0873509E7,2.6831227E7,66286023,9.579813486727734E7,1.1503525421235625E7,599996
pla33810_n338090_uncorr-similar-weights_01.ttp:,461.0,3.087328E7,2.6657017E7,66258882,9.34566656933543E7,1.1703950489063313E7,599994
pla33810_n338090_uncorr-similar-weights_01.ttp:,311.0,3.087343E7,2.6733648E7,66295680,9.380942557757555E7,1.1724139907587912E7,600000
pla33810_n338090_uncorr-similar-weights_01.ttp:,505.0,3.0873236E7,2.6741073E7,66219186,9.478086655332762E7,1.157613435146758E7,600000
pla33810_n338090_uncorr-similar-weights_01.ttp:,578.0,3.0873163E7,2.6693422E7,66273300,9.426420898816103E7,1.1611148561894236E7,599994
pla33810_n338090_uncorr-similar-weights_01.ttp:,464.0,3.0873277E7,2.6335838E7,66254753,9.807054958383432E7,1.064455006658651E7,599994
pla33810_n338090_uncorr-similar-weights_01.ttp:,355.0,3.0873386E7,2.6513163E7,66295707,9.753147480073336E7,1.0908127031882662E7,599995
pla33810_n338090_uncorr-similar-weights_01.ttp:,47670.0,3.0826071E7,2.6529242E7,66347506,9.777389377106163E7,1.088541899663014E7,599996
pla33810_n338090_uncorr-similar-weights_01.ttp:,322.0,3.0873419E7,2.6814198E7,66332495,9.540352012069249E7,1.15496347806892E7,599993
pla33810_n338090_uncorr-similar-weights_01.ttp:,114.0,3.0873627E7,2.6471846E7,66305952,9.782471324959563E7,1.08198918800647E7,599996
pla33810_n338090_uncorr-similar-weights_01.ttp:,5.0,3.0873736E7,2.6538939E7,66261179,9.76963333691705E7,1.090752566093272E7,600005
pla33810_n338090_uncorr-similar-weights_01.ttp:,949.0,3.0872792E7,2.6805318E7,66207582,9.279473182217984E7,1.1958160908451226E7,599994
pla33810_n338090_uncorr-similar-weights_01.ttp:,501.0,3.087324E7,2.6573248E7,66314050,9.77631121585225E7,1.09311500546364E7,599999
pla33810_n338090_uncorr-similar-weights_01.ttp:,32295.0,3.0841446E7,2.6588616E7,66367767,9.84204063065038E7,1.0841350990959391E7,600004
pla33810_n338090_uncorr-similar-weights_01.ttp:,82.0,3.0873659E7,2.6814363E7,66288475,9.32324043060406E7,1.1897178311033504E7,599995
pla33810_n338090_uncorr-similar-weights_01.ttp:,251.0,3.087349E7,2.6808269E7,66306079,9.404562543198772E7,1.1760968930881964E7,600002
pla33810_n338090_uncorr-similar-weights_01.ttp:,21.0,3.087372E7,2.6727282E7,66346332,9.358859562973455E7,1.1753106699242473E7,600003
pla33810_n338090_uncorr-similar-weights_01.ttp:,245.0,3.0873496E7,2.6805759E7,66325957,9.402190977452147E7,1.1762253436076565E7,599994
pla33810_n338090_uncorr-similar-weights_01.ttp:,720.0,3.0873021E7,2.6798658E7,66200462,9.253324516469772E7,1.1993338773648364E7,599997
pla33810_n338090_uncorr-similar-weights_01.ttp:,947.0,3.0872794E7,2.6675969E7,66260395,9.252858802619508E7,1.1871394915808788E7,600003
pla33810_n338090_uncorr-similar-weights_01.ttp:,804.0,3.0872937E7,2.6651398E7,66270865,9.637881450097108E7,1.1230787679844627E7,600006
pla33810_n338090_uncorr-similar-weights_01.ttp:,642.0,3.0873099E7,2.676625E7,66320007,9.51289936009444E7,1.1545611023848895E7,599995
