enter number of instance to run
Enter TTP instance file:
Instance :pla33810_n338090_uncorr-similar-weights_01.ttp
RESULTS FOR heuristics : 20
pla33810_n338090_uncorr-similar-weights_01.ttp: 327.0 3.0873414E7 2.6660799E7 66280101 9.290967962616742E7 1.1795250259813214E7 216250
pla33810_n338090_uncorr-similar-weights_01.ttp: 198.0 3.0873543E7 2.6545755E7 66246895 9.820474135122691E7 1.0832996383803694E7 356377
pla33810_n338090_uncorr-similar-weights_01.ttp: 504.0 3.0873237E7 2.6684723E7 66315498 9.389620130902463E7 1.1661330790556058E7 375089
pla33810_n338090_uncorr-similar-weights_01.ttp: 804.0 3.0872937E7 2.6722169E7 66309092 9.850294495048857E7 1.0961697807921829E7 378357
pla33810_n338090_uncorr-similar-weights_01.ttp: 287.0 3.0873454E7 2.6505985E7 66339910 9.590056116585535E7 1.1161895213463144E7 378598
pla33810_n338090_uncorr-similar-weights_01.ttp: 990.0 3.0872751E7 2.6795731E7 66348444 9.436551743899454E7 1.1697248209760873E7 375220
pla33810_n338090_uncorr-similar-weights_01.ttp: 593.0 3.0873148E7 2.6560867E7 66247871 9.742967860342641E7 1.0972118423451774E7 365747
pla33810_n338090_uncorr-similar-weights_01.ttp: 195.0 3.0873546E7 2.6597103E7 66217995 9.802315578858468E7 1.091339807382645E7 376581
pla33810_n338090_uncorr-similar-weights_01.ttp: 740.0 3.0873001E7 2.6545955E7 66286095 9.371088334733713E7 1.1552213664426059E7 365587
pla33810_n338090_uncorr-similar-weights_01.ttp: 865.0 3.0872876E7 2.6778867E7 66339099 9.392221148066643E7 1.1751313163093371E7 374133
pla33810_n338090_uncorr-similar-weights_01.ttp: 177.0 3.0873564E7 2.6812278E7 66294301 9.332246894691873E7 1.1880682968493003E7 378620
pla33810_n338090_uncorr-similar-weights_01.ttp: 117.0 3.0873624E7 2.6547753E7 66283105 9.691423998088424E7 1.104147460305852E7 371838
pla33810_n338090_uncorr-similar-weights_01.ttp: 77.0 3.0873664E7 2.6775029E7 66312699 9.508831079257001E7 1.1560899273188798E7 373686
pla33810_n338090_uncorr-similar-weights_01.ttp: 232.0 3.0873509E7 2.6512591E7 66260043 9.553190226401907E7 1.1227486637756947E7 377907
pla33810_n338090_uncorr-similar-weights_01.ttp: 461.0 3.087328E7 2.6720587E7 66312776 9.303165328248516E7 1.1835522474802375E7 381445
pla33810_n338090_uncorr-similar-weights_01.ttp: 84.0 3.0873657E7 2.6574034E7 66309746 9.762012223511133E7 1.0954814442382187E7 377170
pla33810_n338090_uncorr-similar-weights_01.ttp: 117.0 3.0873624E7 2.6595752E7 66274764 9.814273356611906E7 1.0892914629420951E7 371562
pla33810_n338090_uncorr-similar-weights_01.ttp: 790.0 3.0872951E7 2.679404E7 66262161 9.339202736734945E7 1.1851315621224089E7 371185
pla33810_n338090_uncorr-similar-weights_01.ttp: 888.0 3.0872853E7 2.6789843E7 66291232 9.450282502036066E7 1.1669390996742293E7 379608
pla33810_n338090_uncorr-similar-weights_01.ttp: 467.0 3.0873274E7 2.6794364E7 66310923 9.56781501201659E7 1.1485859980773456E7 372376
pla33810_n338090_uncorr-similar-weights_01.ttp: 602.0 3.0873139E7 2.6555124E7 66275587 9.358852394578843E7 1.158096016867385E7 376071
pla33810_n338090_uncorr-similar-weights_01.ttp: 611.0 3.087313E7 2.6753796E7 66290252 9.315753224910383E7 1.1848590840143386E7 377484
pla33810_n338090_uncorr-similar-weights_01.ttp: 281.0 3.087346E7 2.6810393E7 66362463 9.452889031397042E7 1.1685770549764734E7 378065
pla33810_n338090_uncorr-similar-weights_01.ttp: 835.0 3.0872906E7 2.6753014E7 66225943 9.349787763334516E7 1.1793353578664774E7 360463
pla33810_n338090_uncorr-similar-weights_01.ttp: 955.0 3.0872786E7 2.6564222E7 66230756 9.772875471015428E7 1.0927621246375315E7 377191
pla33810_n338090_uncorr-similar-weights_01.ttp: 157.0 3.0873584E7 2.6585266E7 66313555 1.002181907227167E8 1.0550355484365327E7 375327
pla33810_n338090_uncorr-similar-weights_01.ttp: 620.0 3.0873121E7 2.6715162E7 66267151 9.396900525931871E7 1.1680121158509007E7 369782
pla33810_n338090_uncorr-similar-weights_01.ttp: 949.0 3.0872792E7 2.6506145E7 66280113 9.628470473402317E7 1.1100592242556293E7 368456
pla33810_n338090_uncorr-similar-weights_01.ttp: 133.0 3.0873608E7 2.680639E7 66349578 9.281447009054247E7 1.1956074785513205E7 376870
pla33810_n338090_uncorr-similar-weights_01.ttp: 979.0 3.0872762E7 2.6636143E7 66331733 9.433536087740359E7 1.1542485259615425E7 369615
RESULTS FOR heuristics : 24
pla33810_n338090_uncorr-similar-weights_01.ttp: 443.0 3.0873298E7 2.6703026E7 66276894 9.318002266318204E7 1.1794222373890875E7 370641
pla33810_n338090_uncorr-similar-weights_01.ttp: 685.0 3.0873056E7 2.6554093E7 66238225 9.685962494309568E7 1.105655300910469E7 365386
pla33810_n338090_uncorr-similar-weights_01.ttp: 13.0 3.0873728E7 2.6511406E7 66207002 9.776319193578488E7 1.0869295290274419E7 372040
pla33810_n338090_uncorr-similar-weights_01.ttp: 776.0 3.0872965E7 2.6664299E7 66305038 9.277597131962696E7 1.1820143588859687E7 380414
pla33810_n338090_uncorr-similar-weights_01.ttp: 256.0 3.0873485E7 2.6557737E7 66358717 9.800345951637265E7 1.0877183477380376E7 376062
pla33810_n338090_uncorr-similar-weights_01.ttp: 934.0 3.0872807E7 2.676194E7 66280303 9.383466286786482E7 1.174839394114163E7 376358
pla33810_n338090_uncorr-similar-weights_01.ttp: 225.0 3.0873516E7 2.6502714E7 66235482 9.678915223863348E7 1.1016449641818643E7 368651
pla33810_n338090_uncorr-similar-weights_01.ttp: 145.0 3.0873596E7 2.6832238E7 66425238 9.320626848203838E7 1.191923504287386E7 381509
pla33810_n338090_uncorr-similar-weights_01.ttp: 829.0 3.0872912E7 2.6723873E7 66733387 9.81526282909129E7 1.1019452473453937E7 366164
pla33810_n338090_uncorr-similar-weights_01.ttp: 269.0 3.0873472E7 2.6504136E7 66363519 9.869545738232921E7 1.0712862818827325E7 379196
pla33810_n338090_uncorr-similar-weights_01.ttp: 372.0 3.0873369E7 2.6738122E7 66305670 9.431137798659271E7 1.1648301522145167E7 385084
pla33810_n338090_uncorr-similar-weights_01.ttp: 0.0 3.0873741E7 2.6667157E7 66235628 9.392172935417518E7 1.1639680303331971E7 371258
pla33810_n338090_uncorr-similar-weights_01.ttp: 975.0 3.0872766E7 2.6585108E7 66255795 9.624794446352087E7 1.118543688583666E7 364936
pla33810_n338090_uncorr-similar-weights_01.ttp: 46.0 3.0873695E7 2.6738195E7 66309541 9.292724537715901E7 1.1869835739654558E7 379396
pla33810_n338090_uncorr-similar-weights_01.ttp: 493.0 3.0873248E7 2.6620345E7 66311419 9.660014401623075E7 1.116432195740308E7 369513
pla33810_n338090_uncorr-similar-weights_01.ttp: 373.0 3.0873368E7 2.6549638E7 66299718 9.730273921637833E7 1.0981199725379467E7 376578
pla33810_n338090_uncorr-similar-weights_01.ttp: 329.0 3.0873412E7 2.6765075E7 66336025 9.386758556652908E7 1.1746261309355346E7 368934
pla33810_n338090_uncorr-similar-weights_01.ttp: 555.0 3.0873186E7 2.6491943E7 66265714 9.969518750519274E7 1.0540712999169162E7 359660
pla33810_n338090_uncorr-similar-weights_01.ttp: 655.0 3.0873086E7 2.6673853E7 66300709 9.443721268192774E7 1.1563898970891561E7 279898
pla33810_n338090_uncorr-similar-weights_01.ttp: 552.0 3.0873189E7 2.6757832E7 66239058 9.439816956233467E7 1.1654124870026452E7 375981
pla33810_n338090_uncorr-similar-weights_01.ttp: 694.0 3.0873047E7 2.6704994E7 66246088 9.296367257213941E7 1.1830806388457693E7 355859
pla33810_n338090_uncorr-similar-weights_01.ttp: 527.0 3.0873214E7 2.6669186E7 66271732 9.745655636507761E7 1.1076136981587581E7 355226
pla33810_n338090_uncorr-similar-weights_01.ttp: 557.0 3.0873184E7 2.6721499E7 66284272 9.355994675325985E7 1.1751907519478424E7 351797
pla33810_n338090_uncorr-similar-weights_01.ttp: 523.0 3.0873218E7 2.6608521E7 66344601 9.721184481990127E7 1.1054625828815795E7 359219
pla33810_n338090_uncorr-similar-weights_01.ttp: 379.0 3.0873362E7 2.6671795E7 66308552 9.278947502735144E7 1.182547899562377E7 360325
pla33810_n338090_uncorr-similar-weights_01.ttp: 758.0 3.0872983E7 2.6750253E7 66337422 9.399100735873857E7 1.1711691822601829E7 357762
pla33810_n338090_uncorr-similar-weights_01.ttp: 776.0 3.0872965E7 2.6763569E7 66297182 9.451992219836083E7 1.1640381448262267E7 356674
pla33810_n338090_uncorr-similar-weights_01.ttp: 37.0 3.0873704E7 2.6703765E7 66334991 9.753608639865643E7 1.109799117621497E7 358914
pla33810_n338090_uncorr-similar-weights_01.ttp: 242.0 3.0873499E7 2.6797053E7 66211817 9.314925690218037E7 1.189317189565114E7 351656
pla33810_n338090_uncorr-similar-weights_01.ttp: 185.0 3.0873556E7 2.6587629E7 66252295 9.803552218454644E7 1.090194545047257E7 354419
