enter,number,of,instance,to,run
Enter,TTP,instance,file:
Enter,TTP,instance,file:
Enter,TTP,instance,file:
Instance,:pcb3038_n30370_uncorr_01.ttp
RESULTS,FOR,heuristics,:,20
pcb3038_n30370_uncorr_01.ttp:,78419.0,1299786.0,4663457.0,140206,203376.49653129335,1580269.3125855927,244353
pcb3038_n30370_uncorr_01.ttp:,66088.0,1312117.0,4664522.0,140165,202492.41811371277,1594736.9413961144,285580
pcb3038_n30370_uncorr_01.ttp:,67465.0,1310740.0,4673505.0,140173,201974.35232360187,1611573.8187741959,430435
pcb3038_n30370_uncorr_01.ttp:,70306.0,1307899.0,4682729.0,140065,204992.44092477678,1575043.5955803841,454124
pcb3038_n30370_uncorr_01.ttp:,70079.0,1308126.0,4678894.0,140275,203624.50422678664,1591946.5159219145,484269
pcb3038_n30370_uncorr_01.ttp:,64778.0,1313427.0,4683804.0,140146,202075.71550419705,1620336.1529563726,445251
pcb3038_n30370_uncorr_01.ttp:,66045.0,1312160.0,4678301.0,140281,203810.29766406078,1588536.8874128386,300552
pcb3038_n30370_uncorr_01.ttp:,72211.0,1305994.0,4668251.0,140148,204274.2900368612,1571452.7630411843,293143
pcb3038_n30370_uncorr_01.ttp:,68679.0,1309526.0,4651735.0,140122,203366.03496657813,1568705.9099066756,281785
pcb3038_n30370_uncorr_01.ttp:,69810.0,1308395.0,4672807.0,140162,204773.43023911008,1568441.797575091,282801
pcb3038_n30370_uncorr_01.ttp:,52175.0,1326030.0,4725677.0,140170,205357.6126972449,1612455.5915097669,287930
pcb3038_n30370_uncorr_01.ttp:,65938.0,1312267.0,4679242.0,140299,203377.97987069652,1596031.8251602408,292399
pcb3038_n30370_uncorr_01.ttp:,65315.0,1312890.0,4677208.0,140081,203598.6871658128,1590651.902566278,296236
pcb3038_n30370_uncorr_01.ttp:,75286.0,1302919.0,4667709.0,140073,204415.58192654792,1568768.7779935333,293491
pcb3038_n30370_uncorr_01.ttp:,51914.0,1326291.0,4722151.0,140095,205335.30879346994,1609267.7186909956,294542
pcb3038_n30370_uncorr_01.ttp:,69709.0,1308496.0,4661832.0,140026,203805.26596132093,1572144.1680263747,274145
pcb3038_n30370_uncorr_01.ttp:,68361.0,1309844.0,4646572.0,140252,203174.3174889509,1566449.346867504,290120
pcb3038_n30370_uncorr_01.ttp:,65496.0,1312709.0,4669065.0,140197,202724.08824991816,1595767.8221312407,290339
pcb3038_n30370_uncorr_01.ttp:,70127.0,1308078.0,4673049.0,140118,204679.1550938877,1570113.0087766624,285905
pcb3038_n30370_uncorr_01.ttp:,67283.0,1310922.0,4683085.0,140200,203929.88410680523,1591507.9569408325,292968
pcb3038_n30370_uncorr_01.ttp:,68522.0,1309683.0,4669958.0,140152,203648.82587051854,1582641.799802939,288738
pcb3038_n30370_uncorr_01.ttp:,59887.0,1318318.0,4670585.0,140319,203413.3686958603,1586838.3305707579,410125
pcb3038_n30370_uncorr_01.ttp:,65702.0,1312503.0,4651426.0,140101,203052.91799664838,1573143.7631708104,278857
pcb3038_n30370_uncorr_01.ttp:,66745.0,1311460.0,4679721.0,140169,204769.09169452297,1575421.569911032,279244
pcb3038_n30370_uncorr_01.ttp:,65364.0,1312841.0,4682209.0,140020,203933.37331121266,1590579.0606020158,279649
pcb3038_n30370_uncorr_01.ttp:,63903.0,1314302.0,4668422.0,140101,204677.6828486501,1565508.3280144646,294670
pcb3038_n30370_uncorr_01.ttp:,69514.0,1308691.0,4677349.0,140314,205031.73006073324,1569067.9722792841,297577
pcb3038_n30370_uncorr_01.ttp:,63812.0,1314393.0,4675128.0,140114,202893.30039985044,1599265.5659382674,282170
pcb3038_n30370_uncorr_01.ttp:,48753.0,1329452.0,4718610.0,140104,205289.84849266527,1606415.8968511946,293127
pcb3038_n30370_uncorr_01.ttp:,68658.0,1309547.0,4677069.0,139989,202798.50567586924,1602643.6539538223,287513
RESULTS,FOR,heuristics,:,24
pcb3038_n30370_uncorr_01.ttp:,68849.0,1309356.0,4660837.0,140333,203293.5424125756,1578906.8970253537,284339
pcb3038_n30370_uncorr_01.ttp:,66394.0,1311811.0,4667006.0,140181,202526.86484343983,1596698.728973452,284836
pcb3038_n30370_uncorr_01.ttp:,67646.0,1310559.0,4676938.0,140188,203687.0554439901,1589042.23946911,290077
pcb3038_n30370_uncorr_01.ttp:,65291.0,1312914.0,4666635.0,140075,203041.128279519,1588531.4952824917,286035
pcb3038_n30370_uncorr_01.ttp:,50669.0,1327536.0,4718990.0,140238,206706.28828205066,1585322.6696441118,293181
pcb3038_n30370_uncorr_01.ttp:,72145.0,1306060.0,4664712.0,140152,203886.4294187217,1573793.730012179,293620
pcb3038_n30370_uncorr_01.ttp:,69109.0,1309096.0,4677312.0,140132,205823.5187785824,1557027.4553166907,290559
pcb3038_n30370_uncorr_01.ttp:,67403.0,1310802.0,4679404.0,140146,203773.07373038234,1590204.2022474036,287850
pcb3038_n30370_uncorr_01.ttp:,65768.0,1312437.0,4673049.0,140175,203171.44278608373,1592969.9273629705,286952
pcb3038_n30370_uncorr_01.ttp:,51982.0,1326223.0,4717792.0,140358,205169.566402127,1607421.3733437546,286020
pcb3038_n30370_uncorr_01.ttp:,62484.0,1315721.0,4677145.0,140021,203061.93879749917,1598726.0078299125,291331
pcb3038_n30370_uncorr_01.ttp:,67675.0,1310530.0,4679503.0,140236,203582.8325396597,1593187.2586987591,278075
pcb3038_n30370_uncorr_01.ttp:,70300.0,1307905.0,4670343.0,140320,205031.33926199158,1562067.8967882073,294195
pcb3038_n30370_uncorr_01.ttp:,60799.0,1317406.0,4681039.0,140368,203426.61372591398,1597091.5359151443,293556
pcb3038_n30370_uncorr_01.ttp:,51167.0,1327038.0,4642673.0,140208,200789.548376439,1598703.4466131846,296198
pcb3038_n30370_uncorr_01.ttp:,68785.0,1309420.0,4677089.0,140136,205008.49053147648,1569160.2835428165,299091
pcb3038_n30370_uncorr_01.ttp:,67360.0,1310845.0,4657874.0,140000,202793.203556994,1583529.0340759708,285985
pcb3038_n30370_uncorr_01.ttp:,68107.0,1310098.0,4676174.0,139940,202826.20086119496,1601328.7949442845,284242
pcb3038_n30370_uncorr_01.ttp:,73982.0,1304223.0,4678098.0,140221,205471.09517738424,1563156.197110855,278396
pcb3038_n30370_uncorr_01.ttp:,66718.0,1311487.0,4680766.0,140327,203311.8601676236,1598558.1998588261,304208
pcb3038_n30370_uncorr_01.ttp:,54543.0,1323662.0,4724486.0,139945,204692.127297092,1621353.3501760853,286125
pcb3038_n30370_uncorr_01.ttp:,52942.0,1325263.0,4622358.0,140362,201688.13336120106,1564765.898244192,537210
pcb3038_n30370_uncorr_01.ttp:,68095.0,1310110.0,4679551.0,140346,204610.50265619575,1577655.7797320723,291258
pcb3038_n30370_uncorr_01.ttp:,68209.0,1309996.0,4676856.0,140308,203222.05450235822,1596009.6537442491,289087
pcb3038_n30370_uncorr_01.ttp:,53884.0,1324321.0,4724588.0,140058,205468.52569233734,1609685.1505041658,285637
pcb3038_n30370_uncorr_01.ttp:,64885.0,1313320.0,4677248.0,140258,203800.2181713977,1587636.6925216108,303895
pcb3038_n30370_uncorr_01.ttp:,70982.0,1307223.0,4677824.0,140427,205806.56478636188,1557796.4778387537,295314
pcb3038_n30370_uncorr_01.ttp:,69634.0,1308571.0,4668479.0,140174,202828.49761464377,1593598.9761620006,469301
pcb3038_n30370_uncorr_01.ttp:,69274.0,1308931.0,4683293.0,140376,203275.96106842096,1601629.4302027384,419298
pcb3038_n30370_uncorr_01.ttp:,53594.0,1324611.0,4727946.0,140074,205620.64250196796,1610737.0596701656,284996
Instance,:pcb3038_n30370_uncorr-similar-weights_01.ttp
RESULTS,FOR,heuristics,:,20
pcb3038_n30370_uncorr-similar-weights_01.ttp:,60.0,2773266.0,2390176.0,140203,191055.97717318413,1001199.0459509515,186760
pcb3038_n30370_uncorr-similar-weights_01.ttp:,215.0,2773111.0,2380409.0,140311,192978.1276214896,977458.0121917706,192415
pcb3038_n30370_uncorr-similar-weights_01.ttp:,185.0,2773141.0,2384484.0,140038,192772.13230850932,983030.5981171373,200814
pcb3038_n30370_uncorr-similar-weights_01.ttp:,80.0,2773246.0,2383487.0,140391,192976.2331241523,980549.785187413,204115
pcb3038_n30370_uncorr-similar-weights_01.ttp:,156.0,2773170.0,2383596.0,140108,192471.72264391158,984326.576378763,215296
pcb3038_n30370_uncorr-similar-weights_01.ttp:,200.0,2773126.0,2388740.0,140238,193324.62371496798,983269.985592183,191917
pcb3038_n30370_uncorr-similar-weights_01.ttp:,208.0,2773118.0,2397435.0,140020,191480.76882507952,1005369.810641672,186487
pcb3038_n30370_uncorr-similar-weights_01.ttp:,226.0,2773100.0,2373993.0,140205,192461.03840950623,974801.2507628899,201465
pcb3038_n30370_uncorr-similar-weights_01.ttp:,181.0,2773145.0,2386156.0,140168,192755.4376836542,984823.9680398342,190833
pcb3038_n30370_uncorr-similar-weights_01.ttp:,156.0,2773170.0,2386332.0,140055,193442.26892899984,980006.7048861713,196352
pcb3038_n30370_uncorr-similar-weights_01.ttp:,73.0,2773253.0,2382738.0,139998,192608.6635550949,982473.01595446,188449
pcb3038_n30370_uncorr-similar-weights_01.ttp:,39.0,2773287.0,2393551.0,140093,191354.64039385138,1002402.7643367006,185473
pcb3038_n30370_uncorr-similar-weights_01.ttp:,144.0,2773182.0,2377051.0,140291,192818.03384285636,975263.8939624345,209315
pcb3038_n30370_uncorr-similar-weights_01.ttp:,163.0,2773163.0,2374792.0,140252,192843.5188954661,972819.6176299613,190847
pcb3038_n30370_uncorr-similar-weights_01.ttp:,126.0,2773200.0,2389211.0,140289,193982.4840597791,978958.3408854061,227658
pcb3038_n30370_uncorr-similar-weights_01.ttp:,37.0,2773289.0,2392844.0,140145,191334.28861143198,1001843.7217948895,194033
pcb3038_n30370_uncorr-similar-weights_01.ttp:,64.0,2773262.0,2385807.0,140078,193021.24503056658,982542.548627781,207876
pcb3038_n30370_uncorr-similar-weights_01.ttp:,78.0,2773248.0,2389172.0,140169,190459.4363876833,1004531.8974615426,201652
pcb3038_n30370_uncorr-similar-weights_01.ttp:,158.0,2773168.0,2386789.0,140164,193178.45370558792,982381.6415603759,191678
pcb3038_n30370_uncorr-similar-weights_01.ttp:,41.0,2773285.0,2399380.0,140206,192662.8677826379,998720.9512202225,202161
pcb3038_n30370_uncorr-similar-weights_01.ttp:,158.0,2773168.0,2375451.0,140151,192325.9216157371,977241.5498535912,204804
pcb3038_n30370_uncorr-similar-weights_01.ttp:,63.0,2773263.0,2387002.0,140087,192854.58015536092,984949.2022705262,206822
pcb3038_n30370_uncorr-similar-weights_01.ttp:,21.0,2773305.0,2396403.0,140332,191176.17205136205,1006552.229186598,196420
pcb3038_n30370_uncorr-similar-weights_01.ttp:,0.0,2773326.0,2390085.0,140443,190745.33736820775,1003366.3973331298,187345
pcb3038_n30370_uncorr-similar-weights_01.ttp:,165.0,2773161.0,2398000.0,140137,190942.1842834441,1009850.3202593615,188889
pcb3038_n30370_uncorr-similar-weights_01.ttp:,31.0,2773295.0,2398306.0,140272,191408.6566229676,1006765.0663510256,196277
pcb3038_n30370_uncorr-similar-weights_01.ttp:,160.0,2773166.0,2394665.0,140318,191766.55943979963,1000522.1128726567,181895
pcb3038_n30370_uncorr-similar-weights_01.ttp:,25.0,2773301.0,2395267.0,140233,190901.87264980015,1007410.385835953,186592
pcb3038_n30370_uncorr-similar-weights_01.ttp:,136.0,2773190.0,2385633.0,140393,193785.5681595274,976811.9194802358,190917
pcb3038_n30370_uncorr-similar-weights_01.ttp:,130.0,2773196.0,2395602.0,140301,191549.5310184747,1003036.909495689,196495
RESULTS,FOR,heuristics,:,24
pcb3038_n30370_uncorr-similar-weights_01.ttp:,49.0,2773277.0,2397817.0,140223,191051.84234924134,1008870.1061210155,369208
pcb3038_n30370_uncorr-similar-weights_01.ttp:,180.0,2773146.0,2386392.0,140106,192897.22145152566,984029.2000474085,386864
pcb3038_n30370_uncorr-similar-weights_01.ttp:,180.0,2773146.0,2396904.0,140265,191036.9945099647,1008065.0499125568,372558
pcb3038_n30370_uncorr-similar-weights_01.ttp:,99.0,2773227.0,2395841.0,140292,191068.91748924364,1006769.9698531989,375212
pcb3038_n30370_uncorr-similar-weights_01.ttp:,74.0,2773252.0,2395529.0,140117,191498.12310114593,1003337.6450546691,398574
pcb3038_n30370_uncorr-similar-weights_01.ttp:,134.0,2773192.0,2394586.0,140229,191793.7460953501,1000245.465886805,374804
pcb3038_n30370_uncorr-similar-weights_01.ttp:,130.0,2773196.0,2391422.0,140134,193265.20570416082,986383.9545307509,214683
pcb3038_n30370_uncorr-similar-weights_01.ttp:,9.0,2773317.0,2390538.0,140248,192620.05703446438,990190.185359444,383847
pcb3038_n30370_uncorr-similar-weights_01.ttp:,85.0,2773241.0,2394720.0,140022,191019.26024382096,1006009.9780274217,375503
pcb3038_n30370_uncorr-similar-weights_01.ttp:,157.0,2773169.0,2397784.0,140252,191079.7940378068,1008633.8973451445,393841
pcb3038_n30370_uncorr-similar-weights_01.ttp:,176.0,2773150.0,2397361.0,140213,190987.50479232814,1008881.8401597745,372611
pcb3038_n30370_uncorr-similar-weights_01.ttp:,157.0,2773169.0,2385417.0,140246,193173.83348493945,981043.2305644904,404314
pcb3038_n30370_uncorr-similar-weights_01.ttp:,43.0,2773283.0,2397568.0,140223,190812.20648155033,1010363.2588791293,390619
pcb3038_n30370_uncorr-similar-weights_01.ttp:,140.0,2773186.0,2393186.0,140052,191148.15376613048,1003538.9221202314,362872
pcb3038_n30370_uncorr-similar-weights_01.ttp:,67.0,2773259.0,2395971.0,140252,190617.1639439375,1010184.2181275743,376489
pcb3038_n30370_uncorr-similar-weights_01.ttp:,108.0,2773218.0,2385520.0,140157,193954.85491825105,975468.204744315,372667
pcb3038_n30370_uncorr-similar-weights_01.ttp:,234.0,2773092.0,2388680.0,140445,193757.0897561047,980065.957473119,209118
pcb3038_n30370_uncorr-similar-weights_01.ttp:,91.0,2773235.0,2398514.0,140236,191315.59812858616,1007649.6016051788,216327
pcb3038_n30370_uncorr-similar-weights_01.ttp:,42.0,2773284.0,2395836.0,140069,191018.08768235115,1007134.5025493072,380596
pcb3038_n30370_uncorr-similar-weights_01.ttp:,107.0,2773219.0,2371353.0,140281,192389.888035765,972678.5139799884,221884
pcb3038_n30370_uncorr-similar-weights_01.ttp:,97.0,2773229.0,2398422.0,140227,191674.621284671,1004947.5032604418,376350
pcb3038_n30370_uncorr-similar-weights_01.ttp:,10.0,2773316.0,2384899.0,140221,190295.9335024917,1001447.5634368854,364360
pcb3038_n30370_uncorr-similar-weights_01.ttp:,13.0,2773313.0,2393619.0,140239,190879.68181201484,1005923.7132266522,383953
pcb3038_n30370_uncorr-similar-weights_01.ttp:,115.0,2773211.0,2394038.0,140201,191675.4453483364,1000557.5123175946,380349
pcb3038_n30370_uncorr-similar-weights_01.ttp:,125.0,2773201.0,2399892.0,140389,191024.09388574495,1011146.8374506342,373160
pcb3038_n30370_uncorr-similar-weights_01.ttp:,10.0,2773316.0,2385145.0,140144,190762.67782379978,998300.3322209758,384822
pcb3038_n30370_uncorr-similar-weights_01.ttp:,62.0,2773264.0,2392783.0,140196,190654.23674520463,1006726.6988623624,378568
pcb3038_n30370_uncorr-similar-weights_01.ttp:,300.0,2773026.0,2382609.0,140291,192839.42714277335,980666.3646720378,381389
pcb3038_n30370_uncorr-similar-weights_01.ttp:,2.0,2773324.0,2383197.0,140088,190794.9519732034,996117.6991548114,371373
pcb3038_n30370_uncorr-similar-weights_01.ttp:,158.0,2773168.0,2395182.0,140237,191733.3272065963,1001280.711208045,363305
Instance,:pcb3038_n30370_bounded-strongly-corr_01.ttp
RESULTS,FOR,heuristics,:,20
pcb3038_n30370_bounded-strongly-corr_01.ttp:,65.0,2618433.0,3967133.0,139996,176953.83803607617,1723358.3337025545,213207
pcb3038_n30370_bounded-strongly-corr_01.ttp:,31.0,2618467.0,3972667.0,140235,179729.86016268536,1693692.3731371495,213892
pcb3038_n30370_bounded-strongly-corr_01.ttp:,38.0,2618460.0,3978360.0,140218,178770.90245708966,1711544.956844103,207478
pcb3038_n30370_bounded-strongly-corr_01.ttp:,1.0,2618497.0,3975697.0,140129,177655.59350778823,1723024.0743212453,213579
pcb3038_n30370_bounded-strongly-corr_01.ttp:,8.0,2618490.0,3967590.0,140465,178891.25994994023,1699248.8238347578,224507
pcb3038_n30370_bounded-strongly-corr_01.ttp:,8.0,2618490.0,3958390.0,140105,176569.77854596917,1719485.208037111,218153
pcb3038_n30370_bounded-strongly-corr_01.ttp:,3.0,2618495.0,3994395.0,140130,180712.29535868447,1702963.0948518808,209915
pcb3038_n30370_bounded-strongly-corr_01.ttp:,128.0,2618370.0,3979070.0,140048,178818.80155614763,1711647.596268048,229448
pcb3038_n30370_bounded-strongly-corr_01.ttp:,68.0,2618430.0,3970730.0,140274,178120.11403183147,1712166.9540763772,215938
pcb3038_n30370_bounded-strongly-corr_01.ttp:,21.0,2618477.0,3977677.0,140238,179613.43957843594,1700178.5861454322,214345
pcb3038_n30370_bounded-strongly-corr_01.ttp:,31.0,2618467.0,3981667.0,140219,178146.71731306877,1722766.624470288,206319
pcb3038_n30370_bounded-strongly-corr_01.ttp:,6.0,2618492.0,3985892.0,140161,179701.28989828896,1707279.644089696,214192
pcb3038_n30370_bounded-strongly-corr_01.ttp:,3.0,2618495.0,3969295.0,140269,178754.51725935537,1702687.7211513738,204116
pcb3038_n30370_bounded-strongly-corr_01.ttp:,10.0,2618488.0,3981088.0,140344,178825.15355694323,1713585.05289796,213084
pcb3038_n30370_bounded-strongly-corr_01.ttp:,40.0,2618458.0,3974158.0,140291,178695.75924454982,1708295.7727791085,208061
pcb3038_n30370_bounded-strongly-corr_01.ttp:,3.0,2618495.0,3979095.0,140283,179018.94936976922,1709134.7219913262,212781
pcb3038_n30370_bounded-strongly-corr_01.ttp:,37.0,2618461.0,3982261.0,140266,178339.2254120935,1720919.6217746544,209087
pcb3038_n30370_bounded-strongly-corr_01.ttp:,18.0,2618480.0,3954580.0,140182,176358.3801289635,1718355.7399647427,210759
pcb3038_n30370_bounded-strongly-corr_01.ttp:,34.0,2618464.0,3969164.0,140195,178911.35364068966,1700568.035836055,219324
pcb3038_n30370_bounded-strongly-corr_01.ttp:,57.0,2618441.0,3996641.0,140141,179177.01249801656,1724676.4815251501,209165
pcb3038_n30370_bounded-strongly-corr_01.ttp:,44.0,2618454.0,3972454.0,140231,177787.92514766246,1718103.1091276398,207089
pcb3038_n30370_bounded-strongly-corr_01.ttp:,35.0,2618463.0,3981763.0,140223,179433.31860337863,1706548.520109159,207215
pcb3038_n30370_bounded-strongly-corr_01.ttp:,21.0,2618477.0,3969577.0,140252,177790.7004236173,1715190.918628533,213481
pcb3038_n30370_bounded-strongly-corr_01.ttp:,6.0,2618492.0,3965792.0,140170,177134.4438469552,1719727.2520206082,221836
pcb3038_n30370_bounded-strongly-corr_01.ttp:,48.0,2618450.0,3977550.0,140533,179631.58415277148,1699821.5129428576,214552
pcb3038_n30370_bounded-strongly-corr_01.ttp:,4.0,2618494.0,3988294.0,140137,178699.21147027527,1722387.9985569096,220050
pcb3038_n30370_bounded-strongly-corr_01.ttp:,74.0,2618424.0,3995724.0,140123,179164.17223329892,1723922.2960817697,215726
pcb3038_n30370_bounded-strongly-corr_01.ttp:,1.0,2618497.0,3965597.0,140118,176713.81932959615,1724865.7709007207,213295
pcb3038_n30370_bounded-strongly-corr_01.ttp:,107.0,2618391.0,3997091.0,140132,180465.52910796422,1708788.0909110135,207642
pcb3038_n30370_bounded-strongly-corr_01.ttp:,53.0,2618445.0,3983245.0,140097,178300.14235068375,1722399.1949933302,209209
RESULTS,FOR,heuristics,:,24
pcb3038_n30370_bounded-strongly-corr_01.ttp:,14.0,2618484.0,3989484.0,140182,179850.11785629974,1708984.5055821193,211624
pcb3038_n30370_bounded-strongly-corr_01.ttp:,3.0,2618495.0,3980295.0,140270,178087.32197715482,1722147.7573296768,229230
pcb3038_n30370_bounded-strongly-corr_01.ttp:,3.0,2618495.0,3989495.0,140208,179672.56494915808,1711246.8764446755,207223
pcb3038_n30370_bounded-strongly-corr_01.ttp:,33.0,2618465.0,3960965.0,140050,177162.1810998016,1714548.5436545159,213768
pcb3038_n30370_bounded-strongly-corr_01.ttp:,51.0,2618447.0,3965447.0,140064,177428.33022819445,1715655.7727064947,219252
pcb3038_n30370_bounded-strongly-corr_01.ttp:,77.0,2618421.0,3979421.0,140077,178354.49876533286,1717885.9556555795,216852
pcb3038_n30370_bounded-strongly-corr_01.ttp:,25.0,2618473.0,3996673.0,140219,179734.92373378834,1717634.167055564,405507
pcb3038_n30370_bounded-strongly-corr_01.ttp:,37.0,2618461.0,3978461.0,140164,179059.07328232386,1707991.9507801333,210854
pcb3038_n30370_bounded-strongly-corr_01.ttp:,12.0,2618486.0,3977486.0,139997,177592.99579503646,1725606.8133189376,210243
pcb3038_n30370_bounded-strongly-corr_01.ttp:,18.0,2618480.0,3985980.0,140240,179531.8013539707,1709516.7588316519,404464
pcb3038_n30370_bounded-strongly-corr_01.ttp:,36.0,2618462.0,3988462.0,140071,179539.2262786679,1711904.610786491,218331
pcb3038_n30370_bounded-strongly-corr_01.ttp:,23.0,2618475.0,3976475.0,140097,177551.04018060095,1725127.8105099802,400542
pcb3038_n30370_bounded-strongly-corr_01.ttp:,39.0,2618459.0,3976659.0,140192,178262.9523277315,1716284.7644843645,207075
pcb3038_n30370_bounded-strongly-corr_01.ttp:,7.0,2618491.0,3984691.0,140211,180032.6672142656,1701876.7797231125,211430
pcb3038_n30370_bounded-strongly-corr_01.ttp:,38.0,2618460.0,3974060.0,140306,178932.99968994595,1705189.5639314852,217404
pcb3038_n30370_bounded-strongly-corr_01.ttp:,23.0,2618475.0,3953275.0,140254,176772.18098943844,1711803.745053921,219190
pcb3038_n30370_bounded-strongly-corr_01.ttp:,32.0,2618466.0,3968066.0,139982,178599.09225036684,1703429.5102653485,207381
pcb3038_n30370_bounded-strongly-corr_01.ttp:,0.0,2618498.0,3984198.0,140121,179803.8689588297,1704284.9416020396,209149
pcb3038_n30370_bounded-strongly-corr_01.ttp:,3.0,2618495.0,3992195.0,140071,179522.96801837347,1715843.7655270244,212776
pcb3038_n30370_bounded-strongly-corr_01.ttp:,12.0,2618486.0,3960386.0,140308,176891.25070794014,1717404.941023319,214210
pcb3038_n30370_bounded-strongly-corr_01.ttp:,47.0,2618451.0,3971251.0,140075,178309.95867842087,1710280.7239576234,210306
pcb3038_n30370_bounded-strongly-corr_01.ttp:,30.0,2618468.0,3982068.0,140177,178306.3993527183,1721142.8562075323,221015
pcb3038_n30370_bounded-strongly-corr_01.ttp:,1.0,2618497.0,3961297.0,140018,176891.77030819556,1718309.3524920805,209920
pcb3038_n30370_bounded-strongly-corr_01.ttp:,21.0,2618477.0,3981177.0,140152,179157.8358880176,1709455.640939937,221736
pcb3038_n30370_bounded-strongly-corr_01.ttp:,51.0,2618447.0,3978147.0,140001,178200.38884336152,1718566.069466176,220596
pcb3038_n30370_bounded-strongly-corr_01.ttp:,108.0,2618390.0,3983090.0,140137,179308.0641273587,1709463.7468650918,217438
pcb3038_n30370_bounded-strongly-corr_01.ttp:,36.0,2618462.0,3986862.0,140209,179341.53676557998,1712811.3138124458,215332
pcb3038_n30370_bounded-strongly-corr_01.ttp:,34.0,2618464.0,3966164.0,140032,177087.69839800926,1720691.9843132426,210533
pcb3038_n30370_bounded-strongly-corr_01.ttp:,47.0,2618451.0,3985451.0,140232,179386.71787287187,1710827.4173719846,403570
pcb3038_n30370_bounded-strongly-corr_01.ttp:,2.0,2618496.0,3976796.0,140134,178181.78655652044,1717450.9464633209,223363
