enter number of instance to run
Enter TTP instance file:
Enter TTP instance file:
Enter TTP instance file:
Instance :rl11849_n59240_uncorr_01.ttp
RESULTS FOR heuristics : 20
rl11849_n59240_uncorr_01.ttp: 95835.0 2599243.0 9206224.0 928942 1369373.4068575168 3194674.743895502 74207
rl11849_n59240_uncorr_01.ttp: 107781.0 2587297.0 9201071.0 928405 1369586.1198358517 3188587.9339206116 74060
rl11849_n59240_uncorr_01.ttp: 100526.0 2594552.0 9190807.0 927617 1365483.3270750158 3196335.194140681 73086
rl11849_n59240_uncorr_01.ttp: 101534.0 2593544.0 9208397.0 928377 1364173.7532763332 3219674.223116898 73410
rl11849_n59240_uncorr_01.ttp: 102240.0 2592838.0 9176675.0 928997 1357621.3303690786 3216717.3596797455 75200
rl11849_n59240_uncorr_01.ttp: 151302.0 2543776.0 9106157.0 929670 1352542.8889563615 3168493.717481574 74196
rl11849_n59240_uncorr_01.ttp: 103983.0 2591095.0 9206694.0 928167 1364860.0562134185 3214958.353223093 74935
rl11849_n59240_uncorr_01.ttp: 97168.0 2597910.0 9218901.0 929473 1372757.1712089493 3192497.018392713 73513
rl11849_n59240_uncorr_01.ttp: 101891.0 2593187.0 9205198.0 929108 1358156.7966353926 3242889.662770627 74687
rl11849_n59240_uncorr_01.ttp: 146990.0 2548088.0 9122892.0 927723 1349536.5357592679 3198426.608016814 73771
rl11849_n59240_uncorr_01.ttp: 100463.0 2594615.0 9194378.0 928435 1361312.1720117044 3218217.564868618 73954
rl11849_n59240_uncorr_01.ttp: 148476.0 2546602.0 9104598.0 927592 1347675.7015435419 3188301.6702238517 74252
rl11849_n59240_uncorr_01.ttp: 105369.0 2589709.0 9173987.0 928473 1365727.0220951675 3178445.3730022153 73903
rl11849_n59240_uncorr_01.ttp: 103695.0 2591383.0 9186527.0 927270 1361736.5316835882 3208503.625909048 74440
rl11849_n59240_uncorr_01.ttp: 98246.0 2596832.0 9212194.0 927314 1360757.5364026069 3238468.4151925566 73892
rl11849_n59240_uncorr_01.ttp: 100865.0 2594213.0 9220517.0 928865 1371700.937861807 3198749.882786668 74175
rl11849_n59240_uncorr_01.ttp: 103176.0 2591902.0 9190831.0 927944 1358605.7751711232 3226551.6469987696 74517
rl11849_n59240_uncorr_01.ttp: 105563.0 2589515.0 9194120.0 927885 1360812.54295602 3220152.9364230726 73521
rl11849_n59240_uncorr_01.ttp: 100623.0 2594455.0 9172458.0 928561 1350782.0711459732 3242524.707669178 74386
rl11849_n59240_uncorr_01.ttp: 102661.0 2592417.0 9205843.0 928937 1361435.881715007 3229139.4792711204 74290
rl11849_n59240_uncorr_01.ttp: 103093.0 2591985.0 9214616.0 928483 1356164.0532674957 3261055.8061556946 73969
rl11849_n59240_uncorr_01.ttp: 94821.0 2600257.0 9203566.0 928365 1354840.549158098 3255815.9891959503 74292
rl11849_n59240_uncorr_01.ttp: 144004.0 2551074.0 9109929.0 928863 1351447.4034741393 3177074.898748529 74515
rl11849_n59240_uncorr_01.ttp: 98900.0 2596178.0 9205394.0 928351 1367957.69698947 3200059.710216227 74739
rl11849_n59240_uncorr_01.ttp: 105985.0 2589093.0 9191961.0 927887 1361693.722007766 3214125.560385908 73694
rl11849_n59240_uncorr_01.ttp: 98297.0 2596781.0 9214782.0 928390 1358434.1294800073 3251256.1715827687 74172
rl11849_n59240_uncorr_01.ttp: 104486.0 2590592.0 9205275.0 928396 1361523.3094928514 3228187.671326383 74465
rl11849_n59240_uncorr_01.ttp: 97570.0 2597508.0 9207053.0 928258 1362243.2838862198 3226804.9837394953 73898
rl11849_n59240_uncorr_01.ttp: 146250.0 2548828.0 9117303.0 927986 1348672.4470436934 3196630.957478186 74347
rl11849_n59240_uncorr_01.ttp: 104930.0 2590148.0 9204169.0 929002 1368890.4493459777 3194739.9273711583 74182
RESULTS FOR heuristics : 24
rl11849_n59240_uncorr_01.ttp: 106234.0 2588844.0 9200116.0 928261 1359868.972671551 3230291.2099718917 478261
rl11849_n59240_uncorr_01.ttp: 94107.0 2600971.0 9191995.0 927660 1355965.4799922276 3239306.542834121 479402
rl11849_n59240_uncorr_01.ttp: 101443.0 2593635.0 9217134.0 928907 1355305.0178392183 3267344.9716858324 478693
rl11849_n59240_uncorr_01.ttp: 100946.0 2594132.0 9213082.0 927432 1360886.4145115016 3238790.640294509 477913
rl11849_n59240_uncorr_01.ttp: 0.0 2695078.0 9171924.0 927763 1354821.8591936831 3224256.0381397316 475810
rl11849_n59240_uncorr_01.ttp: 98319.0 2596759.0 9236482.0 929035 1359781.052686205 3267043.1787075605 478770
rl11849_n59240_uncorr_01.ttp: 94952.0 2600126.0 9229755.0 928379 1357787.6093372733 3269067.3950093705 482143
rl11849_n59240_uncorr_01.ttp: 103123.0 2591955.0 9209529.0 928651 1358687.087414512 3244892.6862502927 477164
rl11849_n59240_uncorr_01.ttp: 99560.0 2595518.0 9227509.0 928886 1357720.5690956896 3267115.701669923 479010
rl11849_n59240_uncorr_01.ttp: 103596.0 2591482.0 9183816.0 927258 1356542.4244626751 3228594.756608857 477233
rl11849_n59240_uncorr_01.ttp: 101710.0 2593368.0 9208518.0 930307 1359732.7347679147 3239291.2943688547 478734
rl11849_n59240_uncorr_01.ttp: 102292.0 2592786.0 9211392.0 928631 1356925.676115997 3254488.281850774 478087
rl11849_n59240_uncorr_01.ttp: 103902.0 2591176.0 9203400.0 928444 1353181.0322592105 3262935.268382067 478468
rl11849_n59240_uncorr_01.ttp: 99346.0 2595732.0 9210292.0 927891 1356537.229040039 3255093.564514229 477220
rl11849_n59240_uncorr_01.ttp: 103380.0 2591698.0 9201883.0 927617 1357608.5723734004 3241981.367280773 479322
rl11849_n59240_uncorr_01.ttp: 102396.0 2592682.0 9185668.0 928471 1349842.3698583103 3259859.996322018 480715
rl11849_n59240_uncorr_01.ttp: 98432.0 2596646.0 9221646.0 929033 1369740.3216037962 3208485.988159335 477431
rl11849_n59240_uncorr_01.ttp: 102407.0 2592671.0 9242093.0 927752 1373591.7178682212 3212025.3585585095 480056
rl11849_n59240_uncorr_01.ttp: 102273.0 2592805.0 9190374.0 927713 1353318.2667023868 3249306.8091765223 477659
rl11849_n59240_uncorr_01.ttp: 101976.0 2593102.0 9210417.0 929662 1353948.4311877158 3266583.3870859277 478452
rl11849_n59240_uncorr_01.ttp: 98808.0 2596270.0 9202774.0 928230 1359332.3490426282 3235304.9877028624 478120
rl11849_n59240_uncorr_01.ttp: 100031.0 2595047.0 9222518.0 928386 1365698.6661258517 3227100.8557075113 478022
rl11849_n59240_uncorr_01.ttp: 96257.0 2598821.0 9223043.0 928649 1355943.7488856707 3270449.942391906 476753
rl11849_n59240_uncorr_01.ttp: 102751.0 2592327.0 9168468.0 928707 1347092.6685430212 3254731.185096137 479955
rl11849_n59240_uncorr_01.ttp: 109656.0 2585422.0 9220953.0 928070 1356890.1111444181 3264205.412076005 477400
rl11849_n59240_uncorr_01.ttp: 104585.0 2590493.0 9205815.0 928495 1356349.3920174853 3251441.16904324 479367
rl11849_n59240_uncorr_01.ttp: 101767.0 2593311.0 9220131.0 927851 1358394.1274351173 3256780.780559836 479193
rl11849_n59240_uncorr_01.ttp: 100745.0 2594333.0 9216946.0 928502 1361022.1402429922 3242058.804333265 480294
rl11849_n59240_uncorr_01.ttp: 101067.0 2594011.0 9197736.0 927585 1358529.0827755537 3233793.3266153196 478966
rl11849_n59240_uncorr_01.ttp: 105909.0 2589169.0 9195049.0 928128 1352969.2880504767 3255513.8254584074 476674
Instance :rl11849_n59240_uncorr-similar-weights_01.ttp
RESULTS FOR heuristics : 20
rl11849_n59240_uncorr-similar-weights_01.ttp: 765.0 5408914.0 4662978.0 927551 1259534.6466174247 1929787.8168401886 74072
rl11849_n59240_uncorr-similar-weights_01.ttp: 712.0 5408967.0 4648162.0 928243 1269373.119397489 1893622.3309074491 70812
rl11849_n59240_uncorr-similar-weights_01.ttp: 488.0 5409191.0 4650202.0 927734 1270042.3549539824 1894210.0897498582 74024
rl11849_n59240_uncorr-similar-weights_01.ttp: 855.0 5408824.0 4667747.0 927603 1271874.7621730391 1907778.7660845052 73402
rl11849_n59240_uncorr-similar-weights_01.ttp: 540.0 5409139.0 4661089.0 928243 1277169.9366645836 1889630.2374378536 74120
rl11849_n59240_uncorr-similar-weights_01.ttp: 804.0 5408875.0 4672195.0 928693 1260321.0453607568 1937298.331567158 71233
rl11849_n59240_uncorr-similar-weights_01.ttp: 554.0 5409125.0 4658802.0 927773 1262599.8092765636 1918960.4138698573 73812
rl11849_n59240_uncorr-similar-weights_01.ttp: 104.0 5409575.0 4673563.0 928276 1271454.719372899 1914506.258960809 71555
rl11849_n59240_uncorr-similar-weights_01.ttp: 639.0 5409040.0 4650376.0 927705 1267918.5918876857 1898992.6556037222 73424
rl11849_n59240_uncorr-similar-weights_01.ttp: 537.0 5409142.0 4635093.0 927501 1266494.7102685298 1886799.4787172903 74121
rl11849_n59240_uncorr-similar-weights_01.ttp: 776.0 5408903.0 4651195.0 928866 1277084.4409856966 1879921.7630610382 70269
rl11849_n59240_uncorr-similar-weights_01.ttp: 724.0 5408955.0 4660274.0 928661 1284879.846718054 1872084.732621823 71903
rl11849_n59240_uncorr-similar-weights_01.ttp: 841.0 5408838.0 4662072.0 928257 1272873.3488054331 1899936.8330922103 71226
rl11849_n59240_uncorr-similar-weights_01.ttp: 834.0 5408845.0 4659337.0 927307 1264995.501758258 1914296.7611845802 71356
rl11849_n59240_uncorr-similar-weights_01.ttp: 807.0 5408872.0 4642525.0 927267 1263230.1391520412 1901315.5980400709 69437
rl11849_n59240_uncorr-similar-weights_01.ttp: 52.0 5409627.0 4653125.0 929106 1273851.4031094587 1888867.4552524746 73932
rl11849_n59240_uncorr-similar-weights_01.ttp: 848.0 5408831.0 4679563.0 930303 1265404.5648759226 1933635.0942192478 70646
rl11849_n59240_uncorr-similar-weights_01.ttp: 725.0 5408954.0 4657449.0 928001 1268723.148446838 1904319.767870362 70848
rl11849_n59240_uncorr-similar-weights_01.ttp: 610.0 5409069.0 4666940.0 927911 1263145.2498225642 1925914.8078850359 69261
rl11849_n59240_uncorr-similar-weights_01.ttp: 889.0 5408790.0 4656734.0 927913 1271172.0170005194 1898290.7231088728 70752
rl11849_n59240_uncorr-similar-weights_01.ttp: 718.0 5408961.0 4670029.0 928255 1264741.574861579 1925539.7825503736 72926
rl11849_n59240_uncorr-similar-weights_01.ttp: 689.0 5408990.0 4643378.0 927416 1269447.3456236136 1888677.2599967588 69582
rl11849_n59240_uncorr-similar-weights_01.ttp: 673.0 5409006.0 4642906.0 928209 1272350.7177611573 1881904.9424582887 72364
rl11849_n59240_uncorr-similar-weights_01.ttp: 469.0 5409210.0 4664902.0 927838 1282012.1411096195 1882935.6537921256 71569
rl11849_n59240_uncorr-similar-weights_01.ttp: 909.0 5408770.0 4648919.0 927501 1267892.1784855677 1897592.9726863182 74102
rl11849_n59240_uncorr-similar-weights_01.ttp: 918.0 5408761.0 4650771.0 927299 1257574.759361071 1921833.7721864758 70764
rl11849_n59240_uncorr-similar-weights_01.ttp: 898.0 5408781.0 4661982.0 927334 1264709.6170644774 1917562.130970084 66882
rl11849_n59240_uncorr-similar-weights_01.ttp: 665.0 5409014.0 4653971.0 928984 1279466.4552088222 1877528.7921968559 70183
rl11849_n59240_uncorr-similar-weights_01.ttp: 620.0 5409059.0 4664433.0 927854 1279219.362071867 1888526.9843040486 73228
rl11849_n59240_uncorr-similar-weights_01.ttp: 38.0 5409641.0 4632509.0 927210 1258750.6971464492 1901019.9871922052 71733
RESULTS FOR heuristics : 24
rl11849_n59240_uncorr-similar-weights_01.ttp: 617.0 5409062.0 4661613.0 929118 1268751.7646498599 1908421.6707098042 528231
rl11849_n59240_uncorr-similar-weights_01.ttp: 112.0 5409567.0 4657326.0 927535 1248428.2131408406 1948236.777484376 531442
rl11849_n59240_uncorr-similar-weights_01.ttp: 638.0 5409041.0 4668764.0 928626 1269798.703588863 1913300.8132121675 523393
rl11849_n59240_uncorr-similar-weights_01.ttp: 565.0 5409114.0 4665132.0 928014 1261527.133389469 1927618.1205448522 525388
rl11849_n59240_uncorr-similar-weights_01.ttp: 592.0 5409087.0 4657251.0 928484 1258448.7455385162 1926417.2221814198 531741
rl11849_n59240_uncorr-similar-weights_01.ttp: 780.0 5408899.0 4678545.0 927436 1260479.5951474262 1943304.278530085 527073
rl11849_n59240_uncorr-similar-weights_01.ttp: 862.0 5408817.0 4671824.0 927975 1268680.0874009272 1918788.210339988 524142
rl11849_n59240_uncorr-similar-weights_01.ttp: 702.0 5408977.0 4650703.0 928577 1252141.0952771506 1933556.8232485834 526487
rl11849_n59240_uncorr-similar-weights_01.ttp: 661.0 5409018.0 4661422.0 928576 1263091.4596731714 1920513.532509218 526649
rl11849_n59240_uncorr-similar-weights_01.ttp: 705.0 5408974.0 4666920.0 927350 1256991.779493794 1939247.838498467 522231
rl11849_n59240_uncorr-similar-weights_01.ttp: 718.0 5408961.0 4668122.0 928801 1262066.3131413544 1929438.100483261 528444
rl11849_n59240_uncorr-similar-weights_01.ttp: 772.0 5408907.0 4678817.0 927343 1266939.4333653366 1929558.4295972195 524433
rl11849_n59240_uncorr-similar-weights_01.ttp: 642.0 5409037.0 4673855.0 927931 1261166.8650945278 1937122.9027448748 528041
rl11849_n59240_uncorr-similar-weights_01.ttp: 769.0 5408910.0 4674846.0 927761 1264710.7641810488 1930423.6417271239 523997
rl11849_n59240_uncorr-similar-weights_01.ttp: 792.0 5408887.0 4670082.0 927619 1270546.0683970377 1912997.031578428 518432
rl11849_n59240_uncorr-similar-weights_01.ttp: 563.0 5409116.0 4667868.0 928743 1262139.630906973 1929025.0009318688 519597
rl11849_n59240_uncorr-similar-weights_01.ttp: 1.0 5409678.0 4654414.0 928422 1262659.1649232234 1914443.612116605 466620
rl11849_n59240_uncorr-similar-weights_01.ttp: 788.0 5408891.0 4671839.0 928001 1263068.9078748724 1930979.469911527 523075
rl11849_n59240_uncorr-similar-weights_01.ttp: 772.0 5408907.0 4653481.0 927573 1251011.3854342492 1938786.2936076792 528341
rl11849_n59240_uncorr-similar-weights_01.ttp: 722.0 5408957.0 4665041.0 929342 1263636.3495752346 1922950.1214217409 523073
rl11849_n59240_uncorr-similar-weights_01.ttp: 785.0 5408894.0 4654264.0 928322 1258538.0754036473 1923236.3763740854 526238
rl11849_n59240_uncorr-similar-weights_01.ttp: 574.0 5409105.0 4663416.0 927345 1262387.7903822276 1924034.4948705663 514650
rl11849_n59240_uncorr-similar-weights_01.ttp: 827.0 5408852.0 4669429.0 927982 1259861.6085034267 1935529.309547564 526633
rl11849_n59240_uncorr-similar-weights_01.ttp: 710.0 5408969.0 4668796.0 928114 1266428.6388572808 1920645.8536797008 521310
rl11849_n59240_uncorr-similar-weights_01.ttp: 786.0 5408893.0 4664507.0 928713 1262865.9622983641 1924087.86181255 519420
rl11849_n59240_uncorr-similar-weights_01.ttp: 651.0 5409028.0 4673924.0 928456 1261237.307806398 1937039.0420601163 531074
rl11849_n59240_uncorr-similar-weights_01.ttp: 750.0 5408929.0 4671121.0 928512 1255192.0799568645 1947354.186493604 526941
rl11849_n59240_uncorr-similar-weights_01.ttp: 950.0 5408729.0 4654640.0 928599 1270648.1778876132 1897333.4539838796 521432
rl11849_n59240_uncorr-similar-weights_01.ttp: 825.0 5408854.0 4675415.0 927470 1265453.0359441245 1929381.9120012498 530109
rl11849_n59240_uncorr-similar-weights_01.ttp: 853.0 5408826.0 4660200.0 928927 1261704.239395215 1922301.8005123837 531721
Instance :rl11849_n59240_bounded-strongly-corr_01.ttp
RESULTS FOR heuristics : 20
rl11849_n59240_bounded-strongly-corr_01.ttp: 50.0 5098140.0 7757840.0 928559 1184493.7948368026 3481817.400639143 74212
rl11849_n59240_bounded-strongly-corr_01.ttp: 37.0 5098153.0 7762453.0 928942 1183728.4844263028 3489193.1712210467 74912
rl11849_n59240_bounded-strongly-corr_01.ttp: 11.0 5098179.0 7763579.0 928404 1191488.1945625404 3462306.617629229 74229
rl11849_n59240_bounded-strongly-corr_01.ttp: 41.0 5098149.0 7758849.0 928474 1181542.5496579832 3493480.395734681 73400
rl11849_n59240_bounded-strongly-corr_01.ttp: 27.0 5098163.0 7766163.0 927774 1190753.862739908 3467541.555508932 74204
rl11849_n59240_bounded-strongly-corr_01.ttp: 26.0 5098164.0 7763464.0 928008 1190854.8926337496 3464477.837592164 73809
rl11849_n59240_bounded-strongly-corr_01.ttp: 29.0 5098161.0 7765461.0 928394 1190661.012468219 3467174.7449897295 73920
rl11849_n59240_bounded-strongly-corr_01.ttp: 6.0 5098184.0 7762784.0 929224 1177329.6173269013 3512624.081449887 73767
rl11849_n59240_bounded-strongly-corr_01.ttp: 39.0 5098151.0 7767651.0 927216 1186484.4469332318 3484442.1465710336 73541
rl11849_n59240_bounded-strongly-corr_01.ttp: 23.0 5098167.0 7762567.0 928408 1181756.327242432 3496426.658654821 74438
rl11849_n59240_bounded-strongly-corr_01.ttp: 22.0 5098168.0 7752468.0 928019 1186026.3961519054 3470912.709891622 74052
rl11849_n59240_bounded-strongly-corr_01.ttp: 18.0 5098172.0 7767672.0 927407 1189866.7934724635 3472252.8755644066 73740
rl11849_n59240_bounded-strongly-corr_01.ttp: 11.0 5098179.0 7748079.0 928235 1188979.6695414926 3455862.392955212 74225
rl11849_n59240_bounded-strongly-corr_01.ttp: 94.0 5098096.0 7741996.0 927917 1175485.0077835622 3498495.121901341 73806
rl11849_n59240_bounded-strongly-corr_01.ttp: 11.0 5098179.0 7752479.0 927213 1182609.1281082246 3483260.047529309 73757
rl11849_n59240_bounded-strongly-corr_01.ttp: 22.0 5098168.0 7765168.0 928606 1189541.3741860082 3470923.6391885104 74449
rl11849_n59240_bounded-strongly-corr_01.ttp: 31.0 5098159.0 7753459.0 928925 1194447.7558512324 3441502.6013770513 74107
rl11849_n59240_bounded-strongly-corr_01.ttp: 30.0 5098160.0 7760360.0 927581 1186849.6507729199 3475832.76070976 74049
rl11849_n59240_bounded-strongly-corr_01.ttp: 20.0 5098170.0 7755370.0 927397 1189033.756494838 3462958.1390536344 73936
rl11849_n59240_bounded-strongly-corr_01.ttp: 13.0 5098177.0 7738477.0 927740 1193646.4290903008 3429413.3909840146 73719
rl11849_n59240_bounded-strongly-corr_01.ttp: 36.0 5098154.0 7751054.0 927531 1187880.7710123016 3462804.416645591 73589
rl11849_n59240_bounded-strongly-corr_01.ttp: 47.0 5098143.0 7784143.0 928554 1196723.3088875802 3463971.854915836 73987
rl11849_n59240_bounded-strongly-corr_01.ttp: 1.0 5098189.0 7752489.0 927890 1185584.5692083435 3472528.7051578797 73666
rl11849_n59240_bounded-strongly-corr_01.ttp: 33.0 5098157.0 7743457.0 928239 1190474.7091086206 3445843.300117879 74240
rl11849_n59240_bounded-strongly-corr_01.ttp: 37.0 5098153.0 7743553.0 928121 1189505.7070960547 3449437.397383243 74286
rl11849_n59240_bounded-strongly-corr_01.ttp: 0.0 5098190.0 7740990.0 928222 1185907.8930598847 3459862.5060538165 73815
rl11849_n59240_bounded-strongly-corr_01.ttp: 36.0 5098154.0 7778354.0 927880 1195802.8003300622 3461505.890808476 73946
rl11849_n59240_bounded-strongly-corr_01.ttp: 49.0 5098141.0 7767841.0 927542 1190350.4644322 3470675.823399758 73684
rl11849_n59240_bounded-strongly-corr_01.ttp: 2.0 5098188.0 7753088.0 927914 1184600.8671036223 3476678.8697559237 73819
rl11849_n59240_bounded-strongly-corr_01.ttp: 64.0 5098126.0 7764926.0 927997 1186620.4222281668 3481226.275756318 74321
RESULTS FOR heuristics : 24
rl11849_n59240_bounded-strongly-corr_01.ttp: 11.0 5098179.0 7769479.0 928183 1189741.027838447 3474513.889503207 476344
rl11849_n59240_bounded-strongly-corr_01.ttp: 27.0 5098163.0 7773163.0 928174 1188676.1052151287 3482042.260173385 477818
rl11849_n59240_bounded-strongly-corr_01.ttp: 8.0 5098182.0 7772482.0 928353 1178417.4137038582 3518395.136529072 477935
rl11849_n59240_bounded-strongly-corr_01.ttp: 22.0 5098168.0 7768068.0 928349 1186285.885128542 3485575.9546859637 477232
rl11849_n59240_bounded-strongly-corr_01.ttp: 53.0 5098137.0 7765637.0 928939 1182827.3306144893 3495630.336481694 476083
rl11849_n59240_bounded-strongly-corr_01.ttp: 23.0 5098167.0 7774467.0 927770 1182721.8515592928 3504841.1158709535 477908
rl11849_n59240_bounded-strongly-corr_01.ttp: 23.0 5098167.0 7749767.0 928512 1178148.5016159758 3496650.9091663277 477796
rl11849_n59240_bounded-strongly-corr_01.ttp: 71.0 5098119.0 7757019.0 928944 1181359.4426702387 3492311.411960439 477497
rl11849_n59240_bounded-strongly-corr_01.ttp: 23.0 5098167.0 7759067.0 928096 1182419.948734157 3490530.985069693 478113
rl11849_n59240_bounded-strongly-corr_01.ttp: 50.0 5098140.0 7746640.0 927543 1177213.7450700281 3496898.380297199 477589
rl11849_n59240_bounded-strongly-corr_01.ttp: 21.0 5098169.0 7771169.0 927650 1185311.002314345 3492196.281645215 478584
rl11849_n59240_bounded-strongly-corr_01.ttp: 23.0 5098167.0 7766167.0 928840 1180489.883743057 3504598.519687564 477321
rl11849_n59240_bounded-strongly-corr_01.ttp: 21.0 5098169.0 7771169.0 927957 1187129.9922871022 3485629.727843561 475750
rl11849_n59240_bounded-strongly-corr_01.ttp: 3.0 5098187.0 7767787.0 927896 1182262.1792844408 3499820.5327831684 476853
rl11849_n59240_bounded-strongly-corr_01.ttp: 38.0 5098152.0 7742952.0 929387 1177765.9163041252 3491217.042142108 478186
rl11849_n59240_bounded-strongly-corr_01.ttp: 52.0 5098138.0 7747938.0 927699 1181417.4164592647 3483021.1265820544 479217
rl11849_n59240_bounded-strongly-corr_01.ttp: 16.0 5098174.0 7741074.0 927962 1172812.7104500157 3507220.1152754435 476796
rl11849_n59240_bounded-strongly-corr_01.ttp: 77.0 5098113.0 7732213.0 927388 1176302.7051425437 3485760.2344354177 477728
rl11849_n59240_bounded-strongly-corr_01.ttp: 22.0 5098168.0 7742668.0 929082 1176457.8551881409 3495655.142770812 477509
rl11849_n59240_bounded-strongly-corr_01.ttp: 76.0 5098114.0 7749414.0 928085 1181297.8011745077 3484928.937760027 477053
rl11849_n59240_bounded-strongly-corr_01.ttp: 29.0 5098161.0 7759561.0 927245 1184090.0645180664 3484995.867089781 475649
rl11849_n59240_bounded-strongly-corr_01.ttp: 17.0 5098173.0 7759673.0 927985 1178076.0398552106 3506818.49612269 475617
rl11849_n59240_bounded-strongly-corr_01.ttp: 36.0 5098154.0 7774554.0 928740 1189151.1884151306 3481718.209821379 477380
rl11849_n59240_bounded-strongly-corr_01.ttp: 35.0 5098155.0 7774255.0 928074 1186420.420049591 3491277.283620977 477098
rl11849_n59240_bounded-strongly-corr_01.ttp: 8.0 5098182.0 7760182.0 928580 1177896.6239198106 3507975.187649484 477052
rl11849_n59240_bounded-strongly-corr_01.ttp: 9.0 5098181.0 7764381.0 928705 1187147.149766426 3478779.7893432025 478476
rl11849_n59240_bounded-strongly-corr_01.ttp: 36.0 5098154.0 7766454.0 928904 1179678.130110502 3507815.9503010875 478319
rl11849_n59240_bounded-strongly-corr_01.ttp: 0.0 5098190.0 7754990.0 927887 1177159.5871211456 3505443.8904926647 476564
rl11849_n59240_bounded-strongly-corr_01.ttp: 38.0 5098152.0 7757552.0 927966 1182379.9125353012 3489160.515747563 477556
rl11849_n59240_bounded-strongly-corr_01.ttp: 45.0 5098145.0 7747845.0 927141 1181791.7580592944 3481576.7534059472 477885
