enter number of instance to run
Enter TTP instance file:
Enter TTP instance file:
Enter TTP instance file:
Instance :pcb3038_n30370_uncorr_01.ttp
RESULTS FOR heuristics : 20
pcb3038_n30370_uncorr_01.ttp: 73109.0 1305096.0 4671375.0 140278 205212.71447542237 1560350.2485525967 38592
pcb3038_n30370_uncorr_01.ttp: 73619.0 1304586.0 4654253.0 140309 203616.9514271521 1567420.0163643742 36651
pcb3038_n30370_uncorr_01.ttp: 82905.0 1295300.0 4640987.0 140185 203036.5305273098 1562953.197205983 38719
pcb3038_n30370_uncorr_01.ttp: 69982.0 1308223.0 4671842.0 140114 203792.99627504952 1582340.1764702494 38396
pcb3038_n30370_uncorr_01.ttp: 73500.0 1304705.0 4667639.0 140277 204226.58475261164 1571563.9751504073 38127
pcb3038_n30370_uncorr_01.ttp: 66693.0 1311512.0 4651073.0 140342 203674.6348570524 1563365.5355670853 37528
pcb3038_n30370_uncorr_01.ttp: 65213.0 1312992.0 4687697.0 140074 203531.06005945528 1602166.1294986578 37885
pcb3038_n30370_uncorr_01.ttp: 68871.0 1309334.0 4683221.0 140213 203987.33594667207 1590772.9870484513 37830
pcb3038_n30370_uncorr_01.ttp: 67775.0 1310430.0 4663698.0 140013 204655.46569282902 1561121.140096712 37848
pcb3038_n30370_uncorr_01.ttp: 70959.0 1307246.0 4677006.0 140277 205717.7249595832 1558325.2896127189 37539
pcb3038_n30370_uncorr_01.ttp: 69257.0 1308948.0 4672873.0 140156 203347.57522075437 1590123.7596533638 36590
pcb3038_n30370_uncorr_01.ttp: 66711.0 1311494.0 4674219.0 140289 202091.15398761898 1610517.1055476964 37729
pcb3038_n30370_uncorr_01.ttp: 73480.0 1304725.0 4670006.0 140153 204993.71406571235 1562301.2947638007 37630
pcb3038_n30370_uncorr_01.ttp: 65145.0 1313060.0 4673292.0 140044 203289.6889883234 1591420.314937017 38526
pcb3038_n30370_uncorr_01.ttp: 69085.0 1309120.0 4664673.0 140185 204787.23986362191 1560098.443667492 37687
pcb3038_n30370_uncorr_01.ttp: 71257.0 1306948.0 4674013.0 140104 203405.6479024285 1590383.377799184 38179
pcb3038_n30370_uncorr_01.ttp: 63631.0 1314574.0 4639166.0 140082 203123.00234705769 1559821.2844186053 36670
pcb3038_n30370_uncorr_01.ttp: 52216.0 1325989.0 4721465.0 140221 205482.46992924274 1606350.7558726799 38043
pcb3038_n30370_uncorr_01.ttp: 56527.0 1321678.0 4626483.0 140128 200913.40668841838 1580635.7546035773 37369
pcb3038_n30370_uncorr_01.ttp: 83756.0 1294449.0 4647122.0 140227 203799.20060364855 1557526.118848688 37139
pcb3038_n30370_uncorr_01.ttp: 77452.0 1300753.0 4653433.0 140217 203836.12832980702 1563277.2945201257 37627
pcb3038_n30370_uncorr_01.ttp: 69476.0 1308729.0 4670272.0 140206 205024.3537357088 1562102.7973666545 38384
pcb3038_n30370_uncorr_01.ttp: 67928.0 1310277.0 4671140.0 140101 202920.2273636402 1594869.3531672144 38833
pcb3038_n30370_uncorr_01.ttp: 66840.0 1311365.0 4673513.0 140061 204984.48374450486 1565948.2264333065 37608
pcb3038_n30370_uncorr_01.ttp: 67154.0 1311051.0 4679203.0 140188 202155.78238416577 1614521.3390560471 37575
pcb3038_n30370_uncorr_01.ttp: 67993.0 1310212.0 4673998.0 140210 204542.58375518848 1573132.4302713429 37215
pcb3038_n30370_uncorr_01.ttp: 64823.0 1313382.0 4669587.0 140035 204818.14853407646 1564543.8682234008 37531
pcb3038_n30370_uncorr_01.ttp: 71361.0 1306844.0 4668193.0 140151 204832.77423523657 1562928.1425938136 37376
pcb3038_n30370_uncorr_01.ttp: 66843.0 1311362.0 4657639.0 140068 203520.07832520775 1572274.6125898506 37275
pcb3038_n30370_uncorr_01.ttp: 69031.0 1309174.0 4676206.0 140148 203954.1321111717 1584261.357194637 37844
RESULTS FOR heuristics : 24
pcb3038_n30370_uncorr_01.ttp: 66662.0 1311543.0 4677887.0 140103 202527.45076225276 1607570.8464442482 543505
pcb3038_n30370_uncorr_01.ttp: 53601.0 1324604.0 4728291.0 140110 205381.03536876303 1614714.5038095526 545219
pcb3038_n30370_uncorr_01.ttp: 69031.0 1309174.0 4670935.0 140054 202133.82486108923 1606586.215105887 543830
pcb3038_n30370_uncorr_01.ttp: 1.0 1378204.0 4706488.0 140123 204056.12522324017 1612997.141615679 544758
pcb3038_n30370_uncorr_01.ttp: 50859.0 1327346.0 4723538.0 140010 204693.42479176872 1620385.680156786 546368
pcb3038_n30370_uncorr_01.ttp: 54118.0 1324087.0 4718207.0 140184 205025.4830713556 1610020.6766382493 546016
pcb3038_n30370_uncorr_01.ttp: 69604.0 1308601.0 4680720.0 140003 202377.10960650034 1612683.0183654549 544806
pcb3038_n30370_uncorr_01.ttp: 68828.0 1309377.0 4684286.0 140032 203325.27067990214 1601874.8964926833 544904
pcb3038_n30370_uncorr_01.ttp: 52669.0 1325536.0 4721617.0 140137 204909.99445322485 1615181.4840891114 544648
pcb3038_n30370_uncorr_01.ttp: 54159.0 1324046.0 4726104.0 140039 205139.2529174356 1616192.9257716765 541114
pcb3038_n30370_uncorr_01.ttp: 70758.0 1307447.0 4675460.0 140100 202131.84532735948 1611141.22483723 546184
pcb3038_n30370_uncorr_01.ttp: 52520.0 1325685.0 4721569.0 140033 204593.93290849766 1619924.9771071756 540103
pcb3038_n30370_uncorr_01.ttp: 55783.0 1322422.0 4722531.0 140180 205548.2370131555 1606419.7268805625 542393
pcb3038_n30370_uncorr_01.ttp: 52123.0 1326082.0 4711555.0 140127 205352.1132543798 1598416.9630636023 544575
pcb3038_n30370_uncorr_01.ttp: 67062.0 1311143.0 4676453.0 140137 202121.08069273425 1612297.416698149 545016
pcb3038_n30370_uncorr_01.ttp: 51604.0 1326601.0 4726761.0 140158 205475.99633845544 1611744.8955090153 543353
pcb3038_n30370_uncorr_01.ttp: 49418.0 1328787.0 4721587.0 140156 205195.89944199994 1610817.1644592811 541883
pcb3038_n30370_uncorr_01.ttp: 55595.0 1322610.0 4721961.0 140156 205086.8575352112 1612844.2397661982 546699
pcb3038_n30370_uncorr_01.ttp: 66416.0 1311789.0 4671361.0 140198 202160.89589636546 1606601.8182110996 545213
pcb3038_n30370_uncorr_01.ttp: 4.0 1378201.0 4690165.0 140057 203215.25628262878 1609421.714755348 545299
pcb3038_n30370_uncorr_01.ttp: 68949.0 1309256.0 4677139.0 140085 202091.10090761862 1613437.9102405016 544467
pcb3038_n30370_uncorr_01.ttp: 51027.0 1327178.0 4728861.0 140112 205612.9436925645 1611768.7736207223 547242
pcb3038_n30370_uncorr_01.ttp: 65467.0 1312738.0 4683531.0 140054 202315.0052279896 1616435.5207436774 544140
pcb3038_n30370_uncorr_01.ttp: 67296.0 1310909.0 4683502.0 140087 202433.56302877457 1614609.1844837773 542435
pcb3038_n30370_uncorr_01.ttp: 64940.0 1313265.0 4679601.0 140068 202373.05499089241 1611625.486338071 543359
pcb3038_n30370_uncorr_01.ttp: 69531.0 1308674.0 4673522.0 140143 202807.0090845298 1598967.7422785284 544263
pcb3038_n30370_uncorr_01.ttp: 51676.0 1326529.0 4722134.0 140319 205348.25030510733 1609054.5253745727 538987
pcb3038_n30370_uncorr_01.ttp: 67247.0 1310958.0 4675682.0 140320 202580.00325703033 1604569.1506234203 544568
pcb3038_n30370_uncorr_01.ttp: 66589.0 1311616.0 4675992.0 140038 202900.698607347 1600017.4091126192 541627
pcb3038_n30370_uncorr_01.ttp: 66218.0 1311987.0 4676445.0 140280 202488.79186008847 1606714.9154010587 540675
Instance :pcb3038_n30370_uncorr-similar-weights_01.ttp
RESULTS FOR heuristics : 20
pcb3038_n30370_uncorr-similar-weights_01.ttp: 157.0 2773169.0 2376912.0 140228 192925.56574307798 974343.137047823 25043
pcb3038_n30370_uncorr-similar-weights_01.ttp: 21.0 2773305.0 2384120.0 140128 190247.75012601135 1001018.8565838975 25913
pcb3038_n30370_uncorr-similar-weights_01.ttp: 959.0 2772367.0 2390593.0 140313 191139.07783558549 1001011.9041352936 26392
pcb3038_n30370_uncorr-similar-weights_01.ttp: 28.0 2773298.0 2393769.0 140267 191764.75544610276 999639.2279068329 27674
pcb3038_n30370_uncorr-similar-weights_01.ttp: 71.0 2773255.0 2379077.0 140312 192850.44523864106 977054.2631150796 27435
pcb3038_n30370_uncorr-similar-weights_01.ttp: 156.0 2773170.0 2383434.0 140125 192855.14847792714 981377.0705654698 26794
pcb3038_n30370_uncorr-similar-weights_01.ttp: 54.0 2773272.0 2396316.0 140301 191924.07958764012 1001027.9413978565 27969
pcb3038_n30370_uncorr-similar-weights_01.ttp: 50.0 2773276.0 2397580.0 140240 191717.529260742 1003793.5622744057 27969
pcb3038_n30370_uncorr-similar-weights_01.ttp: 210.0 2773116.0 2384208.0 140061 192750.2666215087 982913.5616616318 26920
pcb3038_n30370_uncorr-similar-weights_01.ttp: 158.0 2773168.0 2388398.0 140269 193121.96107341375 984401.342996282 28467
pcb3038_n30370_uncorr-similar-weights_01.ttp: 67.0 2773259.0 2394458.0 140147 191360.91333233673 1003264.160073912 27878
pcb3038_n30370_uncorr-similar-weights_01.ttp: 207.0 2773119.0 2382887.0 140152 193250.9160924024 977952.8400082346 27198
pcb3038_n30370_uncorr-similar-weights_01.ttp: 179.0 2773147.0 2378669.0 140147 192759.18689065482 977309.7113049396 27695
pcb3038_n30370_uncorr-similar-weights_01.ttp: 123.0 2773203.0 2386626.0 140119 192833.48465719583 984726.5665421863 27325
pcb3038_n30370_uncorr-similar-weights_01.ttp: 39.0 2773287.0 2392639.0 140367 191313.21225107298 1001791.9469346995 25824
pcb3038_n30370_uncorr-similar-weights_01.ttp: 167.0 2773159.0 2389285.0 140107 192906.28338779302 986856.3197707448 25621
pcb3038_n30370_uncorr-similar-weights_01.ttp: 89.0 2773237.0 2395027.0 140271 191269.60499024967 1004496.971720885 26931
pcb3038_n30370_uncorr-similar-weights_01.ttp: 72.0 2773254.0 2392526.0 140279 190882.78540828667 1004808.1500817561 25593
pcb3038_n30370_uncorr-similar-weights_01.ttp: 191.0 2773135.0 2379703.0 140022 191614.8991156512 986662.6834292158 27969
pcb3038_n30370_uncorr-similar-weights_01.ttp: 145.0 2773181.0 2377633.0 140202 192695.74185383768 976734.9567226002 27401
pcb3038_n30370_uncorr-similar-weights_01.ttp: 87.0 2773239.0 2394365.0 140157 191507.6472919503 1002104.4041875214 26437
pcb3038_n30370_uncorr-similar-weights_01.ttp: 26.0 2773300.0 2389370.0 140316 191448.71072924012 997537.8729984243 26246
pcb3038_n30370_uncorr-similar-weights_01.ttp: 55.0 2773271.0 2375111.0 140315 192654.99813321733 974509.16357151 27899
pcb3038_n30370_uncorr-similar-weights_01.ttp: 19.0 2773307.0 2382369.0 140059 193163.1384852704 978072.9832120843 26846
pcb3038_n30370_uncorr-similar-weights_01.ttp: 78.0 2773248.0 2394481.0 140408 191674.7655771726 1001005.4542539553 26506
pcb3038_n30370_uncorr-similar-weights_01.ttp: 11.0 2773315.0 2400872.0 140310 192868.5230136226 998717.8376909639 25276
pcb3038_n30370_uncorr-similar-weights_01.ttp: 840.0 2772486.0 2392897.0 140304 192027.08964158982 996860.0583056421 25938
pcb3038_n30370_uncorr-similar-weights_01.ttp: 122.0 2773204.0 2397579.0 140211 192267.81708668295 999791.9697798151 25208
pcb3038_n30370_uncorr-similar-weights_01.ttp: 46.0 2773280.0 2384371.0 140137 192916.19113830026 981870.2904245572 26472
pcb3038_n30370_uncorr-similar-weights_01.ttp: 11.0 2773315.0 2394136.0 140095 191794.77258166877 999788.0033312682 26936
RESULTS FOR heuristics : 24
pcb3038_n30370_uncorr-similar-weights_01.ttp: 31.0 2773295.0 2395962.0 140261 191021.19439837182 1007237.9167238369 551914
pcb3038_n30370_uncorr-similar-weights_01.ttp: 170.0 2773156.0 2394818.0 140141 190557.33194965875 1009466.1967259811 560155
pcb3038_n30370_uncorr-similar-weights_01.ttp: 56.0 2773270.0 2393869.0 140207 190462.50009417947 1009206.6243153154 555396
pcb3038_n30370_uncorr-similar-weights_01.ttp: 984.0 2772342.0 2397088.0 140149 190497.16508494905 1012173.6098324205 553861
pcb3038_n30370_uncorr-similar-weights_01.ttp: 59.0 2773267.0 2397030.0 140064 191031.1098498385 1008233.831391674 568946
pcb3038_n30370_uncorr-similar-weights_01.ttp: 47.0 2773279.0 2399152.0 140174 190968.30813029947 1010812.399892723 571222
pcb3038_n30370_uncorr-similar-weights_01.ttp: 103.0 2773223.0 2394655.0 140031 190329.6692425516 1010958.3046066498 557378
pcb3038_n30370_uncorr-similar-weights_01.ttp: 12.0 2773314.0 2389774.0 140132 190379.0284878334 1005718.4628934513 554147
pcb3038_n30370_uncorr-similar-weights_01.ttp: 197.0 2773129.0 2393602.0 140288 190516.91456937828 1008544.0310806199 552058
pcb3038_n30370_uncorr-similar-weights_01.ttp: 31.0 2773295.0 2395683.0 140286 190934.63321551445 1007588.21652321 572064
pcb3038_n30370_uncorr-similar-weights_01.ttp: 111.0 2773215.0 2394441.0 140143 190157.98677288526 1011992.4361611244 557936
pcb3038_n30370_uncorr-similar-weights_01.ttp: 66.0 2773260.0 2399361.0 140214 191970.22819927908 1003737.4409912413 573265
pcb3038_n30370_uncorr-similar-weights_01.ttp: 101.0 2773225.0 2394477.0 140236 190780.8750068705 1007500.0387000514 579271
pcb3038_n30370_uncorr-similar-weights_01.ttp: 0.0 2773326.0 2399615.0 140174 191248.28388348134 1009239.9761670907 555891
pcb3038_n30370_uncorr-similar-weights_01.ttp: 10.0 2773316.0 2387424.0 140249 189648.38454430873 1008680.2443628756 554068
pcb3038_n30370_uncorr-similar-weights_01.ttp: 213.0 2773113.0 2396306.0 140321 191027.85628515092 1007533.484806953 568827
pcb3038_n30370_uncorr-similar-weights_01.ttp: 52.0 2773274.0 2396918.0 140261 191036.36459901318 1008083.6293651743 555574
pcb3038_n30370_uncorr-similar-weights_01.ttp: 11.0 2773315.0 2399119.0 140287 191303.41457345895 1008343.1760509536 573379
pcb3038_n30370_uncorr-similar-weights_01.ttp: 113.0 2773213.0 2399496.0 140113 191203.82998341692 1009444.1560205591 550884
pcb3038_n30370_uncorr-similar-weights_01.ttp: 1.0 2773325.0 2397590.0 140206 190671.41262809094 1011408.830193779 576057
pcb3038_n30370_uncorr-similar-weights_01.ttp: 77.0 2773249.0 2398217.0 140274 191099.33472055392 1008924.8365815731 551296
pcb3038_n30370_uncorr-similar-weights_01.ttp: 40.0 2773286.0 2401939.0 140217 191453.88562125445 1010069.2515334801 555361
pcb3038_n30370_uncorr-similar-weights_01.ttp: 144.0 2773182.0 2398243.0 140053 191320.7550124115 1007341.1110597684 553245
pcb3038_n30370_uncorr-similar-weights_01.ttp: 979.0 2772347.0 2395036.0 140172 190690.11125529287 1008718.891174021 553553
pcb3038_n30370_uncorr-similar-weights_01.ttp: 32.0 2773294.0 2397909.0 140228 190843.5844944541 1010476.1407253188 551916
pcb3038_n30370_uncorr-similar-weights_01.ttp: 230.0 2773096.0 2397349.0 140053 191085.06105596366 1008160.6061231443 570794
pcb3038_n30370_uncorr-similar-weights_01.ttp: 29.0 2773297.0 2395222.0 140126 190766.04568191723 1008352.8478924618 555900
pcb3038_n30370_uncorr-similar-weights_01.ttp: 965.0 2772361.0 2399617.0 140267 191226.3884243584 1009401.1561549145 569357
pcb3038_n30370_uncorr-similar-weights_01.ttp: 27.0 2773299.0 2399390.0 140098 190690.94538989157 1013066.8270154884 554080
pcb3038_n30370_uncorr-similar-weights_01.ttp: 5.0 2773321.0 2396089.0 140129 191048.76260478565 1007164.4958632085 572585
Instance :pcb3038_n30370_bounded-strongly-corr_01.ttp
RESULTS FOR heuristics : 20
pcb3038_n30370_bounded-strongly-corr_01.ttp: 70.0 2618428.0 3983928.0 140082 178504.43012367544 1720491.8260317957 27076
pcb3038_n30370_bounded-strongly-corr_01.ttp: 28.0 2618470.0 3984070.0 140020 178192.56076131942 1724588.3295464697 27828
pcb3038_n30370_bounded-strongly-corr_01.ttp: 11.0 2618487.0 3998287.0 140096 179592.2590901583 1721057.1547367927 26699
pcb3038_n30370_bounded-strongly-corr_01.ttp: 30.0 2618468.0 3987868.0 140275 178967.37408079792 1718561.6966554825 27955
pcb3038_n30370_bounded-strongly-corr_01.ttp: 0.0 2618498.0 3991298.0 140071 178611.88960490422 1726499.2398098144 28491
pcb3038_n30370_bounded-strongly-corr_01.ttp: 3.0 2618495.0 3978495.0 140222 179098.4587450862 1707526.5431123073 27288
pcb3038_n30370_bounded-strongly-corr_01.ttp: 28.0 2618470.0 3986170.0 140155 178831.0304986125 1718592.5332775936 26376
pcb3038_n30370_bounded-strongly-corr_01.ttp: 9.0 2618489.0 3978789.0 140158 179113.78836001118 1707626.1635950585 28653
pcb3038_n30370_bounded-strongly-corr_01.ttp: 14.0 2618484.0 3973384.0 140113 178406.03109930735 1711195.525660783 26516
pcb3038_n30370_bounded-strongly-corr_01.ttp: 83.0 2618415.0 3985815.0 140138 179385.10999964926 1711211.8052044474 26502
pcb3038_n30370_bounded-strongly-corr_01.ttp: 22.0 2618476.0 3995776.0 140238 179632.94839602776 1718030.2143383683 28783
pcb3038_n30370_bounded-strongly-corr_01.ttp: 15.0 2618483.0 3963383.0 140307 178251.06939780206 1703159.4400358698 26698
pcb3038_n30370_bounded-strongly-corr_01.ttp: 37.0 2618461.0 3971361.0 140153 177755.18842938775 1717425.2107153633 30194
pcb3038_n30370_bounded-strongly-corr_01.ttp: 10.0 2618488.0 3981388.0 140154 178250.5030195987 1721171.6217114888 27485
pcb3038_n30370_bounded-strongly-corr_01.ttp: 12.0 2618486.0 3994586.0 140029 180085.91838962387 1711096.5548195695 31476
pcb3038_n30370_bounded-strongly-corr_01.ttp: 18.0 2618480.0 3974980.0 140219 177987.6847840142 1718096.1569387 27243
pcb3038_n30370_bounded-strongly-corr_01.ttp: 0.0 2618498.0 3969398.0 139991 177959.81496311023 1712867.5462677623 32834
pcb3038_n30370_bounded-strongly-corr_01.ttp: 9.0 2618489.0 3985289.0 140254 178644.07106045235 1720082.1789534641 26354
pcb3038_n30370_bounded-strongly-corr_01.ttp: 33.0 2618465.0 3982565.0 140295 180177.98915043153 1697908.0975725283 26693
pcb3038_n30370_bounded-strongly-corr_01.ttp: 0.0 2618498.0 3983398.0 140139 178212.64244893327 1723661.693747526 29604
pcb3038_n30370_bounded-strongly-corr_01.ttp: 41.0 2618457.0 3969657.0 140170 177657.17569526925 1716964.0121839861 28624
pcb3038_n30370_bounded-strongly-corr_01.ttp: 12.0 2618486.0 3985786.0 140187 178404.37581788824 1723618.5146291773 27324
pcb3038_n30370_bounded-strongly-corr_01.ttp: 17.0 2618481.0 3980381.0 140065 179686.2319033806 1701959.579465134 27494
pcb3038_n30370_bounded-strongly-corr_01.ttp: 93.0 2618405.0 3964905.0 140228 177218.82380124994 1717770.3142001508 27857
pcb3038_n30370_bounded-strongly-corr_01.ttp: 6.0 2618492.0 3979592.0 140071 178426.6532162976 1717142.0372173465 26608
pcb3038_n30370_bounded-strongly-corr_01.ttp: 5.0 2618493.0 3970193.0 140104 178754.2790987105 1703588.7410283508 27814
pcb3038_n30370_bounded-strongly-corr_01.ttp: 118.0 2618380.0 3982180.0 140359 181014.33210167722 1686918.268950733 27350
pcb3038_n30370_bounded-strongly-corr_01.ttp: 23.0 2618475.0 3991675.0 140227 180208.35777807023 1706633.0233740695 27075
pcb3038_n30370_bounded-strongly-corr_01.ttp: 11.0 2618487.0 3980787.0 140196 177913.6091499392 1724842.4359787707 29462
pcb3038_n30370_bounded-strongly-corr_01.ttp: 7.0 2618491.0 3988391.0 140273 179818.07062062924 1708297.8645304213 27580
RESULTS FOR heuristics : 24
pcb3038_n30370_bounded-strongly-corr_01.ttp: 85.0 2618413.0 3996113.0 140087 179119.59320221076 1724876.5581959677 553924
pcb3038_n30370_bounded-strongly-corr_01.ttp: 19.0 2618479.0 3968779.0 140219 177036.0176838065 1723962.2957693334 556537
pcb3038_n30370_bounded-strongly-corr_01.ttp: 32.0 2618466.0 3998266.0 140324 179370.34061179782 1723850.0810424038 573414
pcb3038_n30370_bounded-strongly-corr_01.ttp: 38.0 2618460.0 3990860.0 140070 178569.79603253354 1726594.9863074748 558394
pcb3038_n30370_bounded-strongly-corr_01.ttp: 80.0 2618418.0 3982818.0 140239 178270.94640834178 1722342.3995422265 551199
pcb3038_n30370_bounded-strongly-corr_01.ttp: 14.0 2618484.0 3991684.0 140289 178978.63725985787 1722234.8795450022 550300
pcb3038_n30370_bounded-strongly-corr_01.ttp: 8.0 2618490.0 3995890.0 140029 178747.7172644021 1729368.9450873812 564938
pcb3038_n30370_bounded-strongly-corr_01.ttp: 61.0 2618437.0 3973337.0 139981 177166.09491858428 1726870.9164323513 559897
pcb3038_n30370_bounded-strongly-corr_01.ttp: 2.0 2618496.0 3997996.0 140190 179341.40766528572 1723946.9508041772 559572
pcb3038_n30370_bounded-strongly-corr_01.ttp: 3.0 2618495.0 3997295.0 140239 179246.0849429865 1724454.6429229314 551946
pcb3038_n30370_bounded-strongly-corr_01.ttp: 49.0 2618449.0 3993149.0 140218 178922.62245183482 1724410.1473107347 553545
pcb3038_n30370_bounded-strongly-corr_01.ttp: 58.0 2618440.0 3978140.0 140275 177863.86804182836 1722826.1532296166 555365
pcb3038_n30370_bounded-strongly-corr_01.ttp: 10.0 2618488.0 3988488.0 140161 178406.5944299044 1726292.3826288125 556610
pcb3038_n30370_bounded-strongly-corr_01.ttp: 7.0 2618491.0 3966991.0 140093 176647.6868830519 1727098.3303229017 548796
pcb3038_n30370_bounded-strongly-corr_01.ttp: 18.0 2618480.0 3991580.0 140121 178861.8993478253 1723611.1162695754 541673
pcb3038_n30370_bounded-strongly-corr_01.ttp: 42.0 2618456.0 3976756.0 139928 177487.42279607028 1726215.478945829 570474
pcb3038_n30370_bounded-strongly-corr_01.ttp: 38.0 2618460.0 3983160.0 140214 178139.58498581153 1724350.0623799097 561499
pcb3038_n30370_bounded-strongly-corr_01.ttp: 1.0 2618497.0 3989997.0 139980 178234.81579425232 1729979.5357288807 571748
pcb3038_n30370_bounded-strongly-corr_01.ttp: 24.0 2618474.0 3970174.0 140214 177044.49686706465 1725249.7797256205 552412
pcb3038_n30370_bounded-strongly-corr_01.ttp: 21.0 2618477.0 3989077.0 140035 178444.2641831958 1726403.7301570773 550790
pcb3038_n30370_bounded-strongly-corr_01.ttp: 13.0 2618485.0 3970685.0 140047 177255.57479421693 1723084.3116093297 563876
pcb3038_n30370_bounded-strongly-corr_01.ttp: 33.0 2618465.0 3977665.0 140219 177715.45845828645 1724232.9867489277 560354
pcb3038_n30370_bounded-strongly-corr_01.ttp: 6.0 2618492.0 3993592.0 139987 178503.03872241537 1730173.4689997733 564908
pcb3038_n30370_bounded-strongly-corr_01.ttp: 10.0 2618488.0 3987488.0 140188 178393.0211364327 1725464.491990033 559122
pcb3038_n30370_bounded-strongly-corr_01.ttp: 17.0 2618481.0 4000081.0 140112 179556.39857571592 1723305.8660599221 563682
pcb3038_n30370_bounded-strongly-corr_01.ttp: 57.0 2618441.0 3965941.0 139952 176600.29090176072 1726649.3113656742 556644
pcb3038_n30370_bounded-strongly-corr_01.ttp: 1.0 2618497.0 3986497.0 140143 177737.90162572288 1732780.407385834 548752
pcb3038_n30370_bounded-strongly-corr_01.ttp: 19.0 2618479.0 3993879.0 140029 178814.87629684416 1726506.3685560161 562733
pcb3038_n30370_bounded-strongly-corr_01.ttp: 37.0 2618461.0 3988161.0 140354 178570.67955943983 1723884.783186303 554179
pcb3038_n30370_bounded-strongly-corr_01.ttp: 22.0 2618476.0 3978576.0 139988 177542.35597230258 1727338.9262712034 541467
