enter number of instance to run
Enter TTP instance file:
Enter TTP instance file:
Enter TTP instance file:
Instance :pcb3038_n30370_uncorr_01.ttp
RESULTS FOR heuristics : 20
pcb3038_n30370_uncorr_01.ttp: 64379.0 1313826.0 4684248.0 140175 203483.08667086935 1599444.4060696205 17595
pcb3038_n30370_uncorr_01.ttp: 68332.0 1309873.0 4665183.0 140108 202542.24938308637 1594642.4993524104 15260
pcb3038_n30370_uncorr_01.ttp: 62840.0 1315365.0 4660719.0 140235 203846.6028195884 1570404.5012550396 15704
pcb3038_n30370_uncorr_01.ttp: 69874.0 1308331.0 4678484.0 140400 204265.54066162292 1581818.4035697966 16188
pcb3038_n30370_uncorr_01.ttp: 67134.0 1311071.0 4680232.0 140196 203941.60628742957 1588477.2486825674 15654
pcb3038_n30370_uncorr_01.ttp: 69346.0 1308859.0 4679926.0 140172 203602.89078433736 1593306.1757094455 15784
pcb3038_n30370_uncorr_01.ttp: 67464.0 1310741.0 4656001.0 140120 203611.977844056 1569243.415884111 15604
pcb3038_n30370_uncorr_01.ttp: 68251.0 1309954.0 4677913.0 140163 204786.3878354153 1573351.3604151038 15598
pcb3038_n30370_uncorr_01.ttp: 52531.0 1325674.0 4725022.0 140139 205803.2641028325 1605044.5162010593 15311
pcb3038_n30370_uncorr_01.ttp: 65782.0 1312423.0 4658949.0 140204 203517.24048744634 1573627.6342103137 14789
pcb3038_n30370_uncorr_01.ttp: 66248.0 1311957.0 4686123.0 140122 204156.75852533948 1591106.5407558535 15158
pcb3038_n30370_uncorr_01.ttp: 71830.0 1306375.0 4671148.0 140087 204378.56202607875 1572768.9996846463 14565
pcb3038_n30370_uncorr_01.ttp: 1.0 1378204.0 4708781.0 140042 205539.72766698134 1592798.7285685628 14602
pcb3038_n30370_uncorr_01.ttp: 67240.0 1310965.0 4658887.0 140143 203427.12916693505 1574931.721829265 14986
pcb3038_n30370_uncorr_01.ttp: 65982.0 1312223.0 4662584.0 140217 204321.70792543478 1565066.907850409 15016
pcb3038_n30370_uncorr_01.ttp: 64243.0 1313962.0 4685052.0 140086 204382.38031591097 1586615.1144107897 15826
pcb3038_n30370_uncorr_01.ttp: 67326.0 1310879.0 4673543.0 140249 203017.49042689652 1595797.845128249 15278
pcb3038_n30370_uncorr_01.ttp: 67557.0 1310648.0 4670822.0 140213 203893.15479200246 1579801.7733532428 16627
pcb3038_n30370_uncorr_01.ttp: 52723.0 1325482.0 4729975.0 140107 206484.96075842774 1599662.9949022355 15113
pcb3038_n30370_uncorr_01.ttp: 77625.0 1300580.0 4655526.0 140181 203842.1142817956 1565279.5474879788 15108
pcb3038_n30370_uncorr_01.ttp: 49485.0 1328720.0 4724107.0 140276 206418.45767130604 1594803.1817030003 14886
pcb3038_n30370_uncorr_01.ttp: 65877.0 1312328.0 4669015.0 140124 203945.41606069723 1577202.49251983 15726
pcb3038_n30370_uncorr_01.ttp: 66156.0 1312049.0 4671232.0 140167 203017.99045192203 1593479.264748862 16156
pcb3038_n30370_uncorr_01.ttp: 65710.0 1312495.0 4678089.0 140077 202459.69017206042 1608800.0969915641 15316
pcb3038_n30370_uncorr_01.ttp: 73494.0 1304711.0 4667843.0 140348 204694.58135055925 1564673.146725522 15527
pcb3038_n30370_uncorr_01.ttp: 70241.0 1307964.0 4671312.0 140160 204703.80046283387 1568002.3849834385 15423
pcb3038_n30370_uncorr_01.ttp: 66883.0 1311322.0 4683397.0 140134 202940.00218950145 1606826.5668071578 15720
pcb3038_n30370_uncorr_01.ttp: 83859.0 1294346.0 4647658.0 140094 203596.53203878464 1561134.5742920246 15360
pcb3038_n30370_uncorr_01.ttp: 66148.0 1312057.0 4681016.0 140098 202903.27879802036 1605002.2934220112 15781
pcb3038_n30370_uncorr_01.ttp: 66595.0 1311610.0 4666763.0 140134 204700.18109011176 1563508.2546739057 15306
RESULTS FOR heuristics : 24
pcb3038_n30370_uncorr_01.ttp: 65816.0 1312389.0 4672460.0 140058 201156.48888755753 1622927.628464628 591288
pcb3038_n30370_uncorr_01.ttp: 49261.0 1328944.0 4717839.0 140072 204620.45405668326 1615792.9165006815 588519
pcb3038_n30370_uncorr_01.ttp: 55954.0 1322251.0 4720630.0 140073 204462.86109087968 1620973.025862264 590725
pcb3038_n30370_uncorr_01.ttp: 55294.0 1322911.0 4723604.0 140050 204457.56253866575 1624027.351913827 588414
pcb3038_n30370_uncorr_01.ttp: 54925.0 1323280.0 4724063.0 140078 205137.76325433658 1614174.5090642576 589309
pcb3038_n30370_uncorr_01.ttp: 50949.0 1327256.0 4722416.0 140157 204793.19778407068 1617751.1215934884 590681
pcb3038_n30370_uncorr_01.ttp: 65865.0 1312340.0 4677078.0 140252 201497.09821619303 1622381.9910425139 587426
pcb3038_n30370_uncorr_01.ttp: 53867.0 1324338.0 4724389.0 140133 204745.9083337991 1620441.0296596056 593048
pcb3038_n30370_uncorr_01.ttp: 54266.0 1323939.0 4731603.0 140159 205280.23215657324 1619554.6805063495 591200
pcb3038_n30370_uncorr_01.ttp: 63504.0 1314701.0 4682004.0 140219 202434.06545445515 1613103.5677104597 592550
pcb3038_n30370_uncorr_01.ttp: 51511.0 1326694.0 4728219.0 140108 205212.5501779589 1617196.739302143 589416
pcb3038_n30370_uncorr_01.ttp: 51786.0 1326419.0 4724474.0 140327 205155.89174430128 1614310.6811563927 590895
pcb3038_n30370_uncorr_01.ttp: 53741.0 1324464.0 4721097.0 140170 204626.5925481734 1618957.8569696913 586917
pcb3038_n30370_uncorr_01.ttp: 54556.0 1323649.0 4727704.0 140109 205198.41091874987 1616896.090471752 591928
pcb3038_n30370_uncorr_01.ttp: 49288.0 1328917.0 4731844.0 140052 205269.9850526909 1619951.026601206 589006
pcb3038_n30370_uncorr_01.ttp: 64405.0 1313800.0 4681096.0 140247 201733.1476556608 1622821.4815401821 588782
pcb3038_n30370_uncorr_01.ttp: 53387.0 1324818.0 4721761.0 140157 204717.18557819468 1618248.4666345688 592702
pcb3038_n30370_uncorr_01.ttp: 52092.0 1326113.0 4721351.0 140141 204988.83551226015 1613720.2536341362 590107
pcb3038_n30370_uncorr_01.ttp: 4.0 1378201.0 4704742.0 140155 204202.27697600855 1609035.4810437104 589444
pcb3038_n30370_uncorr_01.ttp: 54245.0 1323960.0 4726257.0 140323 205155.87961206335 1616093.8650811198 588937
pcb3038_n30370_uncorr_01.ttp: 55065.0 1323140.0 4728706.0 139965 204839.08871105168 1623345.4151404565 590979
pcb3038_n30370_uncorr_01.ttp: 54931.0 1323274.0 4729741.0 139992 204938.18845172983 1622878.0630717757 590698
pcb3038_n30370_uncorr_01.ttp: 43885.0 1334320.0 4725899.0 140175 205065.3084099172 1617108.9245056552 587048
pcb3038_n30370_uncorr_01.ttp: 53170.0 1325035.0 4729733.0 140105 205121.16876806834 1620096.081476084 592148
pcb3038_n30370_uncorr_01.ttp: 52856.0 1325349.0 4717907.0 140013 204509.3030891311 1617545.9651687723 592505
pcb3038_n30370_uncorr_01.ttp: 54309.0 1323896.0 4719812.0 140119 204894.95761060677 1613604.4426232013 590016
pcb3038_n30370_uncorr_01.ttp: 49694.0 1328511.0 4723181.0 140153 204923.34785123702 1616543.0465752468 590429
pcb3038_n30370_uncorr_01.ttp: 66092.0 1312113.0 4674304.0 140169 201530.1828787551 1619106.4275580728 590868
pcb3038_n30370_uncorr_01.ttp: 54043.0 1324162.0 4716721.0 140050 204518.56380132056 1616219.5727719804 591866
pcb3038_n30370_uncorr_01.ttp: 64666.0 1313539.0 4679919.0 140310 202106.934931241 1615977.8664423865 591395
Instance :pcb3038_n30370_uncorr-similar-weights_01.ttp
RESULTS FOR heuristics : 20
pcb3038_n30370_uncorr-similar-weights_01.ttp: 207.0 2773119.0 2376084.0 140264 192391.49164603194 977397.8557333478 10843
pcb3038_n30370_uncorr-similar-weights_01.ttp: 146.0 2773180.0 2386136.0 140174 193161.8630481771 981849.2556397526 11370
pcb3038_n30370_uncorr-similar-weights_01.ttp: 98.0 2773228.0 2386117.0 140192 190800.06418232052 999000.53339453 11548
pcb3038_n30370_uncorr-similar-weights_01.ttp: 85.0 2773241.0 2378530.0 140080 192519.46174307572 978913.5131278397 11105
pcb3038_n30370_uncorr-similar-weights_01.ttp: 157.0 2773169.0 2372805.0 139991 191984.15379641514 977080.2019000622 10886
pcb3038_n30370_uncorr-similar-weights_01.ttp: 55.0 2773271.0 2383784.0 140123 192829.88426000203 981910.7414297853 10629
pcb3038_n30370_uncorr-similar-weights_01.ttp: 104.0 2773222.0 2394604.0 140101 191157.9745843027 1004885.5247721195 11211
pcb3038_n30370_uncorr-similar-weights_01.ttp: 90.0 2773236.0 2397038.0 140048 191811.56031100175 1002567.9565390174 10484
pcb3038_n30370_uncorr-similar-weights_01.ttp: 143.0 2773183.0 2378965.0 140071 192105.67126208 982356.7699246786 11035
pcb3038_n30370_uncorr-similar-weights_01.ttp: 956.0 2772370.0 2387528.0 140182 190717.19694062945 1001013.9782416241 10575
pcb3038_n30370_uncorr-similar-weights_01.ttp: 116.0 2773210.0 2394271.0 140182 191289.58247968584 1003595.735372684 10937
pcb3038_n30370_uncorr-similar-weights_01.ttp: 0.0 2773326.0 2391730.0 140149 190464.17048495458 1007055.4805743804 10792
pcb3038_n30370_uncorr-similar-weights_01.ttp: 1.0 2773325.0 2389968.0 140207 190586.29880477345 1004405.6076892971 11370
pcb3038_n30370_uncorr-similar-weights_01.ttp: 129.0 2773197.0 2394406.0 140222 191426.42616003333 1002735.8818165578 10778
pcb3038_n30370_uncorr-similar-weights_01.ttp: 42.0 2773284.0 2397172.0 140011 191749.37004306374 1003154.0797869267 11134
pcb3038_n30370_uncorr-similar-weights_01.ttp: 136.0 2773190.0 2376987.0 140229 192756.73114064956 975645.5646074777 11285
pcb3038_n30370_uncorr-similar-weights_01.ttp: 39.0 2773287.0 2396139.0 140181 191642.83880976282 1002895.5618530244 11001
pcb3038_n30370_uncorr-similar-weights_01.ttp: 214.0 2773112.0 2378270.0 140204 193379.18362671256 972403.3350337998 11272
pcb3038_n30370_uncorr-similar-weights_01.ttp: 176.0 2773150.0 2374026.0 140254 192352.636614581 975622.3318119964 10468
pcb3038_n30370_uncorr-similar-weights_01.ttp: 19.0 2773307.0 2394515.0 140030 190858.1477637593 1006976.2657574699 10993
pcb3038_n30370_uncorr-similar-weights_01.ttp: 141.0 2773185.0 2385402.0 140104 193342.1939772872 979804.249785122 10962
pcb3038_n30370_uncorr-similar-weights_01.ttp: 163.0 2773163.0 2379302.0 140265 192800.31305575458 977643.7240846644 11505
pcb3038_n30370_uncorr-similar-weights_01.ttp: 4.0 2773322.0 2387064.0 140091 191075.30176629857 997946.5561590095 11285
pcb3038_n30370_uncorr-similar-weights_01.ttp: 79.0 2773247.0 2391180.0 140175 191552.3592135814 998594.3485172633 11216
pcb3038_n30370_uncorr-similar-weights_01.ttp: 169.0 2773157.0 2394422.0 140143 190165.45097193625 1011919.1714340234 10974
pcb3038_n30370_uncorr-similar-weights_01.ttp: 286.0 2773040.0 2377201.0 140133 193121.02007350483 973211.18406562 11493
pcb3038_n30370_uncorr-similar-weights_01.ttp: 25.0 2773301.0 2394209.0 140377 190935.37690358522 1006108.8099109356 11710
pcb3038_n30370_uncorr-similar-weights_01.ttp: 239.0 2773087.0 2375358.0 140243 192902.59878378062 972956.106841915 10892
pcb3038_n30370_uncorr-similar-weights_01.ttp: 81.0 2773245.0 2384649.0 140012 192647.41946179993 984102.2605127145 10739
pcb3038_n30370_uncorr-similar-weights_01.ttp: 169.0 2773157.0 2384905.0 140178 192889.46333486866 982598.6015555048 11416
RESULTS FOR heuristics : 24
pcb3038_n30370_uncorr-similar-weights_01.ttp: 973.0 2772353.0 2395035.0 140192 190608.07803384095 1009314.2726939763 593099
pcb3038_n30370_uncorr-similar-weights_01.ttp: 21.0 2773305.0 2401738.0 140301 191279.04294223082 1011139.357809982 590045
pcb3038_n30370_uncorr-similar-weights_01.ttp: 23.0 2773303.0 2399259.0 140169 191163.58702520066 1009499.7223267914 589541
pcb3038_n30370_uncorr-similar-weights_01.ttp: 0.0 2773326.0 2396150.0 140371 190632.09842383597 1010254.6444587125 593395
pcb3038_n30370_uncorr-similar-weights_01.ttp: 95.0 2773231.0 2396172.0 140208 190585.7573907381 1010613.5437693342 593367
pcb3038_n30370_uncorr-similar-weights_01.ttp: 183.0 2773143.0 2397378.0 140095 190733.7489596609 1010743.6450632652 589870
pcb3038_n30370_uncorr-similar-weights_01.ttp: 31.0 2773295.0 2390086.0 140130 189750.37834095457 1010600.7494612604 591393
pcb3038_n30370_uncorr-similar-weights_01.ttp: 1.0 2773325.0 2397506.0 140156 190561.7916919262 1012121.7743996966 590326
pcb3038_n30370_uncorr-similar-weights_01.ttp: 29.0 2773297.0 2397648.0 140143 190727.03023067903 1011062.4902229635 590202
pcb3038_n30370_uncorr-similar-weights_01.ttp: 36.0 2773290.0 2397269.0 140040 190605.19389192967 1011569.2404056713 593629
pcb3038_n30370_uncorr-similar-weights_01.ttp: 143.0 2773183.0 2396994.0 140212 190531.88829035964 1011827.1721290855 591440
pcb3038_n30370_uncorr-similar-weights_01.ttp: 950.0 2772376.0 2395301.0 140024 190257.8346726915 1012126.5419295328 590907
pcb3038_n30370_uncorr-similar-weights_01.ttp: 20.0 2773306.0 2396749.0 140108 190523.974099551 1011639.7082962643 591335
pcb3038_n30370_uncorr-similar-weights_01.ttp: 34.0 2773292.0 2392402.0 140095 190174.48434952143 1009833.4987789793 594178
pcb3038_n30370_uncorr-similar-weights_01.ttp: 124.0 2773202.0 2397292.0 139981 190515.09561394964 1012247.2548865862 591373
pcb3038_n30370_uncorr-similar-weights_01.ttp: 128.0 2773198.0 2395156.0 139981 190250.67078893475 1012033.6233644446 590657
pcb3038_n30370_uncorr-similar-weights_01.ttp: 46.0 2773280.0 2397822.0 140016 190726.33835448953 1011241.5201628611 590744
pcb3038_n30370_uncorr-similar-weights_01.ttp: 19.0 2773307.0 2399995.0 139996 191092.54183341283 1010752.2208710888 591325
pcb3038_n30370_uncorr-similar-weights_01.ttp: 1.0 2773325.0 2389536.0 140214 189795.21781232246 1009724.7665044158 588933
pcb3038_n30370_uncorr-similar-weights_01.ttp: 99.0 2773227.0 2400726.0 140317 191331.95845086267 1009742.6620622284 590637
pcb3038_n30370_uncorr-similar-weights_01.ttp: 2.0 2773324.0 2397932.0 140008 190646.87115868874 1011929.246676333 591187
pcb3038_n30370_uncorr-similar-weights_01.ttp: 986.0 2772340.0 2394614.0 140037 190139.8974741463 1012296.9453629565 589442
pcb3038_n30370_uncorr-similar-weights_01.ttp: 942.0 2772384.0 2396711.0 140090 190823.7067108544 1009422.6522120887 592526
pcb3038_n30370_uncorr-similar-weights_01.ttp: 32.0 2773294.0 2397749.0 140159 190912.81237901785 1009812.8540045402 588993
pcb3038_n30370_uncorr-similar-weights_01.ttp: 75.0 2773251.0 2397973.0 140004 190584.2534806781 1012425.4771954704 594433
pcb3038_n30370_uncorr-similar-weights_01.ttp: 150.0 2773176.0 2397421.0 140062 190678.42053177312 1011188.8827340095 590268
pcb3038_n30370_uncorr-similar-weights_01.ttp: 43.0 2773283.0 2398417.0 140238 190910.3553997238 1010498.7162440079 590578
pcb3038_n30370_uncorr-similar-weights_01.ttp: 78.0 2773248.0 2393065.0 140071 190217.95098257356 1010180.4963566903 589218
pcb3038_n30370_uncorr-similar-weights_01.ttp: 84.0 2773242.0 2398044.0 140149 190723.85650934916 1011481.5631770317 592748
pcb3038_n30370_uncorr-similar-weights_01.ttp: 212.0 2773114.0 2395281.0 140198 190400.66654329118 1011068.1542302731 588426
Instance :pcb3038_n30370_bounded-strongly-corr_01.ttp
RESULTS FOR heuristics : 20
pcb3038_n30370_bounded-strongly-corr_01.ttp: 38.0 2618460.0 3993360.0 140048 179515.6455421955 1717101.614524961 10967
pcb3038_n30370_bounded-strongly-corr_01.ttp: 38.0 2618460.0 3964160.0 140124 177143.16279646332 1717984.695740845 11333
pcb3038_n30370_bounded-strongly-corr_01.ttp: 57.0 2618441.0 3975941.0 140190 177648.31033650576 1723360.424933107 11017
pcb3038_n30370_bounded-strongly-corr_01.ttp: 3.0 2618495.0 3986295.0 140234 178555.8995299251 1722206.1939605498 11407
pcb3038_n30370_bounded-strongly-corr_01.ttp: 14.0 2618484.0 3960384.0 140213 176969.67134077378 1716408.5673989886 11396
pcb3038_n30370_bounded-strongly-corr_01.ttp: 44.0 2618454.0 3963554.0 140078 177801.11969478815 1709035.8022700865 11400
pcb3038_n30370_bounded-strongly-corr_01.ttp: 15.0 2618483.0 3972983.0 140203 178161.42946864362 1713896.0743375989 11058
pcb3038_n30370_bounded-strongly-corr_01.ttp: 23.0 2618475.0 4002975.0 140199 179506.41805841212 1726833.6190193342 11122
pcb3038_n30370_bounded-strongly-corr_01.ttp: 62.0 2618436.0 3979136.0 140139 178341.53597913263 1717765.3237845981 11982
pcb3038_n30370_bounded-strongly-corr_01.ttp: 32.0 2618466.0 3954566.0 140305 177288.6467738031 1706545.9589081765 11453
pcb3038_n30370_bounded-strongly-corr_01.ttp: 20.0 2618478.0 3985878.0 139991 178404.53478653246 1723708.4989067684 11120
pcb3038_n30370_bounded-strongly-corr_01.ttp: 24.0 2618474.0 3961774.0 140142 177086.1723643906 1716321.334419527 11071
pcb3038_n30370_bounded-strongly-corr_01.ttp: 30.0 2618468.0 3982868.0 140011 178219.52872638623 1723044.3757494227 10886
pcb3038_n30370_bounded-strongly-corr_01.ttp: 41.0 2618457.0 3991057.0 140339 179304.7154608154 1717473.2079568608 11367
pcb3038_n30370_bounded-strongly-corr_01.ttp: 34.0 2618464.0 4008564.0 140186 181059.9985311033 1712723.2186256102 11868
pcb3038_n30370_bounded-strongly-corr_01.ttp: 55.0 2618443.0 3970643.0 140087 177213.68090575037 1723573.5261150855 11262
pcb3038_n30370_bounded-strongly-corr_01.ttp: 1.0 2618497.0 3986997.0 140064 178461.0976087901 1724110.2823205418 11503
pcb3038_n30370_bounded-strongly-corr_01.ttp: 16.0 2618482.0 3979082.0 140198 178509.03187814812 1715587.4757850817 11266
pcb3038_n30370_bounded-strongly-corr_01.ttp: 15.0 2618483.0 3978483.0 140128 177903.31520007306 1722668.9632630735 11262
pcb3038_n30370_bounded-strongly-corr_01.ttp: 37.0 2618461.0 3974861.0 140136 179058.99903776144 1704392.8922011848 10771
pcb3038_n30370_bounded-strongly-corr_01.ttp: 6.0 2618492.0 3985592.0 140101 179338.5984728529 1711578.5713642254 10775
pcb3038_n30370_bounded-strongly-corr_01.ttp: 0.0 2618498.0 3985198.0 140303 179988.2082705863 1702947.5191289657 10951
pcb3038_n30370_bounded-strongly-corr_01.ttp: 5.0 2618493.0 3997393.0 140182 179942.7734065869 1715718.6332044783 10951
pcb3038_n30370_bounded-strongly-corr_01.ttp: 0.0 2618498.0 3986298.0 140054 178045.04237562764 1728686.8626770414 11477
pcb3038_n30370_bounded-strongly-corr_01.ttp: 12.0 2618486.0 3969386.0 140069 177138.1174926558 1723274.6701931246 10977
pcb3038_n30370_bounded-strongly-corr_01.ttp: 3.0 2618495.0 3977995.0 140014 177451.6820815088 1727907.6712064683 11090
pcb3038_n30370_bounded-strongly-corr_01.ttp: 0.0 2618498.0 3975198.0 140069 178756.9362593354 1708560.0482316273 10667
pcb3038_n30370_bounded-strongly-corr_01.ttp: 15.0 2618483.0 3985683.0 140060 179208.16543987376 1713323.4622224006 11123
pcb3038_n30370_bounded-strongly-corr_01.ttp: 69.0 2618429.0 3986929.0 140097 178722.57652856098 1720726.7296178467 11282
pcb3038_n30370_bounded-strongly-corr_01.ttp: 60.0 2618438.0 3971738.0 140281 178921.5668171287 1703012.5327588082 11299
RESULTS FOR heuristics : 24
pcb3038_n30370_bounded-strongly-corr_01.ttp: 8.0 2618490.0 3991890.0 140033 178385.7886405788 1729958.2000374608 592854
pcb3038_n30370_bounded-strongly-corr_01.ttp: 28.0 2618470.0 3983870.0 140224 177847.7318301879 1728760.7603932177 590516
pcb3038_n30370_bounded-strongly-corr_01.ttp: 3.0 2618495.0 3993195.0 140147 178492.01817805754 1729916.2095022304 589903
pcb3038_n30370_bounded-strongly-corr_01.ttp: 7.0 2618491.0 3987691.0 140026 177909.63131428498 1731796.8749348666 590738
pcb3038_n30370_bounded-strongly-corr_01.ttp: 2.0 2618496.0 3999696.0 140031 179117.27422368486 1728488.962843676 590764
pcb3038_n30370_bounded-strongly-corr_01.ttp: 21.0 2618477.0 3988677.0 140217 178296.92874876285 1727871.9434656873 588196
pcb3038_n30370_bounded-strongly-corr_01.ttp: 97.0 2618401.0 3974401.0 139907 177291.08917322895 1726349.989283457 592319
pcb3038_n30370_bounded-strongly-corr_01.ttp: 28.0 2618470.0 3991370.0 140235 178631.88766444515 1726317.6644148356 593781
pcb3038_n30370_bounded-strongly-corr_01.ttp: 31.0 2618467.0 3990067.0 140132 178303.62910163123 1729176.982991316 588056
pcb3038_n30370_bounded-strongly-corr_01.ttp: 68.0 2618430.0 3999830.0 140170 178945.83343729816 1730796.8320150594 591235
pcb3038_n30370_bounded-strongly-corr_01.ttp: 10.0 2618488.0 3993988.0 140155 178867.96743715013 1725942.1728969365 593875
pcb3038_n30370_bounded-strongly-corr_01.ttp: 2.0 2618496.0 3999096.0 140251 179011.31993958462 1729232.463166067 592297
pcb3038_n30370_bounded-strongly-corr_01.ttp: 75.0 2618423.0 3983923.0 140100 177920.51531814068 1727890.8657659763 589672
pcb3038_n30370_bounded-strongly-corr_01.ttp: 119.0 2618379.0 3997779.0 140282 178933.92323959034 1728896.8533219947 593407
pcb3038_n30370_bounded-strongly-corr_01.ttp: 3.0 2618495.0 3991495.0 140175 178244.86546550377 1731350.1058974122 593228
pcb3038_n30370_bounded-strongly-corr_01.ttp: 19.0 2618479.0 3975679.0 140117 177089.23999942042 1730187.4368073493 592488
pcb3038_n30370_bounded-strongly-corr_01.ttp: 13.0 2618485.0 3988185.0 140154 178242.90393763068 1728064.978070843 591517
pcb3038_n30370_bounded-strongly-corr_01.ttp: 10.0 2618488.0 3990088.0 140076 178392.89848554519 1728066.047203287 591121
pcb3038_n30370_bounded-strongly-corr_01.ttp: 59.0 2618439.0 3992139.0 140054 178508.32450151362 1728653.4453208074 590006
pcb3038_n30370_bounded-strongly-corr_01.ttp: 26.0 2618472.0 3986772.0 140178 178099.60337791528 1728469.0291680344 591551
pcb3038_n30370_bounded-strongly-corr_01.ttp: 42.0 2618456.0 3973156.0 139909 177038.18219640397 1728311.8497495977 589523
pcb3038_n30370_bounded-strongly-corr_01.ttp: 24.0 2618474.0 3987274.0 140145 178323.98545342963 1726125.8644505125 593446
pcb3038_n30370_bounded-strongly-corr_01.ttp: 27.0 2618471.0 3998671.0 140054 179269.00227978066 1725540.0510923811 593967
pcb3038_n30370_bounded-strongly-corr_01.ttp: 86.0 2618412.0 3998212.0 140241 178941.4498452714 1729234.415961959 589745
pcb3038_n30370_bounded-strongly-corr_01.ttp: 47.0 2618451.0 4004051.0 140028 179584.22022681855 1726923.087523941 590435
pcb3038_n30370_bounded-strongly-corr_01.ttp: 2.0 2618496.0 3991596.0 139917 178206.35649418444 1731939.3996537412 593877
pcb3038_n30370_bounded-strongly-corr_01.ttp: 27.0 2618471.0 3986571.0 140155 178033.1060098755 1729111.2157947784 588301
pcb3038_n30370_bounded-strongly-corr_01.ttp: 13.0 2618485.0 4002685.0 140251 179312.75494013497 1728999.2673590886 592750
pcb3038_n30370_bounded-strongly-corr_01.ttp: 61.0 2618437.0 3996137.0 140231 178965.93353393502 1726848.962789704 592764
pcb3038_n30370_bounded-strongly-corr_01.ttp: 12.0 2618486.0 3986086.0 140216 178051.35403866076 1728394.8307897816 594709
