Enter TTP instance file:
RESULTS FOR heuristics : 20
pla85900_n85899_uncorr_01.ttp: 212042.0 3696126.0 1.3240524E7 142731527 2.0923442411855394E8 4871147.035257842 453731
pla85900_n85899_uncorr_01.ttp: 299204.0 3608964.0 1.3102191E7 142720514 2.089676917791418E8 4743483.328834327 456858
pla85900_n85899_uncorr_01.ttp: 153472.0 3754696.0 1.3365344E7 142654006 2.10912372662625E8 4928849.093495 450907
pla85900_n85899_uncorr_01.ttp: 232064.0 3676104.0 1.3176827E7 142711473 2.0689822441497496E8 4900898.0234010015 452803
pla85900_n85899_uncorr_01.ttp: 196570.0 3711598.0 1.3264887E7 142713717 2.0915104626954508E8 4898845.149218197 457632
pla85900_n85899_uncorr_01.ttp: 433811.0 3474357.0 1.280857E7 142685053 2.0772447918584317E8 4499590.832566273 457198
pla85900_n85899_uncorr_01.ttp: 288334.0 3619834.0 1.3080876E7 142625508 2.0892667748525113E8 4723808.900589955 449855
pla85900_n85899_uncorr_01.ttp: 302107.0 3606061.0 1.3098055E7 142553272 2.0837986125697786E8 4762860.549720885 446031
pla85900_n85899_uncorr_01.ttp: 297836.0 3610332.0 1.308775E7 142690477 2.082195066620657E8 4758969.733517371 459229
pla85900_n85899_uncorr_01.ttp: 310073.0 3598095.0 1.3090577E7 142805600 2.0780856779211769E8 4778234.288315292 453152
pla85900_n85899_uncorr_01.ttp: 302288.0 3605880.0 1.3099828E7 142688238 2.0803555929349205E8 4778405.628260318 458174
pla85900_n85899_uncorr_01.ttp: 297505.0 3610663.0 1.308874E7 142647249 2.0840468706733865E8 4752552.517306454 453728
pla85900_n85899_uncorr_01.ttp: 209579.0 3698589.0 1.327079E7 142728751 2.0950114777715293E8 4890744.088913883 458823
pla85900_n85899_uncorr_01.ttp: 295512.0 3612656.0 1.3089709E7 142705239 2.0895976225308207E8 4731318.509876717 453711
pla85900_n85899_uncorr_01.ttp: 206652.0 3701516.0 1.3256595E7 142766965 2.0949018698027873E8 4876987.52078885 452564
pla85900_n85899_uncorr_01.ttp: 345167.0 3563001.0 1.3080635E7 142688444 2.118423810880771E8 4606939.756476916 451995
pla85900_n85899_uncorr_01.ttp: 232831.0 3675337.0 1.3146142E7 142683071 2.0667185777419963E8 4879267.689032014 446033
pla85900_n85899_uncorr_01.ttp: 305644.0 3602524.0 1.307767E7 142668122 2.081574286370207E8 4751372.854519172 448857
pla85900_n85899_uncorr_01.ttp: 203374.0 3704794.0 1.324116E7 142763810 2.0906771338173744E8 4878451.464730502 451272
pla85900_n85899_uncorr_01.ttp: 328372.0 3579796.0 1.3072241E7 142674608 2.1073849567860523E8 4642701.172855791 454988
pla85900_n85899_uncorr_01.ttp: 210481.0 3697687.0 1.3239408E7 142675877 2.0822042265156725E8 4910591.093937309 448846
pla85900_n85899_uncorr_01.ttp: 311976.0 3596192.0 1.3091857E7 142724455 2.0845409674977925E8 4753693.13000883 451573
pla85900_n85899_uncorr_01.ttp: 307560.0 3600608.0 1.3094194E7 142714001 2.0891602055390266E8 4737553.177843894 454325
pla85900_n85899_uncorr_01.ttp: 311526.0 3596642.0 1.306719E7 142671346 2.0765592092599383E8 4760953.162960246 455043
pla85900_n85899_uncorr_01.ttp: 210172.0 3697996.0 1.3256699E7 142691513 2.0873918620321167E8 4907131.5518715335 446281
pla85900_n85899_uncorr_01.ttp: 233696.0 3674472.0 1.320964E7 142661930 2.0876915784303504E8 4858873.686278598 450055
pla85900_n85899_uncorr_01.ttp: 241025.0 3667143.0 1.3172173E7 142756414 2.0779457460474414E8 4860390.0158102345 455252
pla85900_n85899_uncorr_01.ttp: 304448.0 3603720.0 1.3110129E7 142754175 2.1062771599764642E8 4685020.360094143 458276
pla85900_n85899_uncorr_01.ttp: 212457.0 3695711.0 1.3265537E7 142743235 2.0871886283217978E8 4916782.486712809 447956
pla85900_n85899_uncorr_01.ttp: 148376.0 3759792.0 1.3354052E7 142619791 2.1071184440096074E8 4925578.223961569 454654
RESULTS FOR heuristics : 21
pla85900_n85899_uncorr_01.ttp: 176662.0 3731506.0 1.3243478E7 142740750 2.0885268032321706E8 4889370.787071317 600001
pla85900_n85899_uncorr_01.ttp: 184006.0 3724162.0 1.3307922E7 142684967 2.1021840243089223E8 4899185.902764311 599993
pla85900_n85899_uncorr_01.ttp: 169771.0 3738397.0 1.3260235E7 142666395 2.0924092438094997E8 4890598.024762001 599993
pla85900_n85899_uncorr_01.ttp: 273703.0 3634465.0 1.3104272E7 142726857 2.0766985700417295E8 4797477.719833082 600001
pla85900_n85899_uncorr_01.ttp: 304881.0 3603287.0 1.3055543E7 142665004 2.0704505259162927E8 4773740.896334829 599993
pla85900_n85899_uncorr_01.ttp: 207993.0 3700175.0 1.3145386E7 142762209 2.06984873513015E8 4865991.0594794 600008
pla85900_n85899_uncorr_01.ttp: 314143.0 3594025.0 1.3054454E7 142680801 2.0699120626851097E8 4774805.749259561 600015
pla85900_n85899_uncorr_01.ttp: 438319.0 3469849.0 1.2767267E7 142743040 2.067848636975709E8 4495872.4520971645 600004
pla85900_n85899_uncorr_01.ttp: 359810.0 3548358.0 1.3018339E7 142762444 2.0958529620531067E8 4634927.151787573 599997
pla85900_n85899_uncorr_01.ttp: 261614.0 3646554.0 1.3089455E7 142720760 2.0824926795024833E8 4759484.281990066 600011
pla85900_n85899_uncorr_01.ttp: 316840.0 3591328.0 1.3052625E7 142663984 2.0739686122056562E8 4756750.551177375 600008
pla85900_n85899_uncorr_01.ttp: 322873.0 3585295.0 1.3038683E7 142664117 2.0696510261576805E8 4760078.895369278 599992
pla85900_n85899_uncorr_01.ttp: 261612.0 3646556.0 1.3091143E7 142744764 2.0822209030005348E8 4762259.387997861 600004
pla85900_n85899_uncorr_01.ttp: 250610.0 3657558.0 1.3098221E7 142665483 2.077461624168783E8 4788374.503324867 599995
pla85900_n85899_uncorr_01.ttp: 280771.0 3627397.0 1.3072273E7 142750339 2.0667632860435584E8 4805219.855825766 600016
pla85900_n85899_uncorr_01.ttp: 318489.0 3589679.0 1.3036468E7 142613678 2.0817756293672794E8 4709365.482530883 600015
pla85900_n85899_uncorr_01.ttp: 189867.0 3718301.0 1.3226894E7 142690562 2.0765463080450323E8 4920708.76781987 599994
pla85900_n85899_uncorr_01.ttp: 284040.0 3624128.0 1.3073317E7 142737429 2.0685286388861513E8 4799202.4444553945 600014
pla85900_n85899_uncorr_01.ttp: 183467.0 3724701.0 1.3242518E7 142686480 2.085841182490843E8 4899153.2700366285 600015
pla85900_n85899_uncorr_01.ttp: 323740.0 3584428.0 1.3050647E7 142681706 2.0770810573201832E8 4742322.7707192665 599994
pla85900_n85899_uncorr_01.ttp: 216430.0 3691738.0 1.3167121E7 142674007 2.0802140668977612E8 4846264.732408955 599998
pla85900_n85899_uncorr_01.ttp: 321145.0 3587023.0 1.3050588E7 142761882 2.0737516021430734E8 4755581.591427706 599994
pla85900_n85899_uncorr_01.ttp: 336635.0 3571533.0 1.3010135E7 142708848 2.0865992987457812E8 4663737.805016875 599993
pla85900_n85899_uncorr_01.ttp: 322515.0 3585653.0 1.3052122E7 142678676 2.0717716354365227E8 4765035.458253909 600014
pla85900_n85899_uncorr_01.ttp: 205009.0 3703159.0 1.3216373E7 142707798 2.0816936322294766E8 4889598.471082093 600014
pla85900_n85899_uncorr_01.ttp: 380658.0 3527510.0 1.3035599E7 142722334 2.086189829099219E8 4690839.683603123 600000
pla85900_n85899_uncorr_01.ttp: 279741.0 3628427.0 1.3092407E7 142737756 2.077472852080814E8 4782515.591676744 599995
pla85900_n85899_uncorr_01.ttp: 313849.0 3594319.0 1.3047928E7 142639062 2.0718727660448724E8 4760436.935820511 600001
pla85900_n85899_uncorr_01.ttp: 207611.0 3700557.0 1.3218474E7 142693483 2.0815314788256422E8 4892348.084697431 599991
pla85900_n85899_uncorr_01.ttp: 326417.0 3581751.0 1.3053355E7 142718810 2.075932956440273E8 4749623.174238908 600010
RESULTS FOR heuristics : 22
pla85900_n85899_uncorr_01.ttp: 292652.0 3615516.0 1.310563E7 142746643 2.0878839984458598E8 4754094.0062165605 599908
pla85900_n85899_uncorr_01.ttp: 312012.0 3596156.0 1.3071196E7 142626210 2.078952864143629E8 4755384.543425484 599890
pla85900_n85899_uncorr_01.ttp: 243796.0 3664372.0 1.3168937E7 142762736 2.0823837343805003E8 4839402.062477998 599861
pla85900_n85899_uncorr_01.ttp: 253617.0 3654551.0 1.3162657E7 142741527 2.0852494939538312E8 4821659.024184675 599937
pla85900_n85899_uncorr_01.ttp: 309655.0 3598513.0 1.3096284E7 142741338 2.0799379481442842E8 4776532.207422863 599897
pla85900_n85899_uncorr_01.ttp: 209540.0 3698628.0 1.3267014E7 142607630 2.0949430188106033E8 4887241.924757587 599946
pla85900_n85899_uncorr_01.ttp: 257461.0 3650707.0 1.315699E7 142697881 2.0821781710348487E8 4828277.315860605 599859
pla85900_n85899_uncorr_01.ttp: 307543.0 3600625.0 1.3069021E7 142701274 2.0801241733426216E8 4748524.306629513 599831
pla85900_n85899_uncorr_01.ttp: 302870.0 3605298.0 1.3079225E7 142677837 2.077864650392511E8 4767766.398429956 599846
pla85900_n85899_uncorr_01.ttp: 214802.0 3693366.0 1.3210226E7 142701872 2.076673712643029E8 4903531.149427883 599838
pla85900_n85899_uncorr_01.ttp: 318361.0 3589807.0 1.3075369E7 142734299 2.081989971536968E8 4747409.113852127 599850
pla85900_n85899_uncorr_01.ttp: 284212.0 3623956.0 1.3102283E7 142772934 2.0711155728660652E8 4817820.708535739 599919
pla85900_n85899_uncorr_01.ttp: 249750.0 3658418.0 1.3146596E7 142638925 2.0884477599988136E8 4792804.960004746 599863
pla85900_n85899_uncorr_01.ttp: 290546.0 3617622.0 1.3083537E7 142741548 2.0719948119318232E8 4795557.752272707 599821
pla85900_n85899_uncorr_01.ttp: 351886.0 3556282.0 1.3059268E7 142673618 2.1056255606830138E8 4636765.7572679445 599871
pla85900_n85899_uncorr_01.ttp: 304446.0 3603722.0 1.3085903E7 142676328 2.0829508034006828E8 4754099.786397269 599820
pla85900_n85899_uncorr_01.ttp: 208217.0 3699951.0 1.322585E7 142779136 2.0854884074972412E8 4883896.370011035 599806
pla85900_n85899_uncorr_01.ttp: 281508.0 3626660.0 1.3084158E7 142771137 2.0691989017700252E8 4807362.392919899 599851
pla85900_n85899_uncorr_01.ttp: 293448.0 3614720.0 1.307581E7 142790120 2.081168105542789E8 4751137.577828843 599810
pla85900_n85899_uncorr_01.ttp: 293992.0 3614176.0 1.3091875E7 142748525 2.0896436387471336E8 4733300.445011466 599800
pla85900_n85899_uncorr_01.ttp: 215157.0 3693011.0 1.3223905E7 142720205 2.081135918780826E8 4899361.324876696 599836
pla85900_n85899_uncorr_01.ttp: 233739.0 3674429.0 1.3184573E7 142781617 2.0787104475102407E8 4869731.209959037 599880
pla85900_n85899_uncorr_01.ttp: 271820.0 3636348.0 1.3124451E7 142762414 2.0783004339834493E8 4811249.264066203 599917
pla85900_n85899_uncorr_01.ttp: 329509.0 3578659.0 1.3044263E7 142656449 2.095506542041961E8 4662236.831832156 599819
pla85900_n85899_uncorr_01.ttp: 309558.0 3598610.0 1.305896E7 142706580 2.0779901878673473E8 4746999.24853061 599883
pla85900_n85899_uncorr_01.ttp: 296577.0 3611591.0 1.3086888E7 142693804 2.08432045158311E8 4749606.19366756 599844
pla85900_n85899_uncorr_01.ttp: 305553.0 3602615.0 1.3090142E7 142721971 2.0836058411310202E8 4755718.635475919 599859
pla85900_n85899_uncorr_01.ttp: 200312.0 3707856.0 1.3243333E7 142647839 2.087158998422234E8 4894697.006311064 599909
pla85900_n85899_uncorr_01.ttp: 301491.0 3606677.0 1.3063126E7 142659551 2.075005341104808E8 4763104.635580769 599922
pla85900_n85899_uncorr_01.ttp: 309493.0 3598675.0 1.3076138E7 142666843 2.0776850303177127E8 4765397.878729149 599861
RESULTS FOR heuristics : 23
pla85900_n85899_uncorr_01.ttp: 300595.0 3607573.0 1.3052163E7 142804720 2.0715120843482322E8 4766114.662607071 599906
pla85900_n85899_uncorr_01.ttp: 307855.0 3600313.0 1.3098946E7 142674521 2.0847487360971078E8 4759951.0556115685 600253
pla85900_n85899_uncorr_01.ttp: 296024.0 3612144.0 1.3091006E7 142667678 2.0836983164538014E8 4756212.734184794 599838
pla85900_n85899_uncorr_01.ttp: 288880.0 3619288.0 1.3085842E7 142720448 2.073417798133697E8 4792170.807465212 600243
pla85900_n85899_uncorr_01.ttp: 316911.0 3591257.0 1.307326E7 142708567 2.082283084994576E8 4744127.660021696 599905
pla85900_n85899_uncorr_01.ttp: 264256.0 3643912.0 1.315139E7 142679150 2.0837695358615974E8 4816311.85655361 599823
pla85900_n85899_uncorr_01.ttp: 320821.0 3587347.0 1.3073121E7 142721710 2.1184681869257545E8 4599248.252296982 600132
pla85900_n85899_uncorr_01.ttp: 208996.0 3699172.0 1.3269378E7 142702699 2.1018620243083373E8 4861929.902766651 600008
pla85900_n85899_uncorr_01.ttp: 302578.0 3605590.0 1.3085121E7 142722627 2.0725301488951337E8 4795000.404419465 600210
pla85900_n85899_uncorr_01.ttp: 291953.0 3616215.0 1.3100451E7 142738622 2.08929947391848E8 4743253.10432608 599882
pla85900_n85899_uncorr_01.ttp: 304234.0 3603934.0 1.3072803E7 142609989 2.0785204966329563E8 4758721.013468175 600206
pla85900_n85899_uncorr_01.ttp: 247900.0 3660268.0 1.316263E7 142702363 2.074591329530744E8 4864264.681877024 600080
pla85900_n85899_uncorr_01.ttp: 302623.0 3605545.0 1.3094077E7 142706069 2.0820123729281846E8 4766027.508287261 599952
pla85900_n85899_uncorr_01.ttp: 201090.0 3707078.0 1.3256426E7 142736220 2.0989975776357806E8 4860435.689456878 600181
pla85900_n85899_uncorr_01.ttp: 317586.0 3590582.0 1.3101686E7 142687767 2.0855744628442627E8 4759388.148622949 600004
pla85900_n85899_uncorr_01.ttp: 261308.0 3646860.0 1.3152647E7 142649764 2.0792716368425372E8 4835560.452629851 600501
pla85900_n85899_uncorr_01.ttp: 203325.0 3704843.0 1.3255636E7 142751459 2.088365784541894E8 4902172.861832424 600443
pla85900_n85899_uncorr_01.ttp: 273912.0 3634256.0 1.3146494E7 142756000 2.0859974552327245E8 4802504.179069102 600248
pla85900_n85899_uncorr_01.ttp: 327802.0 3580366.0 1.3087774E7 142634598 2.1071712964719588E8 4659088.814112164 599909
pla85900_n85899_uncorr_01.ttp: 204865.0 3703303.0 1.3254032E7 142686667 2.0879461113413137E8 4902247.554634745 600366
pla85900_n85899_uncorr_01.ttp: 245618.0 3662550.0 1.317949E7 142699357 2.080462375701136E8 4857640.497195456 599929
pla85900_n85899_uncorr_01.ttp: 294279.0 3613889.0 1.3088923E7 142745638 2.0703313067036784E8 4807597.773185287 599942
pla85900_n85899_uncorr_01.ttp: 282626.0 3625542.0 1.3109493E7 142749863 2.0802422291955045E8 4788524.083217982 600324
pla85900_n85899_uncorr_01.ttp: 197867.0 3710301.0 1.3283458E7 142669557 2.0972387308283207E8 4894503.076686718 600271
pla85900_n85899_uncorr_01.ttp: 233666.0 3674502.0 1.3186507E7 142667451 2.0801228745471576E8 4866015.501811369 600140
pla85900_n85899_uncorr_01.ttp: 238452.0 3669716.0 1.3202822E7 142732682 2.0861329259794462E8 4858290.296082215 599825
pla85900_n85899_uncorr_01.ttp: 247349.0 3660819.0 1.3160513E7 142699110 2.094287966040715E8 4783361.13583714 600258
pla85900_n85899_uncorr_01.ttp: 306741.0 3601427.0 1.3097761E7 142652122 2.0843592209260336E8 4760324.116295866 599854
pla85900_n85899_uncorr_01.ttp: 247149.0 3661019.0 1.316902E7 142749319 2.073268959924321E8 4875944.160302716 599905
pla85900_n85899_uncorr_01.ttp: 282106.0 3626062.0 1.314128E7 142656541 2.085825965608732E8 4797976.137565072 600062
RESULTS FOR heuristics : 24
pla85900_n85899_uncorr_01.ttp: 296392.0 3611776.0 1.3082585E7 142668667 2.0810465545472646E8 4758398.781810941 448338
pla85900_n85899_uncorr_01.ttp: 313119.0 3595049.0 1.3084813E7 142660519 2.0770919130981848E8 4776445.347607261 455266
pla85900_n85899_uncorr_01.ttp: 203868.0 3704300.0 1.3238032E7 142731418 2.0830692144930384E8 4905755.142027847 458192
pla85900_n85899_uncorr_01.ttp: 243503.0 3664665.0 1.3190821E7 142675997 2.0874619315613168E8 4840973.273754733 446474
pla85900_n85899_uncorr_01.ttp: 297473.0 3610695.0 1.3096307E7 142671487 2.0799921407425407E8 4776338.437029838 450835
pla85900_n85899_uncorr_01.ttp: 304074.0 3604094.0 1.3092157E7 142618312 2.0829782920006E8 4760243.831997599 447171
pla85900_n85899_uncorr_01.ttp: 316868.0 3591300.0 1.307071E7 142728592 2.1085130971513438E8 4636657.611394625 452198
pla85900_n85899_uncorr_01.ttp: 208725.0 3699443.0 1.3250474E7 142722219 2.088552736479357E8 4896263.054082572 457149
pla85900_n85899_uncorr_01.ttp: 206256.0 3701912.0 1.3283444E7 142698561 2.1038388263560954E8 4868088.694575619 452425
pla85900_n85899_uncorr_01.ttp: 206211.0 3701957.0 1.3268035E7 142680743 2.0868034280760047E8 4920821.287695981 451553
pla85900_n85899_uncorr_01.ttp: 299817.0 3608351.0 1.3096194E7 142773369 2.0822157833367395E8 4767330.866653042 450615
pla85900_n85899_uncorr_01.ttp: 206014.0 3702154.0 1.3273771E7 142694648 2.0932678499499315E8 4900699.600200274 454603
pla85900_n85899_uncorr_01.ttp: 288751.0 3619417.0 1.3091224E7 142751198 2.0927483508844268E8 4720230.596462293 456563
pla85900_n85899_uncorr_01.ttp: 252498.0 3655670.0 1.3164166E7 142737656 2.0764980411715415E8 4858173.835313833 457193
pla85900_n85899_uncorr_01.ttp: 204636.0 3703532.0 1.3265832E7 142570040 2.092489514262753E8 4895873.942948988 449017
pla85900_n85899_uncorr_01.ttp: 303428.0 3604740.0 1.3076618E7 142676911 2.0792309064170223E8 4759694.37433191 460028
pla85900_n85899_uncorr_01.ttp: 237609.0 3670559.0 1.3211023E7 142692477 2.095807899791693E8 4827791.400833228 450186
pla85900_n85899_uncorr_01.ttp: 205574.0 3702594.0 1.3277795E7 142636839 2.0987902880705673E8 4882633.84771773 451103
pla85900_n85899_uncorr_01.ttp: 148700.0 3759468.0 1.3372053E7 142644556 2.1116075178262734E8 4925622.928694906 455198
pla85900_n85899_uncorr_01.ttp: 319022.0 3589146.0 1.3099986E7 142707047 2.1163823514966902E8 4634456.594013238 449203
pla85900_n85899_uncorr_01.ttp: 252869.0 3655299.0 1.3194622E7 142707109 2.0879828994550812E8 4842690.402179675 454057
pla85900_n85899_uncorr_01.ttp: 303964.0 3604204.0 1.3087974E7 142679055 2.0817939628112286E8 4760798.148755086 454191
pla85900_n85899_uncorr_01.ttp: 202797.0 3705371.0 1.3268572E7 142703349 2.0934123338334328E8 4894922.664666269 463305
pla85900_n85899_uncorr_01.ttp: 299137.0 3609031.0 1.3073946E7 142696293 2.0817696984088445E8 4746867.206364622 461515
pla85900_n85899_uncorr_01.ttp: 291025.0 3617143.0 1.3095123E7 142629659 2.0848340606022793E8 4755786.7575908825 459289
pla85900_n85899_uncorr_01.ttp: 297496.0 3610672.0 1.3083067E7 142712105 2.075945671134098E8 4779284.315463608 451146
pla85900_n85899_uncorr_01.ttp: 303146.0 3605022.0 1.3110282E7 142701637 2.0833088964460704E8 4777046.414215718 454279
pla85900_n85899_uncorr_01.ttp: 297253.0 3610915.0 1.3105381E7 142738496 2.089923958908438E8 4745685.164366247 459533
pla85900_n85899_uncorr_01.ttp: 286676.0 3621492.0 1.309725E7 142774577 2.0716724599679753E8 4810560.160128099 452213
pla85900_n85899_uncorr_01.ttp: 208365.0 3699803.0 1.3265531E7 142653865 2.083896140647053E8 4929946.437411787 457090
RESULTS FOR heuristics : 25
pla85900_n85899_uncorr_01.ttp: 195221.0 3712947.0 1.3229824E7 142671822 2.085990976423704E8 4885860.094305184 600016
pla85900_n85899_uncorr_01.ttp: 209628.0 3698540.0 1.3200605E7 142708031 2.074711428862902E8 4901759.2845483925 599994
pla85900_n85899_uncorr_01.ttp: 306050.0 3602118.0 1.3050472E7 142695306 2.067430430686526E8 4780750.277253896 599994
pla85900_n85899_uncorr_01.ttp: 316299.0 3591869.0 1.3039383E7 142644781 2.067170194839438E8 4770702.220642248 600016
pla85900_n85899_uncorr_01.ttp: 318188.0 3589980.0 1.3040591E7 142650622 2.073239535986388E8 4747632.856054448 600001
pla85900_n85899_uncorr_01.ttp: 247639.0 3660529.0 1.3106299E7 142679110 2.0763385855242157E8 4800944.657903137 599993
pla85900_n85899_uncorr_01.ttp: 302244.0 3605924.0 1.3052663E7 142684248 2.0697595394063738E8 4773624.842374505 599994
pla85900_n85899_uncorr_01.ttp: 284566.0 3623602.0 1.3043896E7 142716059 2.060471900614621E8 4802008.3975415155 600005
pla85900_n85899_uncorr_01.ttp: 316891.0 3591277.0 1.307009E7 142650123 2.078663359811961E8 4755436.560752155 599994
pla85900_n85899_uncorr_01.ttp: 218813.0 3689355.0 1.3130791E7 142673518 2.0849131653701174E8 4791138.33851953 599999
pla85900_n85899_uncorr_01.ttp: 309744.0 3598424.0 1.3057391E7 142717022 2.0672848870955622E8 4788251.451617751 600004
pla85900_n85899_uncorr_01.ttp: 306238.0 3601930.0 1.3051958E7 142660230 2.074001206361887E8 4755953.174552453 600003
pla85900_n85899_uncorr_01.ttp: 246077.0 3662091.0 1.3118132E7 142648328 2.0766481195425782E8 4811539.521829687 599993
pla85900_n85899_uncorr_01.ttp: 312933.0 3595235.0 1.3026334E7 142641847 2.06625511077362E8 4761313.55690552 599995
pla85900_n85899_uncorr_01.ttp: 208242.0 3699926.0 1.3175508E7 142721331 2.079183898053827E8 4858772.407784692 599994
pla85900_n85899_uncorr_01.ttp: 189323.0 3718845.0 1.3232479E7 142665683 2.0883014463575774E8 4879273.21456969 600004
pla85900_n85899_uncorr_01.ttp: 318599.0 3589569.0 1.3045709E7 142669649 2.0757117272716624E8 4742862.090913351 599992
pla85900_n85899_uncorr_01.ttp: 381729.0 3526439.0 1.2984944E7 142763696 2.098797305413914E8 4589754.778344344 600001
pla85900_n85899_uncorr_01.ttp: 312223.0 3595945.0 1.3034409E7 142716969 2.068349079455664E8 4761012.682177344 600014
pla85900_n85899_uncorr_01.ttp: 266226.0 3641942.0 1.3104202E7 142820097 2.083967842039778E8 4768330.631840888 600006
pla85900_n85899_uncorr_01.ttp: 301940.0 3606228.0 1.3064812E7 142697641 2.0685139331866464E8 4790756.267253414 600013
pla85900_n85899_uncorr_01.ttp: 314835.0 3593333.0 1.3036081E7 142737752 2.071897805170454E8 4748489.779318184 600007
pla85900_n85899_uncorr_01.ttp: 362156.0 3546012.0 1.2995315E7 142708209 2.096077202536921E8 4611006.189852316 600014
pla85900_n85899_uncorr_01.ttp: 232756.0 3675412.0 1.3130772E7 142718235 2.0855870591135168E8 4788423.763545932 600002
pla85900_n85899_uncorr_01.ttp: 293248.0 3614920.0 1.3069094E7 142798238 2.084869002736076E8 4729617.989055695 600018
pla85900_n85899_uncorr_01.ttp: 289661.0 3618507.0 1.3059463E7 142690596 2.064777083250091E8 4800354.666999635 600012
pla85900_n85899_uncorr_01.ttp: 177764.0 3730404.0 1.3241564E7 142690876 2.0873347005891258E8 4892225.197643497 600016
pla85900_n85899_uncorr_01.ttp: 340570.0 3567598.0 1.3022931E7 142648563 2.0856735280325517E8 4680236.887869793 600050
pla85900_n85899_uncorr_01.ttp: 304635.0 3603533.0 1.3063259E7 142700235 2.0688945990304765E8 4787680.603878094 600009
pla85900_n85899_uncorr_01.ttp: 182744.0 3725424.0 1.3212907E7 142656440 2.089795961080084E8 4853723.155679664 600016
RESULTS FOR heuristics : 26
pla85900_n85899_uncorr_01.ttp: 317335.0 3590833.0 1.3027063E7 142702865 2.069062204007239E8 4750814.183971044 599996
pla85900_n85899_uncorr_01.ttp: 187236.0 3720932.0 1.3253106E7 142621500 2.0947414093235523E8 4874140.36270579 599997
pla85900_n85899_uncorr_01.ttp: 210068.0 3698100.0 1.3179104E7 142746976 2.0758472059525487E8 4875715.176189805 599992
pla85900_n85899_uncorr_01.ttp: 284489.0 3623679.0 1.3070183E7 142729229 2.0701926884982368E8 4789412.246007052 599992
pla85900_n85899_uncorr_01.ttp: 317377.0 3590791.0 1.3071894E7 142639858 2.0721738349559948E8 4783198.660176021 599992
pla85900_n85899_uncorr_01.ttp: 191992.0 3716176.0 1.3243472E7 142655549 2.0875307582117304E8 4893348.967153078 600003
pla85900_n85899_uncorr_01.ttp: 457377.0 3450791.0 1.2789669E7 142755451 2.074851573524958E8 4490262.705900168 599998
pla85900_n85899_uncorr_01.ttp: 146038.0 3762130.0 1.3338482E7 142836137 2.1054976556316924E8 4916491.37747323 599994
pla85900_n85899_uncorr_01.ttp: 313343.0 3594825.0 1.3052765E7 142677166 2.072877468264064E8 4761255.126943744 599992
pla85900_n85899_uncorr_01.ttp: 188612.0 3719556.0 1.3227198E7 142761272 2.079799606132144E8 4907999.575471424 599992
pla85900_n85899_uncorr_01.ttp: 289040.0 3619128.0 1.3060839E7 142742508 2.0827458219717428E8 4729855.712113028 600003
pla85900_n85899_uncorr_01.ttp: 230944.0 3677224.0 1.3156321E7 142699916 2.084973217392485E8 4816428.1304300595 600022
pla85900_n85899_uncorr_01.ttp: 188879.0 3719289.0 1.3247622E7 142679937 2.0938859041296026E8 4872078.383481589 599998
pla85900_n85899_uncorr_01.ttp: 409385.0 3498783.0 1.2759773E7 142613093 2.0541802348354793E8 4543052.060658082 600009
pla85900_n85899_uncorr_01.ttp: 312208.0 3595960.0 1.3050126E7 142677814 2.0665861895764697E8 4783781.241694122 599994
pla85900_n85899_uncorr_01.ttp: 215627.0 3692541.0 1.3182175E7 142687758 2.0770103588175005E8 4874133.564729998 599997
pla85900_n85899_uncorr_01.ttp: 183567.0 3724601.0 1.3253235E7 142701303 2.0908422771675253E8 4889865.8913298985 599994
pla85900_n85899_uncorr_01.ttp: 305900.0 3602268.0 1.3048559E7 142663650 2.0710093582896468E8 4764521.566841412 599998
pla85900_n85899_uncorr_01.ttp: 313701.0 3594467.0 1.3037787E7 142630709 2.0690007871448243E8 4761783.851420702 599994
pla85900_n85899_uncorr_01.ttp: 316072.0 3592096.0 1.3061191E7 142708296 2.0730393428229216E8 4769033.628708313 599996
pla85900_n85899_uncorr_01.ttp: 310418.0 3597750.0 1.3059358E7 142720152 2.0780318766467765E8 4747230.493412894 599993
pla85900_n85899_uncorr_01.ttp: 327445.0 3580723.0 1.3040796E7 142725634 2.0863004201668406E8 4695594.319332638 599998
pla85900_n85899_uncorr_01.ttp: 311996.0 3596172.0 1.3057958E7 142748251 2.0729200093127108E8 4766277.962749157 600014
pla85900_n85899_uncorr_01.ttp: 217795.0 3690373.0 1.3160787E7 142728209 2.0825247819663045E8 4830687.872134781 600007
pla85900_n85899_uncorr_01.ttp: 376432.0 3531736.0 1.3022339E7 142846745 2.090170488451253E8 4661657.046194988 600016
pla85900_n85899_uncorr_01.ttp: 316296.0 3591872.0 1.3036193E7 142608865 2.0687945764206365E8 4761014.694317454 599997
pla85900_n85899_uncorr_01.ttp: 290569.0 3617599.0 1.3025359E7 142650651 2.0815243039883512E8 4699261.784046595 599994
pla85900_n85899_uncorr_01.ttp: 227064.0 3681104.0 1.3099734E7 142603698 2.086091570170493E8 4755367.719318028 600002
pla85900_n85899_uncorr_01.ttp: 313508.0 3594660.0 1.3043553E7 142630569 2.0699535219679344E8 4763738.912128262 599994
pla85900_n85899_uncorr_01.ttp: 176922.0 3731246.0 1.3239383E7 142682864 2.0835024468857607E8 4905373.2124569565 600016
RESULTS FOR heuristics : 27
pla85900_n85899_uncorr_01.ttp: 308989.0 3599179.0 1.3468604E7 142618465 2.3069437614405814E8 4240828.954237673 600002
pla85900_n85899_uncorr_01.ttp: 153001.0 3755167.0 1.3569737E7 142788453 2.2656750350225097E8 4507036.859909961 600010
pla85900_n85899_uncorr_01.ttp: 68403.0 3839765.0 1.3626533E7 142750774 2.269298429383367E8 4549339.282466533 599996
pla85900_n85899_uncorr_01.ttp: 39057.0 3869111.0 1.364411E7 142632917 2.237570543740256E8 4693827.825038975 599994
pla85900_n85899_uncorr_01.ttp: 237253.0 3670915.0 1.3501598E7 142747282 2.2883003827849734E8 4348396.468860107 599999
pla85900_n85899_uncorr_01.ttp: 93328.0 3814840.0 1.3682835E7 142785975 2.2657966168592042E8 4619648.532563183 599996
pla85900_n85899_uncorr_01.ttp: 116708.0 3791460.0 1.3707922E7 142709377 2.283586126852126E8 4573577.492591495 600008
pla85900_n85899_uncorr_01.ttp: 95023.0 3813145.0 1.3744393E7 142692242 2.282055414522684E8 4616171.341909263 600002
pla85900_n85899_uncorr_01.ttp: 119295.0 3788873.0 1.3672227E7 142680311 2.2628614163616893E8 4620781.334553244 600008
pla85900_n85899_uncorr_01.ttp: 176023.0 3732145.0 1.3575584E7 142751666 2.27884545043249E8 4460202.19827004 600017
pla85900_n85899_uncorr_01.ttp: 189836.0 3718332.0 1.3596011E7 142723817 2.2672510679733795E8 4527006.728106482 600009
pla85900_n85899_uncorr_01.ttp: 193484.0 3714684.0 1.3565729E7 142743598 2.2599887737777123E8 4525773.904889151 599993
pla85900_n85899_uncorr_01.ttp: 85952.0 3822216.0 1.3732572E7 142613457 2.274744816113546E8 4633592.735545816 600016
pla85900_n85899_uncorr_01.ttp: 177257.0 3730911.0 1.3587766E7 142691445 2.2631030648468733E8 4535353.740612507 600010
pla85900_n85899_uncorr_01.ttp: 89826.0 3818342.0 1.3653217E7 142712428 2.2545465884117472E8 4635030.64635301 599992
pla85900_n85899_uncorr_01.ttp: 180123.0 3728045.0 1.3578477E7 142664917 2.265282160231293E8 4517348.359074827 600001
pla85900_n85899_uncorr_01.ttp: 132805.0 3775363.0 1.3644357E7 142688303 2.264824625630617E8 4585058.497477531 600008
pla85900_n85899_uncorr_01.ttp: 113075.0 3795093.0 1.3711221E7 142703563 2.2747526979711354E8 4612210.2081154585 599995
pla85900_n85899_uncorr_01.ttp: 147927.0 3760241.0 1.364312E7 142676216 2.277763116312834E8 4532067.534748664 600003
pla85900_n85899_uncorr_01.ttp: 62970.0 3845198.0 1.3771945E7 142640456 2.288444367450968E8 4618167.530196128 599993
pla85900_n85899_uncorr_01.ttp: 185413.0 3722755.0 1.3569571E7 142665464 2.2660924810181192E8 4505201.075927524 600002
pla85900_n85899_uncorr_01.ttp: 123937.0 3784231.0 1.3574885E7 142738735 2.270699656339881E8 4492086.374640476 600017
pla85900_n85899_uncorr_01.ttp: 98007.0 3810161.0 1.3626415E7 142743947 2.2517672927617857E8 4619345.828952856 599994
pla85900_n85899_uncorr_01.ttp: 152794.0 3755374.0 1.3647088E7 142617699 2.279867322179934E8 4527618.711280264 600015
pla85900_n85899_uncorr_01.ttp: 201845.0 3706323.0 1.3596856E7 142704067 2.272934544842075E8 4505117.8206317 599993
pla85900_n85899_uncorr_01.ttp: 212995.0 3695173.0 1.3533655E7 142645692 2.286691073073606E8 4386890.707705576 600017
pla85900_n85899_uncorr_01.ttp: 81828.0 3826340.0 1.3754707E7 142789743 2.2668713698023927E8 4687221.52079043 600011
pla85900_n85899_uncorr_01.ttp: 210405.0 3697763.0 1.3603048E7 142687043 2.2782772792634302E8 4489938.882946279 600006
pla85900_n85899_uncorr_01.ttp: 177993.0 3730175.0 1.3562303E7 142632882 2.265176418619687E8 4501597.325521251 600016
pla85900_n85899_uncorr_01.ttp: 82408.0 3825760.0 1.3737459E7 142758815 2.2666379509001502E8 4670907.196399398 600003
RESULTS FOR heuristics : 28
pla85900_n85899_uncorr_01.ttp: 68047.0 3840121.0 1.361724E7 142790045 2.2357693441112474E8 4674162.62355501 599993
pla85900_n85899_uncorr_01.ttp: 213128.0 3695040.0 1.3547773E7 142648830 2.2857893845061985E8 4404615.461975206 599992
pla85900_n85899_uncorr_01.ttp: 180646.0 3727522.0 1.3564409E7 142682470 2.261368863497125E8 4518933.5460115 600012
pla85900_n85899_uncorr_01.ttp: 109877.0 3798291.0 1.3656041E7 142729210 2.2662643584040666E8 4590983.566383734 600009
pla85900_n85899_uncorr_01.ttp: 162770.0 3745398.0 1.3594484E7 142779392 2.269081822574668E8 4518156.709701328 599997
pla85900_n85899_uncorr_01.ttp: 182959.0 3725209.0 1.3569621E7 142649171 2.2645723781297252E8 4511331.487481099 600012
pla85900_n85899_uncorr_01.ttp: 157082.0 3751086.0 1.3553588E7 142703570 2.2560249731014863E8 4529488.107594054 600004
pla85900_n85899_uncorr_01.ttp: 94561.0 3813607.0 1.358275E7 142688659 2.263794664294534E8 4527571.342821864 599996
pla85900_n85899_uncorr_01.ttp: 202869.0 3705299.0 1.3625527E7 142675013 2.2860930370073438E8 4481154.851970624 600013
pla85900_n85899_uncorr_01.ttp: 168893.0 3739275.0 1.3564893E7 142708165 2.2638263704354784E8 4509587.5182580855 600015
pla85900_n85899_uncorr_01.ttp: 207628.0 3700540.0 1.3571321E7 142681959 2.2674661655763686E8 4501456.337694526 599997
pla85900_n85899_uncorr_01.ttp: 185312.0 3722856.0 1.3562122E7 142638978 2.260063457328402E8 4521868.170686392 600012
pla85900_n85899_uncorr_01.ttp: 128830.0 3779338.0 1.3596112E7 142749204 2.269684661719464E8 4517373.353122143 600014
pla85900_n85899_uncorr_01.ttp: 202116.0 3706052.0 1.3586537E7 142706907 2.2718650605740377E8 4499076.757703848 600012
pla85900_n85899_uncorr_01.ttp: 251031.0 3657137.0 1.3529758E7 142672658 2.279961037835183E8 4409913.848659268 599993
pla85900_n85899_uncorr_01.ttp: 182216.0 3725952.0 1.359264E7 142653621 2.2643518563824615E8 4535232.574470153 600002
pla85900_n85899_uncorr_01.ttp: 183768.0 3724400.0 1.3581179E7 142675246 2.260801495858372E8 4537973.016566513 600015
pla85900_n85899_uncorr_01.ttp: 85517.0 3822651.0 1.3669789E7 142751202 2.2459581544291967E8 4685956.382283213 600016
pla85900_n85899_uncorr_01.ttp: 90038.0 3818130.0 1.369067E7 142701962 2.2587288050508943E8 4655754.779796423 599995
pla85900_n85899_uncorr_01.ttp: 176048.0 3732120.0 1.3586161E7 142676143 2.261138325910095E8 4541607.6963596195 600008
pla85900_n85899_uncorr_01.ttp: 92685.0 3815483.0 1.374366E7 142713806 2.266557079490749E8 4677431.682037003 600014
pla85900_n85899_uncorr_01.ttp: 134483.0 3773685.0 1.3578234E7 142641220 2.2493368440085027E8 4580886.62396599 599994
pla85900_n85899_uncorr_01.ttp: 214436.0 3693732.0 1.3526231E7 142729404 2.2881392016619343E8 4373674.193352263 600002
pla85900_n85899_uncorr_01.ttp: 172644.0 3735524.0 1.355558E7 142731468 2.2654406033480525E8 4493817.58660779 599999
pla85900_n85899_uncorr_01.ttp: 75271.0 3832897.0 1.3690951E7 142648111 2.264849334106436E8 4631553.663574256 599992
pla85900_n85899_uncorr_01.ttp: 202083.0 3706085.0 1.3552362E7 142713955 2.2569657080216086E8 4524499.167913565 600000
pla85900_n85899_uncorr_01.ttp: 89625.0 3818543.0 1.3737852E7 142615750 2.2857930419916567E8 4594679.832033373 600014
pla85900_n85899_uncorr_01.ttp: 155929.0 3752239.0 1.3568924E7 142682014 2.2580312754563993E8 4536798.898174403 600017
pla85900_n85899_uncorr_01.ttp: 176771.0 3731397.0 1.3578292E7 142708841 2.2556283642955828E8 4555778.542817669 600015
pla85900_n85899_uncorr_01.ttp: 83548.0 3824620.0 1.3744867E7 142708744 2.2800825350643876E8 4624536.85974245 600006
RESULTS FOR heuristics : 29
pla85900_n85899_uncorr_01.ttp: 327463.0 3580705.0 1.3051115E7 142677366 2.0736075815599737E8 4756684.673760105 600022
pla85900_n85899_uncorr_01.ttp: 184720.0 3723448.0 1.3236805E7 142736090 2.0798720969609427E8 4917316.612156229 600012
pla85900_n85899_uncorr_01.ttp: 277629.0 3630539.0 1.3044457E7 142714898 2.084769014076398E8 4705380.943694408 599992
pla85900_n85899_uncorr_01.ttp: 220380.0 3687788.0 1.3101091E7 142633350 2.0824057941754743E8 4771467.823298102 599993
pla85900_n85899_uncorr_01.ttp: 166285.0 3741883.0 1.3267797E7 142672892 2.0917284843088877E8 4900883.062764449 599999
pla85900_n85899_uncorr_01.ttp: 187831.0 3720337.0 1.3245418E7 142657805 2.093056393080772E8 4873192.427676912 600004
pla85900_n85899_uncorr_01.ttp: 322647.0 3585521.0 1.3054524E7 142710085 2.0759025183604154E8 4750913.926558338 599995
pla85900_n85899_uncorr_01.ttp: 171078.0 3737090.0 1.3269723E7 142660310 2.090666768401936E8 4907055.926392256 600003
pla85900_n85899_uncorr_01.ttp: 312189.0 3595979.0 1.3036182E7 142629090 2.0689649147783718E8 4760322.340886513 599995
pla85900_n85899_uncorr_01.ttp: 332096.0 3576072.0 1.3029181E7 142795993 2.0865664814117458E8 4682915.074353016 600009
pla85900_n85899_uncorr_01.ttp: 323607.0 3584561.0 1.3050361E7 142760730 2.078087708379772E8 4738010.166480912 600009
pla85900_n85899_uncorr_01.ttp: 266270.0 3641898.0 1.3124026E7 142709836 2.0738669785219476E8 4828558.08591221 599994
pla85900_n85899_uncorr_01.ttp: 306527.0 3601641.0 1.304746E7 142638814 2.070776209285976E8 4764355.1628560955 600005
pla85900_n85899_uncorr_01.ttp: 303953.0 3604215.0 1.3070966E7 142665822 2.0704777223114112E8 4789055.110754355 600001
pla85900_n85899_uncorr_01.ttp: 276644.0 3631524.0 1.3078376E7 142717085 2.0682954756775135E8 4805194.097289946 600012
pla85900_n85899_uncorr_01.ttp: 271765.0 3636403.0 1.3096066E7 142675108 2.0874711716791263E8 4746181.313283495 599998
pla85900_n85899_uncorr_01.ttp: 182925.0 3725243.0 1.3236011E7 142701582 2.0891069781975085E8 4879583.087209966 600000
pla85900_n85899_uncorr_01.ttp: 284746.0 3623422.0 1.3079275E7 142811470 2.0848823279489824E8 4739745.688204071 600015
pla85900_n85899_uncorr_01.ttp: 203906.0 3704262.0 1.3218238E7 142745100 2.078847250942513E8 4902848.996229948 600014
pla85900_n85899_uncorr_01.ttp: 316442.0 3591726.0 1.305703E7 142695417 2.0695028836399958E8 4779018.465440017 600014
pla85900_n85899_uncorr_01.ttp: 187461.0 3720707.0 1.3222878E7 142750278 2.0800227648157826E8 4902786.940736869 599992
pla85900_n85899_uncorr_01.ttp: 187817.0 3720351.0 1.3248154E7 142735411 2.0843073680777013E8 4910924.527689194 600002
pla85900_n85899_uncorr_01.ttp: 242318.0 3665850.0 1.3134024E7 142660261 2.0713526857182255E8 4848613.257127098 600008
pla85900_n85899_uncorr_01.ttp: 306375.0 3601793.0 1.3052824E7 142697633 2.068986594836557E8 4776877.620653772 600014
pla85900_n85899_uncorr_01.ttp: 422979.0 3485189.0 1.2972068E7 142693524 2.1051479022128695E8 4551476.3911485225 600002
pla85900_n85899_uncorr_01.ttp: 316175.0 3591993.0 1.3054522E7 142651816 2.0688243736304748E8 4779224.505478101 600002
pla85900_n85899_uncorr_01.ttp: 212408.0 3695760.0 1.3203705E7 142706184 2.076987248747838E8 4895756.005008647 600001
pla85900_n85899_uncorr_01.ttp: 320883.0 3587285.0 1.3056092E7 142676212 2.073875220742821E8 4760591.117028715 600008
pla85900_n85899_uncorr_01.ttp: 208366.0 3699802.0 1.3211856E7 142732196 2.087605947594472E8 4861432.209622112 600000
pla85900_n85899_uncorr_01.ttp: 209015.0 3699153.0 1.3188541E7 142767282 2.0795399961772653E8 4870381.015290938 599997
RESULTS FOR heuristics : 30
pla85900_n85899_uncorr_01.ttp: 180766.0 3727402.0 1.3249851E7 142652049 2.088718933650979E8 4894975.265396084 599999
pla85900_n85899_uncorr_01.ttp: 256004.0 3652164.0 1.3120147E7 142730611 2.0837118166573942E8 4785299.733370423 600017
pla85900_n85899_uncorr_01.ttp: 205907.0 3702261.0 1.3229942E7 142733183 2.090632646111673E8 4867411.415553307 600016
pla85900_n85899_uncorr_01.ttp: 188199.0 3719969.0 1.3317899E7 142727258 2.1075332154093918E8 4887766.138362432 600015
pla85900_n85899_uncorr_01.ttp: 277328.0 3630840.0 1.3071615E7 142741859 2.068181358257422E8 4798889.566970312 599999
pla85900_n85899_uncorr_01.ttp: 216014.0 3692154.0 1.317031E7 142729664 2.0765244545249668E8 4864212.181900132 600017
pla85900_n85899_uncorr_01.ttp: 178942.0 3729226.0 1.3242953E7 142675462 2.0850051051545545E8 4902932.579381782 599996
pla85900_n85899_uncorr_01.ttp: 373153.0 3535015.0 1.2991329E7 142748766 2.0892527824909082E8 4634317.870036367 599993
pla85900_n85899_uncorr_01.ttp: 211766.0 3696402.0 1.3164973E7 142715913 2.0751492515386572E8 4864375.993845371 600009
pla85900_n85899_uncorr_01.ttp: 176220.0 3731948.0 1.325476E7 142664545 2.0899652100906137E8 4894899.159637545 599996
pla85900_n85899_uncorr_01.ttp: 325369.0 3582799.0 1.3039302E7 142706142 2.0777629612412906E8 4728250.155034837 600007
pla85900_n85899_uncorr_01.ttp: 355477.0 3552691.0 1.3002959E7 142706111 2.086541048286171E8 4656794.806855316 600002
pla85900_n85899_uncorr_01.ttp: 272465.0 3635703.0 1.3082613E7 142767445 2.0752323665089625E8 4781683.53396415 600014
pla85900_n85899_uncorr_01.ttp: 316488.0 3591680.0 1.3066998E7 142606228 2.0741994182717225E8 4770200.32691311 599991
pla85900_n85899_uncorr_01.ttp: 325338.0 3582830.0 1.3053947E7 142673151 2.07578807382979E8 4750794.70468084 600010
pla85900_n85899_uncorr_01.ttp: 272080.0 3636088.0 1.3087341E7 142714399 2.0717734550664315E8 4800247.179734274 600014
pla85900_n85899_uncorr_01.ttp: 192763.0 3715405.0 1.3190527E7 142707153 2.0791310867586672E8 4874002.6529653305 600015
pla85900_n85899_uncorr_01.ttp: 267551.0 3640617.0 1.3095677E7 142693680 2.0775145185962263E8 4785618.925615095 600004
pla85900_n85899_uncorr_01.ttp: 183439.0 3724729.0 1.3243462E7 142655497 2.0863857720661145E8 4897918.911735541 599993
pla85900_n85899_uncorr_01.ttp: 180104.0 3728064.0 1.3239641E7 142653313 2.0766848635194054E8 4932901.545922378 600010
pla85900_n85899_uncorr_01.ttp: 204900.0 3703268.0 1.317309E7 142728659 2.0846694870891976E8 4834412.0516432095 600015
pla85900_n85899_uncorr_01.ttp: 315753.0 3592415.0 1.3045181E7 142617452 2.0724755671305656E8 4755278.731477737 599992
pla85900_n85899_uncorr_01.ttp: 325241.0 3582927.0 1.3049935E7 142689837 2.0714025864511302E8 4764324.654195479 600015
pla85900_n85899_uncorr_01.ttp: 191243.0 3716925.0 1.3218038E7 142717710 2.0724381460505754E8 4928285.415797698 599993
pla85900_n85899_uncorr_01.ttp: 369628.0 3538540.0 1.3006081E7 142744983 2.091297057895827E8 4640892.768416692 599995
pla85900_n85899_uncorr_01.ttp: 319155.0 3589013.0 1.3040316E7 142641698 2.0724488680199513E8 4750520.527920195 600016
pla85900_n85899_uncorr_01.ttp: 209038.0 3699130.0 1.3207708E7 142680392 2.0815000262440026E8 4881707.8950239895 599992
pla85900_n85899_uncorr_01.ttp: 362525.0 3545643.0 1.2978414E7 142695145 2.0879651957152304E8 4626553.217139078 600015
pla85900_n85899_uncorr_01.ttp: 279900.0 3628268.0 1.3068799E7 142718357 2.0663748040571582E8 4803299.783771367 599993
pla85900_n85899_uncorr_01.ttp: 252458.0 3655710.0 1.3121955E7 142675011 2.0777304345825276E8 4811033.261669889 599992
