enter number of instance to run
Enter TTP instance file:
Enter TTP instance file:
Enter TTP instance file:
Instance :rat783_n782_uncorr_01.ttp
RESULTS FOR heuristics : 20
rat783_n782_uncorr_01.ttp: 2380.0 32812.0 110497.0 9255 12922.68977675987 35674.62619256036 4383
rat783_n782_uncorr_01.ttp: 2303.0 32889.0 111762.0 9278 13588.186496158467 33086.40018724247 3192
rat783_n782_uncorr_01.ttp: 2067.0 33125.0 111200.0 9256 13225.219451277628 34625.97937710253 2989
rat783_n782_uncorr_01.ttp: 1864.0 33328.0 110489.0 9252 13269.009107112664 33661.437269817674 3074
rat783_n782_uncorr_01.ttp: 32.0 35160.0 110398.0 9287 13421.802174378692 32685.765410347376 3141
rat783_n782_uncorr_01.ttp: 1004.0 34188.0 109677.0 9254 13325.284964516346 32523.600055450355 2950
rat783_n782_uncorr_01.ttp: 2455.0 32737.0 111425.0 9247 13290.174730400147 34474.88831098315 3180
rat783_n782_uncorr_01.ttp: 2104.0 33088.0 111650.0 9255 13426.453599404722 33910.83365944665 3117
rat783_n782_uncorr_01.ttp: 1713.0 33479.0 110627.0 9257 12907.527881524582 35892.413565972674 2988
rat783_n782_uncorr_01.ttp: 2363.0 32829.0 111511.0 9254 13070.644435483438 35831.968718550896 3020
rat783_n782_uncorr_01.ttp: 1850.0 33342.0 111560.0 9270 13305.562861953831 34520.79102928731 2988
rat783_n782_uncorr_01.ttp: 1876.0 33316.0 109997.0 9254 13235.481036067093 33363.56480117154 2931
rat783_n782_uncorr_01.ttp: 1703.0 33489.0 109292.0 9257 13184.427109086253 32954.16703839059 3108
rat783_n782_uncorr_01.ttp: 2159.0 33033.0 109945.0 9248 13189.308049825018 33578.90639151314 3040
rat783_n782_uncorr_01.ttp: 1672.0 33520.0 110132.0 9255 13110.772855108748 34220.62516892035 3107
rat783_n782_uncorr_01.ttp: 2111.0 33081.0 110598.0 9254 13213.586959071308 34091.33150697712 3013
rat783_n782_uncorr_01.ttp: 