enter number of instance to run
Enter TTP instance file:
Enter TTP instance file:
Enter TTP instance file:
Instance :pla85900_n85899_bounded-strongly-corr_01.ttp
RESULTS FOR heuristics : 20
pla85900_n85899_bounded-strongly-corr_01.ttp: 12.0 7394799.0 1.1365099E7 142698034 1.9114253049547327E8 5630823.085135803 199976
pla85900_n85899_bounded-strongly-corr_01.ttp: 115.0 7394696.0 1.1350796E7 142713573 1.9312506608178705E8 5557044.017546388 196983
pla85900_n85899_bounded-strongly-corr_01.ttp: 0.0 7394811.0 1.1356011E7 142715550 1.8996788660294592E8 5656974.401911623 196440
pla85900_n85899_bounded-strongly-corr_01.ttp: 29.0 7394782.0 1.1322782E7 142699550 1.9098007167430955E8 5593379.849770714 196543
pla85900_n85899_bounded-strongly-corr_01.ttp: 19.0 7394792.0 1.1377292E7 142778902 1.893879094909222E8 5695654.7152723335 197589
pla85900_n85899_bounded-strongly-corr_01.ttp: 42.0 7394769.0 1.1340069E7 142663105 1.8729056174087846E8 5721352.147773647 194996
pla85900_n85899_bounded-strongly-corr_01.ttp: 39.0 7394772.0 1.1348672E7 142624532 1.918071776854661E8 5594456.669436017 197818
pla85900_n85899_bounded-strongly-corr_01.ttp: 139.0 7394672.0 1.1356172E7 142723772 1.8787951536459854E8 5719786.539062044 194517
pla85900_n85899_bounded-strongly-corr_01.ttp: 85.0 7394726.0 1.1352826E7 142722815 1.9321241015067858E8 5556453.695479643 194721
pla85900_n85899_bounded-strongly-corr_01.ttp: 120.0 7394691.0 1.1363691E7 142678776 1.9931194975753668E8 5384332.507273899 197288
pla85900_n85899_bounded-strongly-corr_01.ttp: 71.0 7394740.0 1.136804E7 142811247 1.8797172811469346E8 5728888.156559196 196610
pla85900_n85899_bounded-strongly-corr_01.ttp: 80.0 7394731.0 1.1368431E7 142630622 1.9243174259961218E8 5595478.722011635 194289
pla85900_n85899_bounded-strongly-corr_01.ttp: 14.0 7394797.0 1.1348297E7 142700513 1.909287741012228E8 5620433.776963316 192133
pla85900_n85899_bounded-strongly-corr_01.ttp: 36.0 7394775.0 1.1350275E7 142746497 1.8776171215910053E8 5717423.6352269845 196620
pla85900_n85899_bounded-strongly-corr_01.ttp: 70.0 7394741.0 1.1331741E7 142626237 1.911777104677863E8 5596409.685966411 194345
pla85900_n85899_bounded-strongly-corr_01.ttp: 34.0 7394777.0 1.1335077E7 142676273 1.8792224928314963E8 5697409.521505511 197263
pla85900_n85899_bounded-strongly-corr_01.ttp: 2.0 7394809.0 1.1358009E7 142725896 1.9261904424984053E8 5579437.672504785 196143
pla85900_n85899_bounded-strongly-corr_01.ttp: 62.0 7394749.0 1.1331649E7 142710524 1.90096174254315E8 5628763.772370551 196342
pla85900_n85899_bounded-strongly-corr_01.ttp: 55.0 7394756.0 1.1355656E7 142600364 1.934700800132426E8 5551553.599602723 193575
pla85900_n85899_bounded-strongly-corr_01.ttp: 26.0 7394785.0 1.1348085E7 142771797 1.8751638735466546E8 5722593.379360037 195873
pla85900_n85899_bounded-strongly-corr_01.ttp: 24.0 7394787.0 1.1360987E7 142651075 1.9701846184372965E8 5450433.144688111 193525
pla85900_n85899_bounded-strongly-corr_01.ttp: 28.0 7394783.0 1.1345483E7 142673543 1.9230429401276305E8 5576354.179617109 198361
pla85900_n85899_bounded-strongly-corr_01.ttp: 66.0 7394745.0 1.1344145E7 142661224 1.9016757295876136E8 5639117.811237159 197502
pla85900_n85899_bounded-strongly-corr_01.ttp: 24.0 7394787.0 1.1354987E7 142747366 1.883849731508232E8 5703437.805475304 195686
pla85900_n85899_bounded-strongly-corr_01.ttp: 3.0 7394808.0 1.1368608E7 142695449 1.8830975436851463E8 5719315.368944561 193652
pla85900_n85899_bounded-strongly-corr_01.ttp: 16.0 7394795.0 1.1318595E7 142628971 1.868479870947741E8 5713155.387156777 194558
pla85900_n85899_bounded-strongly-corr_01.ttp: 4.0 7394807.0 1.1336307E7 142765293 1.9177480431061083E8 5583062.870681675 195892
pla85900_n85899_bounded-strongly-corr_01.ttp: 27.0 7394784.0 1.1360284E7 142685049 1.9286444469240782E8 5574350.659227766 194822
pla85900_n85899_bounded-strongly-corr_01.ttp: 19.0 7394792.0 1.1296892E7 142734567 1.899698133272697E8 5597797.600181909 195832
pla85900_n85899_bounded-strongly-corr_01.ttp: 17.0 7394794.0 1.1325694E7 142740295 1.910661964718407E8 5593708.105844779 193256
RESULTS FOR heuristics : 24
pla85900_n85899_bounded-strongly-corr_01.ttp: 14.0 7394797.0 1.1314797E7 142750133 1.87238575583103E8 5697639.73250691 452254
pla85900_n85899_bounded-strongly-corr_01.ttp: 0.0 7394811.0 1.1338211E7 142708798 1.8751355488502294E8 5712804.353449312 451326
pla85900_n85899_bounded-strongly-corr_01.ttp: 27.0 7394784.0 1.1362384E7 142692970 1.8741538368971723E8 5739922.489308483 452128
pla85900_n85899_bounded-strongly-corr_01.ttp: 11.0 7394800.0 1.13921E7 142695762 1.8922116452682588E8 5715465.064195224 453188
pla85900_n85899_bounded-strongly-corr_01.ttp: 31.0 7394780.0 1.130628E7 142663362 1.8594416932739484E8 5727954.9201781545 453400
pla85900_n85899_bounded-strongly-corr_01.ttp: 37.0 7394774.0 1.1370174E7 142717434 1.8831572788253474E8 5720702.163523958 453255
pla85900_n85899_bounded-strongly-corr_01.ttp: 32.0 7394779.0 1.1366779E7 142756599 1.8756464022693452E8 5739839.793191965 454955
pla85900_n85899_bounded-strongly-corr_01.ttp: 20.0 7394791.0 1.1356791E7 142729642 1.8858504044992062E8 5699239.786502382 452482
pla85900_n85899_bounded-strongly-corr_01.ttp: 39.0 7394772.0 1.1332672E7 142640775 1.864231490231048E8 5739977.529306857 451892
pla85900_n85899_bounded-strongly-corr_01.ttp: 34.0 7394777.0 1.1326677E7 142709374 1.8669559104818967E8 5725809.26855431 451257
pla85900_n85899_bounded-strongly-corr_01.ttp: 49.0 7394762.0 1.1369862E7 142713785 1.8961210436327073E8 5681498.869101878 451604
pla85900_n85899_bounded-strongly-corr_01.ttp: 5.0 7394806.0 1.1311906E7 142686084 1.8620208335571313E8 5725843.499328607 455057
pla85900_n85899_bounded-strongly-corr_01.ttp: 14.0 7394797.0 1.1351897E7 142726547 1.896060025508431E8 5663716.923474708 452227
pla85900_n85899_bounded-strongly-corr_01.ttp: 4.0 7394807.0 1.1358407E7 142656926 1.8732909101239216E8 5738534.269628235 453809
pla85900_n85899_bounded-strongly-corr_01.ttp: 8.0 7394803.0 1.1352903E7 142709210 1.8729539393951336E8 5734041.1818146 451049
pla85900_n85899_bounded-strongly-corr_01.ttp: 44.0 7394767.0 1.1365767E7 142679265 1.869009349020335E8 5758738.952938995 452167
pla85900_n85899_bounded-strongly-corr_01.ttp: 1.0 7394810.0 1.132811E7 142674098 1.8643108355035245E8 5735177.493489427 451820
pla85900_n85899_bounded-strongly-corr_01.ttp: 31.0 7394780.0 1.134978E7 142669233 1.8773585337986562E8 5717704.398604032 449283
pla85900_n85899_bounded-strongly-corr_01.ttp: 29.0 7394782.0 1.1325682E7 142672580 1.8718701531411397E8 5710071.540576581 451692
pla85900_n85899_bounded-strongly-corr_01.ttp: 13.0 7394798.0 1.1302898E7 142693213 1.85264023356121E8 5744977.29931637 449909
pla85900_n85899_bounded-strongly-corr_01.ttp: 27.0 7394784.0 1.1348084E7 142700664 1.8766272052794468E8 5718202.3841616595 451132
pla85900_n85899_bounded-strongly-corr_01.ttp: 2.0 7394809.0 1.1384909E7 142704672 1.8862833591828805E8 5726058.922451358 451955
pla85900_n85899_bounded-strongly-corr_01.ttp: 0.0 7394811.0 1.1353911E7 142645117 1.8676431421666062E8 5750981.573500182 450610
pla85900_n85899_bounded-strongly-corr_01.ttp: 80.0 7394731.0 1.1324631E7 142751256 1.8739513934302366E8 5702776.819709291 454530
pla85900_n85899_bounded-strongly-corr_01.ttp: 9.0 7394802.0 1.1357602E7 142798235 1.8623038618133774E8 5770690.414559868 452244
pla85900_n85899_bounded-strongly-corr_01.ttp: 2.0 7394809.0 1.1321709E7 142665865 1.8895302439032578E8 5653118.268290226 451777
pla85900_n85899_bounded-strongly-corr_01.ttp: 18.0 7394793.0 1.1337293E7 142630092 1.8763009187253493E8 5708390.243823952 453403
pla85900_n85899_bounded-strongly-corr_01.ttp: 38.0 7394773.0 1.1332073E7 142675504 1.8721083082029948E8 5715748.075391016 451651
pla85900_n85899_bounded-strongly-corr_01.ttp: 26.0 7394785.0 1.1323485E7 142706330 1.8649337782144853E8 5728683.665356544 451870
pla85900_n85899_bounded-strongly-corr_01.ttp: 12.0 7394799.0 1.1331999E7 142741774 1.870165810770277E8 5721501.567689169 452621
Instance :pla85900_n85899_uncorr_01.ttp
RESULTS FOR heuristics : 20
pla85900_n85899_uncorr_01.ttp: 201675.0 3706493.0 1.3255308E7 142706516 2.0898536599051994E8 4895893.360379202 196060
pla85900_n85899_uncorr_01.ttp: 151075.0 3757093.0 1.334751E7 142627273 2.112976677837324E8 4895603.288650703 198613
pla85900_n85899_uncorr_01.ttp: 317780.0 3590388.0 1.3075592E7 142719942 2.1186062002228904E8 4601167.199108439 196454
pla85900_n85899_uncorr_01.ttp: 297911.0 3610257.0 1.3086807E7 142720525 2.1062236321120107E8 4661912.471551957 196194
pla85900_n85899_uncorr_01.ttp: 308193.0 3599975.0 1.3087302E7 142718003 2.1030464356630978E8 4675116.257347608 196405
pla85900_n85899_uncorr_01.ttp: 303570.0 3604598.0 1.30782E7 142654803 2.0823304880213574E8 4748878.04791457 196978
pla85900_n85899_uncorr_01.ttp: 267546.0 3640622.0 1.3148231E7 142723794 2.0842202466301343E8 4811350.013479463 195998
pla85900_n85899_uncorr_01.ttp: 301568.0 3606600.0 1.3104018E7 142676428 2.0796138919915816E8 4785562.432033673 199945
pla85900_n85899_uncorr_01.ttp: 203021.0 3705147.0 1.3252098E7 142676020 2.1027936930013716E8 4840923.227994513 194252
pla85900_n85899_uncorr_01.ttp: 286164.0 3622004.0 1.3125347E7 142631813 2.0828517212202495E8 4793940.115119002 196708
pla85900_n85899_uncorr_01.ttp: 265536.0 3642632.0 1.3109364E7 142731313 2.0868961062974867E8 4761779.574810053 197409
pla85900_n85899_uncorr_01.ttp: 249896.0 3658272.0 1.3177615E7 142727770 2.0821822169929528E8 4848886.132028189 196203
pla85900_n85899_uncorr_01.ttp: 264976.0 3643192.0 1.3145346E7 142631873 2.0836979474511787E8 4810554.210195285 196638
pla85900_n85899_uncorr_01.ttp: 297498.0 3610670.0 1.3070781E7 142683122 2.07961600375345E8 4752316.9849862 197627
pla85900_n85899_uncorr_01.ttp: 300166.0 3608002.0 1.3100595E7 142635747 2.0791286113149258E8 4784080.554740297 194142
pla85900_n85899_uncorr_01.ttp: 289974.0 3618194.0 1.3116386E7 142620566 2.082614199494665E8 4785929.20202134 196820
pla85900_n85899_uncorr_01.ttp: 233584.0 3674584.0 1.3190332E7 142674502 2.0832634023934248E8 4857278.3904263005 192318
pla85900_n85899_uncorr_01.ttp: 291303.0 3616865.0 1.3096846E7 142619174 2.0847661456034857E8 4757781.417586057 193001
pla85900_n85899_uncorr_01.ttp: 153207.0 3754961.0 1.3375454E7 142733266 2.1162497054747656E8 4910455.178100938 195394
pla85900_n85899_uncorr_01.ttp: 207179.0 3700989.0 1.3229247E7 142700777 2.0876287473671895E8 4878732.010531242 194384
pla85900_n85899_uncorr_01.ttp: 202934.0 3705234.0 1.3254423E7 142668745 2.0891225255729726E8 4897932.89770811 196141
pla85900_n85899_uncorr_01.ttp: 295442.0 3612726.0 1.3086917E7 142666987 2.081973002593706E8 4759024.989625176 195246
pla85900_n85899_uncorr_01.ttp: 266933.0 3641235.0 1.313434E7 142670947 2.0842811604312614E8 4797215.358274954 199536
pla85900_n85899_uncorr_01.ttp: 205163.0 3703005.0 1.3212643E7 142723411 2.086210167129113E8 4867802.331483548 196471
pla85900_n85899_uncorr_01.ttp: 293128.0 3615040.0 1.3104688E7 142738909 2.0885267611881125E8 4750580.95524755 196263
pla85900_n85899_uncorr_01.ttp: 299705.0 3608463.0 1.3086055E7 142744557 2.0794042709554932E8 4768437.916178027 198342
pla85900_n85899_uncorr_01.ttp: 285667.0 3622501.0 1.3104806E7 142627542 2.0897051728837872E8 4745985.308464851 193984
pla85900_n85899_uncorr_01.ttp: 283765.0 3624403.0 1.3126907E7 142751874 2.079859988741554E8 4807467.045033784 198096
pla85900_n85899_uncorr_01.ttp: 198766.0 3709402.0 1.3256925E7 142669768 2.0957119558145916E8 4874077.176741634 196851
pla85900_n85899_uncorr_01.ttp: 146296.0 3761872.0 1.3356161E7 142769194 2.1103569075955415E8 4914733.369617835 197512
RESULTS FOR heuristics : 24
pla85900_n85899_uncorr_01.ttp: 202734.0 3705434.0 1.322573E7 142667622 2.0799760853607655E8 4905825.658556938 452347
pla85900_n85899_uncorr_01.ttp: 147224.0 3760944.0 1.3376541E7 142657560 2.1154876806674945E8 4914590.277330022 448732
pla85900_n85899_uncorr_01.ttp: 289507.0 3618661.0 1.3121876E7 142658155 2.0834780231561434E8 4787963.907375426 451013
pla85900_n85899_uncorr_01.ttp: 208039.0 3700129.0 1.3248027E7 142686566 2.088493252097119E8 4894053.991611524 453863
pla85900_n85899_uncorr_01.ttp: 145196.0 3762972.0 1.336683E7 142797246 2.1158771911260676E8 4903321.235495729 454379
pla85900_n85899_uncorr_01.ttp: 270981.0 3637187.0 1.3133118E7 142686001 2.080211586065104E8 4812271.655739584 449522
pla85900_n85899_uncorr_01.ttp: 268525.0 3639643.0 1.3161363E7 142687010 2.088031950684336E8 4809235.197262655 452059
pla85900_n85899_uncorr_01.ttp: 206514.0 3701654.0 1.3259589E7 142715273 2.093424652636386E8 4885890.389454456 452488
pla85900_n85899_uncorr_01.ttp: 140057.0 3768111.0 1.3342743E7 142623294 2.110144311179293E8 4902165.755282827 452301
pla85900_n85899_uncorr_01.ttp: 296593.0 3611575.0 1.3097628E7 142652897 2.0828410680811274E8 4766263.72767549 453091
pla85900_n85899_uncorr_01.ttp: 203139.0 3705029.0 1.327236E7 142661231 2.0902902875487724E8 4911198.84980491 454722
pla85900_n85899_uncorr_01.ttp: 203930.0 3704238.0 1.3285411E7 142654267 2.0962112246198362E8 4900566.101520655 454722
pla85900_n85899_uncorr_01.ttp: 204943.0 3703225.0 1.3258312E7 142602265 2.0912613818408233E8 4893266.472636706 452285
pla85900_n85899_uncorr_01.ttp: 211253.0 3696915.0 1.3260479E7 142675420 2.0916288866797507E8 4893963.453280997 450469
pla85900_n85899_uncorr_01.ttp: 296787.0 3611381.0 1.3103262E7 142709470 2.0724161006082872E8 4813597.597566851 456125
pla85900_n85899_uncorr_01.ttp: 298961.0 3609207.0 1.3097708E7 142722694 2.0847647947571403E8 4758648.820971439 452477
pla85900_n85899_uncorr_01.ttp: 290952.0 3617216.0 1.3087415E7 142753663 2.0687849240164444E8 4812275.303934222 450790
pla85900_n85899_uncorr_01.ttp: 292692.0 3615476.0 1.3095594E7 142694192 2.0790192668575135E8 4779516.932569946 455211
pla85900_n85899_uncorr_01.ttp: 212415.0 3695753.0 1.3246293E7 142714894 2.0853688563928318E8 4904817.574428673 453731
pla85900_n85899_uncorr_01.ttp: 200770.0 3707398.0 1.3264959E7 142714952 2.092577172048169E8 4894650.311807323 456324
pla85900_n85899_uncorr_01.ttp: 206783.0 3701385.0 1.3279159E7 142732515 2.0998212304159844E8 4879874.078336062 452700
pla85900_n85899_uncorr_01.ttp: 246922.0 3661246.0 1.3161563E7 142781592 2.080799815520737E8 4838363.737917053 454569
pla85900_n85899_uncorr_01.ttp: 149867.0 3758301.0 1.3344138E7 142664983 2.1063933486589348E8 4918564.605364261 457444
pla85900_n85899_uncorr_01.ttp: 249368.0 3658800.0 1.3178833E7 142672319 2.0895929436873695E8 4820461.225250522 453814
pla85900_n85899_uncorr_01.ttp: 206264.0 3701904.0 1.3260113E7 142662389 2.097089579763369E8 4871754.680946524 449706
pla85900_n85899_uncorr_01.ttp: 245006.0 3663162.0 1.3186086E7 142695545 2.088174398489448E8 4833388.406042207 451347
pla85900_n85899_uncorr_01.ttp: 147882.0 3760286.0 1.3329208E7 142771455 2.089987939483329E8 4969256.242066683 452852
pla85900_n85899_uncorr_01.ttp: 205620.0 3702548.0 1.3258754E7 142705298 2.090408799255416E8 4897118.802978336 454630
pla85900_n85899_uncorr_01.ttp: 208612.0 3699556.0 1.327114E7 142651262 2.0845227514132363E8 4933048.9943470545 453087
pla85900_n85899_uncorr_01.ttp: 205751.0 3702417.0 1.326851E7 142702964 2.1003294103600222E8 4867192.35855991 457717
Instance :pla85900_n85899_uncorr-similar-weights_01.ttp
RESULTS FOR heuristics : 20
pla85900_n85899_uncorr-similar-weights_01.ttp: 454.0 7843670.0 6738384.0 142654379 2.0889590574665833E8 2560465.8850668333 195040
pla85900_n85899_uncorr-similar-weights_01.ttp: 275.0 7843849.0 6760971.0 142703715 1.9869043456855026E8 2787162.308628995 194293
pla85900_n85899_uncorr-similar-weights_01.ttp: 461.0 7843663.0 6751730.0 142669331 1.9892807175370064E8 2773168.5649259873 195605
pla85900_n85899_uncorr-similar-weights_01.ttp: 199.0 7843925.0 6792389.0 142735146 2.035123509755093E8 2722141.980489814 197033
pla85900_n85899_uncorr-similar-weights_01.ttp: 381.0 7843743.0 6745601.0 142672109 2.070903221858438E8 2603794.556283124 197461
pla85900_n85899_uncorr-similar-weights_01.ttp: 305.0 7843819.0 6769451.0 142699710 1.9901518233486798E8 2789147.3533026404 194305
pla85900_n85899_uncorr-similar-weights_01.ttp: 85.0 7844039.0 6757867.0 142745744 2.0333287308177137E8 2691209.5383645725 195880
pla85900_n85899_uncorr-similar-weights_01.ttp: 230.0 7843894.0 6787832.0 142677091 2.0396537407973847E8 2708524.5184052307 196523
pla85900_n85899_uncorr-similar-weights_01.ttp: 505.0 7843619.0 6720463.0 142775377 2.001235877784448E8 2717991.244431104 197693
pla85900_n85899_uncorr-similar-weights_01.ttp: 439.0 7843685.0 6742826.0 142641278 1.9656141223666608E8 2811597.755266678 195369
pla85900_n85899_uncorr-similar-weights_01.ttp: 374.0 7843750.0 6761714.0 142684125 1.9778545891054147E8 2806004.8217891706 196309
pla85900_n85899_uncorr-similar-weights_01.ttp: 285.0 7843839.0 6774684.0 142717003 1.980775878111939E8 2813132.2437761216 198292
pla85900_n85899_uncorr-similar-weights_01.ttp: 354.0 7843770.0 6738896.0 142715302 2.026718237378144E8 2685459.525243712 194717
pla85900_n85899_uncorr-similar-weights_01.ttp: 684.0 7843440.0 6747927.0 142673072 1.9757024980717826E8 2796522.003856435 195600
pla85900_n85899_uncorr-similar-weights_01.ttp: 414.0 7843710.0 6752290.0 142693798 1.9909572790953523E8 2770375.441809295 193758
pla85900_n85899_uncorr-similar-weights_01.ttp: 102.0 7844022.0 6786774.0 142595877 2.0400424811886868E8 2706689.0376226264 194962
pla85900_n85899_uncorr-similar-weights_01.ttp: 565.0 7843559.0 6792700.0 142719125 2.0592147838064325E8 2674270.432387135 195112
pla85900_n85899_uncorr-similar-weights_01.ttp: 197.0 7843927.0 6779564.0 142651873 2.0366239795052832E8 2706316.0409894334 196069
pla85900_n85899_uncorr-similar-weights_01.ttp: 495.0 7843629.0 6756717.0 142818768 1.9761188677986518E8 2804479.2644026964 196029
pla85900_n85899_uncorr-similar-weights_01.ttp: 234.0 7843890.0 6763869.0 142766420 2.0009237069919515E8 2762021.586016097 195754
pla85900_n85899_uncorr-similar-weights_01.ttp: 435.0 7843689.0 6745608.0 142740083 1.9696638066042176E8 2806280.3867915645 195117
pla85900_n85899_uncorr-similar-weights_01.ttp: 384.0 7843740.0 6756334.0 142736407 1.977050484446497E8 2802233.031107006 195061
pla85900_n85899_uncorr-similar-weights_01.ttp: 659.0 7843465.0 6760124.0 142694867 1.9736543007963505E8 2812815.398407299 197158
pla85900_n85899_uncorr-similar-weights_01.ttp: 55.0 7844069.0 6753211.0 142661466 1.983222602276765E8 2786765.79544647 193360
pla85900_n85899_uncorr-similar-weights_01.ttp: 256.0 7843868.0 6764283.0 142720112 2.0084477262105754E8 2747387.547578849 193639
pla85900_n85899_uncorr-similar-weights_01.ttp: 818.0 7843306.0 6756745.0 142696029 1.9846446916743296E8 2787455.616651341 196215
pla85900_n85899_uncorr-similar-weights_01.ttp: 833.0 7843291.0 6737599.0 142644873 1.971668526751538E8 2794261.946496924 193741
pla85900_n85899_uncorr-similar-weights_01.ttp: 292.0 7843832.0 6767624.0 142738291 2.0504021066073933E8 2666819.7867852133 193363
pla85900_n85899_uncorr-similar-weights_01.ttp: 507.0 7843617.0 6735116.0 142723619 2.059179797673813E8 2616756.404652374 197687
pla85900_n85899_uncorr-similar-weights_01.ttp: 625.0 7843499.0 6759660.0 142614414 1.9979699355991682E8 2763720.1288016634 196242
RESULTS FOR heuristics : 24
pla85900_n85899_uncorr-similar-weights_01.ttp: 295.0 7843829.0 6758389.0 142711106 1.98364787382997E8 2791093.2523400597 452659
pla85900_n85899_uncorr-similar-weights_01.ttp: 735.0 7843389.0 6740595.0 142621440 1.974740966993186E8 2791113.066013628 450213
pla85900_n85899_uncorr-similar-weights_01.ttp: 590.0 7843534.0 6747150.0 142641191 1.974275886507858E8 2798598.226984284 452921
pla85900_n85899_uncorr-similar-weights_01.ttp: 267.0 7843857.0 6753640.0 142713875 1.9816327575658447E8 2790374.4848683104 449930
pla85900_n85899_uncorr-similar-weights_01.ttp: 285.0 7843839.0 6756613.0 142692413 1.980291568297353E8 2796029.863405294 450130
pla85900_n85899_uncorr-similar-weights_01.ttp: 72.0 7844052.0 6750141.0 142727170 1.992808128407534E8 2764524.7431849316 451153
pla85900_n85899_uncorr-similar-weights_01.ttp: 412.0 7843712.0 6761402.0 142725841 2.0199510358143264E8 2721499.928371347 452504
pla85900_n85899_uncorr-similar-weights_01.ttp: 379.0 7843745.0 6758927.0 142726786 2.0064412052785367E8 2746044.5894429265 447616
pla85900_n85899_uncorr-similar-weights_01.ttp: 244.0 7843880.0 6777561.0 142639993 1.975171871475631E8 2827217.2570487377 451222
pla85900_n85899_uncorr-similar-weights_01.ttp: 322.0 7843802.0 6758544.0 142646413 1.9815772271100697E8 2795389.5457798606 449507
pla85900_n85899_uncorr-similar-weights_01.ttp: 351.0 7843773.0 6766805.0 142711460 2.0000531114383963E8 2766698.777123207 452589
pla85900_n85899_uncorr-similar-weights_01.ttp: 103.0 7844021.0 6761900.0 142700234 1.978442548616959E8 2805014.9027660824 450813
pla85900_n85899_uncorr-similar-weights_01.ttp: 207.0 7843917.0 6774319.0 142760312 2.0183619252262944E8 2737595.149547411 446910
pla85900_n85899_uncorr-similar-weights_01.ttp: 651.0 7843473.0 6752217.0 142655663 1.9765102421372253E8 2799196.5157255493 452877
pla85900_n85899_uncorr-similar-weights_01.ttp: 398.0 7843726.0 6757451.0 142656025 2.011740863423644E8 2733969.273152712 456073
pla85900_n85899_uncorr-similar-weights_01.ttp: 447.0 7843677.0 6760723.0 142712604 1.9995401739093068E8 2761642.6521813865 452427
pla85900_n85899_uncorr-similar-weights_01.ttp: 636.0 7843488.0 6748794.0 142684321 1.9773110959899232E8 2794171.8080201535 451851
pla85900_n85899_uncorr-similar-weights_01.ttp: 531.0 7843593.0 6756701.0 142700298 2.0011882044980288E8 2754324.5910039423 452275
pla85900_n85899_uncorr-similar-weights_01.ttp: 80.0 7844044.0 6739283.0 142796702 1.977419340363182E8 2784444.3192736357 453009
pla85900_n85899_uncorr-similar-weights_01.ttp: 747.0 7843377.0 6740810.0 142791953 1.9682421936053225E8 2804325.6127893548 451114
pla85900_n85899_uncorr-similar-weights_01.ttp: 228.0 7843896.0 6756431.0 142685851 1.9705975250981373E8 2815235.9498037254 450996
pla85900_n85899_uncorr-similar-weights_01.ttp: 45.0 7844079.0 6743097.0 142668962 1.9732968087559253E8 2796503.382488149 450033
pla85900_n85899_uncorr-similar-weights_01.ttp: 257.0 7843867.0 6764195.0 142669490 1.974793744212094E8 2814607.511575812 450443
pla85900_n85899_uncorr-similar-weights_01.ttp: 185.0 7843939.0 6785643.0 142652357 2.040179920542198E8 2705283.1589156035 450053
pla85900_n85899_uncorr-similar-weights_01.ttp: 231.0 7843893.0 6757022.0 142599793 1.9618160799479613E8 2833389.8401040775 452146
pla85900_n85899_uncorr-similar-weights_01.ttp: 235.0 7843889.0 6767049.0 142650964 1.9721891769116324E8 2822670.646176735 450213
pla85900_n85899_uncorr-similar-weights_01.ttp: 384.0 7843740.0 6750444.0 142699632 1.974865717771627E8 2800712.564456746 450505
pla85900_n85899_uncorr-similar-weights_01.ttp: 198.0 7843926.0 6781424.0 142685126 2.0374874013367346E8 2706449.1973265307 449959
pla85900_n85899_uncorr-similar-weights_01.ttp: 403.0 7843721.0 6758848.0 142681024 1.9714623874361143E8 2815923.2251277715 451699
pla85900_n85899_uncorr-similar-weights_01.ttp: 628.0 7843496.0 6760740.0 142765007 2.0138172128943393E8 2733105.5742113213 452171
