Enter TTP instance file:
RESULTS FOR heuristics : 20
rl11849_n11848_uncorr-similar-weights_01.ttp: 124.0 1081828.0 934338.0 929290 1259867.5486296967 392594.9540892304 43254
rl11849_n11848_uncorr-similar-weights_01.ttp: 24.0 1081928.0 933287.0 928106 1265108.927962424 389290.16097615764 45268
rl11849_n11848_uncorr-similar-weights_01.ttp: 93.0 1081859.0 939645.0 928414 1265330.7431784326 395552.780433274 44272
rl11849_n11848_uncorr-similar-weights_01.ttp: 116.0 1081836.0 932426.0 928439 1266757.1616380091 387720.4204956561 43349
rl11849_n11848_uncorr-similar-weights_01.ttp: 865.0 1081087.0 938488.0 927399 1266213.9415891066 394016.00511668413 41954
rl11849_n11848_uncorr-similar-weights_01.ttp: 129.0 1081823.0 934887.0 928453 1269347.273276837 389067.6724909601 43049
rl11849_n11848_uncorr-similar-weights_01.ttp: 114.0 1081838.0 932394.0 928784 1263374.8964566237 389142.7945236518 45062
rl11849_n11848_uncorr-similar-weights_01.ttp: 158.0 1081794.0 935043.0 928512 1273190.5943574982 387571.04442627577 42852
rl11849_n11848_uncorr-similar-weights_01.ttp: 119.0 1081833.0 934452.0 928012 1282344.098089821 383044.03782137705 42363
rl11849_n11848_uncorr-similar-weights_01.ttp: 76.0 1081876.0 929857.0 928125 1259671.9628912935 388198.0559567438 42685
rl11849_n11848_uncorr-similar-weights_01.ttp: 55.0 1081897.0 932979.0 927884 1273125.73859452 385534.9324043564 43186
rl11849_n11848_uncorr-similar-weights_01.ttp: 219.0 1081733.0 935364.0 928019 1268802.595123053 389778.8840970872 43178
rl11849_n11848_uncorr-similar-weights_01.ttp: 98.0 1081854.0 933274.0 927912 1256759.3498911425 392867.47954680875 44294
rl11849_n11848_uncorr-similar-weights_01.ttp: 40.0 1081912.0 937207.0 928718 1270097.2813288986 391065.16902857355 42737
rl11849_n11848_uncorr-similar-weights_01.ttp: 929.0 1081023.0 935364.0 929255 1269229.916059419 389595.1360944498 44034
rl11849_n11848_uncorr-similar-weights_01.ttp: 191.0 1081761.0 929527.0 928772 1265877.9299262902 385199.4901316953 43527
rl11849_n11848_uncorr-similar-weights_01.ttp: 42.0 1081910.0 937967.0 927744 1267502.8721303868 392940.76498393365 41724
rl11849_n11848_uncorr-similar-weights_01.ttp: 146.0 1081806.0 942351.0 929823 1285484.2432569237 389592.77539952286 44062
rl11849_n11848_uncorr-similar-weights_01.ttp: 180.0 1081772.0 933662.0 927402 1262309.7392043632 390868.8121421238 43103
rl11849_n11848_uncorr-similar-weights_01.ttp: 151.0 1081801.0 942004.0 928096 1254856.4680263433 402415.7187486724 43294
rl11849_n11848_uncorr-similar-weights_01.ttp: 122.0 1081830.0 933494.0 928970 1258097.346969142 392512.1408032689 43486
rl11849_n11848_uncorr-similar-weights_01.ttp: 40.0 1081912.0 938860.0 928810 1275183.3111995417 390531.1761841971 44870
rl11849_n11848_uncorr-similar-weights_01.ttp: 0.0 1081952.0 930847.0 928418 1271319.249482499 384179.7227225255 42529
rl11849_n11848_uncorr-similar-weights_01.ttp: 45.0 1081907.0 933238.0 927943 1275078.0862405093 384954.42291658104 41680
rl11849_n11848_uncorr-similar-weights_01.ttp: 68.0 1081884.0 938227.0 928275 1277308.7938276895 388984.21865409357 41883
rl11849_n11848_uncorr-similar-weights_01.ttp: 983.0 1080969.0 933648.0 928552 1273144.5060213704 386195.8624108108 43689
rl11849_n11848_uncorr-similar-weights_01.ttp: 152.0 1081800.0 932950.0 927922 1257369.136503433 392281.2713035238 42966
rl11849_n11848_uncorr-similar-weights_01.ttp: 224.0 1081728.0 932794.0 927500 1259391.2190839325 391255.7757939091 42059
rl11849_n11848_uncorr-similar-weights_01.ttp: 129.0 1081823.0 936790.0 928021 1265104.2999198672 392795.15103445714 43491
rl11849_n11848_uncorr-similar-weights_01.ttp: 13.0 1081939.0 940036.0 928583 1280057.4757816703 389611.28541388176 43919
RESULTS FOR heuristics : 21
rl11849_n11848_uncorr-similar-weights_01.ttp: 174.0 1081778.0 934611.0 927276 1279882.7372640795 384261.4229764459 61065
rl11849_n11848_uncorr-similar-weights_01.ttp: 133.0 1081819.0 930574.0 927998 1272046.7546341554 383593.8955073132 60700
rl11849_n11848_uncorr-similar-weights_01.ttp: 2.0 1081950.0 936992.0 928067 1276419.3613770646 388131.67460786225 60642
rl11849_n11848_uncorr-similar-weights_01.ttp: 51.0 1081901.0 935759.0 928166 1274357.8158682247 387785.13917666336 61355
rl11849_n11848_uncorr-similar-weights_01.ttp: 188.0 1081764.0 933085.0 929413 1252848.5344058643 394360.1302054784 62729
rl11849_n11848_uncorr-similar-weights_01.ttp: 211.0 1081741.0 934738.0 928365 1263578.8336772886 391399.1015187659 59983
rl11849_n11848_uncorr-similar-weights_01.ttp: 14.0 1081938.0 933032.0 927396 1275082.7869007236 384746.4016326888 59472
rl11849_n11848_uncorr-similar-weights_01.ttp: 87.0 1081865.0 934223.0 928015 1275682.8055770318 385679.39360187633 59450
rl11849_n11848_uncorr-similar-weights_01.ttp: 130.0 1081822.0 939544.0 929445 1271811.3469717437 392665.1208021502 60442
rl11849_n11848_uncorr-similar-weights_01.ttp: 110.0 1081842.0 934961.0 928176 1275268.5033851191 386595.54354439874 61494
rl11849_n11848_uncorr-similar-weights_01.ttp: 217.0 1081735.0 938447.0 928560 1265101.6893095965 394453.2735968735 61694
rl11849_n11848_uncorr-similar-weights_01.ttp: 188.0 1081764.0 929096.0 928618 1269393.5432381092 383256.77640761307 62093
rl11849_n11848_uncorr-similar-weights_01.ttp: 199.0 1081753.0 938026.0 927783 1253490.7401137499 399024.9817510876 59754
rl11849_n11848_uncorr-similar-weights_01.ttp: 154.0 1081798.0 929108.0 927393 1264411.9465771464 385410.86297182704 60906
rl11849_n11848_uncorr-similar-weights_01.ttp: 65.0 1081887.0 937242.0 928268 1282182.072023597 385903.7090298532 60659
rl11849_n11848_uncorr-similar-weights_01.ttp: 129.0 1081823.0 932790.0 927443 1279020.6583877283 382811.1168932768 60560
rl11849_n11848_uncorr-similar-weights_01.ttp: 279.0 1081673.0 935404.0 928679 1270133.549598934 389246.5736724584 62021
rl11849_n11848_uncorr-similar-weights_01.ttp: 115.0 1081837.0 930892.0 927894 1265414.7463631306 386763.6590638538 61480
rl11849_n11848_uncorr-similar-weights_01.ttp: 94.0 1081858.0 932503.0 927561 1269486.0435440484 386624.0012760592 60613
rl11849_n11848_uncorr-similar-weights_01.ttp: 87.0 1081865.0 937328.0 929104 1274922.252945362 389111.4312334944 60617
rl11849_n11848_uncorr-similar-weights_01.ttp: 201.0 1081751.0 931429.0 928617 1256985.7628491265 390925.12197487557 62010
rl11849_n11848_uncorr-similar-weights_01.ttp: 19.0 1081933.0 935456.0 927543 1270624.9092420058 389087.28902593756 60807
rl11849_n11848_uncorr-similar-weights_01.ttp: 176.0 1081776.0 930680.0 929613 1257657.706280357 389887.1862994465 61970
rl11849_n11848_uncorr-similar-weights_01.ttp: 297.0 1081655.0 940916.0 928919 1277863.5531606018 391434.67214094126 63125
rl11849_n11848_uncorr-similar-weights_01.ttp: 0.0 1081952.0 929045.0 927520 1269004.72985922 383372.96616053535 61320
rl11849_n11848_uncorr-similar-weights_01.ttp: 107.0 1081845.0 932175.0 929121 1252728.5543567587 393501.72162659373 61598
rl11849_n11848_uncorr-similar-weights_01.ttp: 83.0 1081869.0 927233.0 927809 1246508.1896807423 391234.47843728075 61672
rl11849_n11848_uncorr-similar-weights_01.ttp: 120.0 1081832.0 936392.0 928051 1275427.0444999528 387958.3708650203 62004
rl11849_n11848_uncorr-similar-weights_01.ttp: 66.0 1081886.0 928486.0 927366 1267472.5341002573 383472.81033688935 59925
rl11849_n11848_uncorr-similar-weights_01.ttp: 76.0 1081876.0 935960.0 929358 1266555.5575637708 391341.1102475786 61682
RESULTS FOR heuristics : 22
rl11849_n11848_uncorr-similar-weights_01.ttp: 40.0 1081912.0 926486.0 928979 1274923.8041090087 378268.7642331262 599801
rl11849_n11848_uncorr-similar-weights_01.ttp: 166.0 1081786.0 931650.0 928376 1265486.696914014 387490.72032697406 599793
rl11849_n11848_uncorr-similar-weights_01.ttp: 37.0 1081915.0 932532.0 929013 1264819.3510098741 388659.6790657542 599794
rl11849_n11848_uncorr-similar-weights_01.ttp: 88.0 1081864.0 937744.0 928677 1278352.7224569651 388052.32934350497 599807
rl11849_n11848_uncorr-similar-weights_01.ttp: 133.0 1081819.0 940024.0 929419 1263572.7361195497 396687.7234685937 599802
rl11849_n11848_uncorr-similar-weights_01.ttp: 189.0 1081763.0 931677.0 929129 1254629.8762655505 392186.15320581326 599798
rl11849_n11848_uncorr-similar-weights_01.ttp: 275.0 1081677.0 932901.0 928907 1260745.8521476283 390780.2835765198 599792
rl11849_n11848_uncorr-similar-weights_01.ttp: 9.0 1081943.0 932434.0 928160 1260373.0300570747 390473.5970754579 599812
rl11849_n11848_uncorr-similar-weights_01.ttp: 98.0 1081854.0 937133.0 927751 1272536.406261702 389942.3453074681 599819
rl11849_n11848_uncorr-similar-weights_01.ttp: 20.0 1081932.0 931264.0 928853 1260739.2380795854 389146.1276257783 599799
rl11849_n11848_uncorr-similar-weights_01.ttp: 70.0 1081882.0 926394.0 928071 1265811.088628147 382095.2318898968 599792
rl11849_n11848_uncorr-similar-weights_01.ttp: 214.0 1081738.0 926577.0 928088 1258976.5342137052 385217.0902881068 599808
rl11849_n11848_uncorr-similar-weights_01.ttp: 130.0 1081822.0 936731.0 928046 1252401.5794725437 398198.32082680624 599818
rl11849_n11848_uncorr-similar-weights_01.ttp: 0.0 1081952.0 927335.0 927605 1265797.3600679885 383042.135170765 599804
rl11849_n11848_uncorr-similar-weights_01.ttp: 170.0 1081782.0 930989.0 928633 1256588.6327336037 390655.88792455045 599813
rl11849_n11848_uncorr-similar-weights_01.ttp: 46.0 1081906.0 936807.0 928670 1272754.9155906069 389522.3862960391 599814
rl11849_n11848_uncorr-similar-weights_01.ttp: 101.0 1081851.0 934950.0 928487 1269293.7907821827 389153.66996366146 599818
rl11849_n11848_uncorr-similar-weights_01.ttp: 111.0 1081841.0 936887.0 928307 1268798.805878946 391303.5134720532 599818
rl11849_n11848_uncorr-similar-weights_01.ttp: 5.0 1081947.0 931175.0 929214 1261731.5298206958 388630.4421771008 599795
rl11849_n11848_uncorr-similar-weights_01.ttp: 251.0 1081701.0 938987.0 927245 1261792.04141645 396416.4221909265 599793
rl11849_n11848_uncorr-similar-weights_01.ttp: 93.0 1081859.0 933683.0 928500 1252871.5537539576 394948.2318857983 599793
rl11849_n11848_uncorr-similar-weights_01.ttp: 42.0 1081910.0 925326.0 927740 1263549.7046203038 381999.62701326935 599804
rl11849_n11848_uncorr-similar-weights_01.ttp: 166.0 1081786.0 930617.0 927626 1264789.8346212162 386757.37111287704 599816
rl11849_n11848_uncorr-similar-weights_01.ttp: 15.0 1081937.0 930283.0 928074 1257220.3791762423 389678.2369542158 599798
rl11849_n11848_uncorr-similar-weights_01.ttp: 164.0 1081788.0 933893.0 928037 1266132.7476671592 389455.9185031216 599790
rl11849_n11848_uncorr-similar-weights_01.ttp: 152.0 1081800.0 936018.0 928686 1265569.0124202203 391823.3246593053 599803
rl11849_n11848_uncorr-similar-weights_01.ttp: 94.0 1081858.0 934244.0 928753 1276368.5511314583 385405.5230134729 599813
rl11849_n11848_uncorr-similar-weights_01.ttp: 929.0 1081023.0 925814.0 928809 1260378.4999380761 383851.2450266273 599790
rl11849_n11848_uncorr-similar-weights_01.ttp: 128.0 1081824.0 936177.0 929036 1271281.2196339513 389526.07555740094 599817
rl11849_n11848_uncorr-similar-weights_01.ttp: 138.0 1081814.0 932709.0 928110 1265208.0672050202 388669.53110184136 599810
RESULTS FOR heuristics : 23
rl11849_n11848_uncorr-similar-weights_01.ttp: 86.0 1081866.0 929853.0 929244 1250547.1545702317 392117.72353480035 600248
rl11849_n11848_uncorr-similar-weights_01.ttp: 946.0 1081006.0 935347.0 929161 1266287.221457926 390843.49477309175 600302
rl11849_n11848_uncorr-similar-weights_01.ttp: 101.0 1081851.0 930575.0 928075 1273199.8641651792 383099.0584089729 600106
rl11849_n11848_uncorr-similar-weights_01.ttp: 62.0 1081890.0 936313.0 928641 1271989.4563000093 389357.53379099607 599909
rl11849_n11848_uncorr-similar-weights_01.ttp: 59.0 1081893.0 938183.0 928666 1271101.6026023463 391609.31088099105 599881
rl11849_n11848_uncorr-similar-weights_01.ttp: 108.0 1081844.0 938166.0 928135 1286896.5143058146 384800.49884849973 600069
rl11849_n11848_uncorr-similar-weights_01.ttp: 43.0 1081909.0 927892.0 928273 1248012.4068601022 391246.66505015607 600197
rl11849_n11848_uncorr-similar-weights_01.ttp: 184.0 1081768.0 935061.0 928028 1259074.4234816716 393658.99790288124 599913
rl11849_n11848_uncorr-similar-weights_01.ttp: 980.0 1080972.0 932028.0 929149 1271334.5405465816 385354.14756496996 600170
rl11849_n11848_uncorr-similar-weights_01.ttp: 174.0 1081778.0 937856.0 928520 1273000.9529675518 390465.5902239528 600080
rl11849_n11848_uncorr-similar-weights_01.ttp: 936.0 1081016.0 928009.0 928059 1266792.6365512754 383288.1662829516 600026
rl11849_n11848_uncorr-similar-weights_01.ttp: 36.0 1081916.0 933100.0 929062 1262843.8192068269 390077.15774106444 600132
rl11849_n11848_uncorr-similar-weights_01.ttp: 177.0 1081775.0 937704.0 928617 1262109.1749197503 394997.0547845074 599931
rl11849_n11848_uncorr-similar-weights_01.ttp: 101.0 1081851.0 933571.0 928203 1259565.6444407727 391957.7728904678 600262
rl11849_n11848_uncorr-similar-weights_01.ttp: 120.0 1081832.0 923310.0 928894 1254708.0512292506 383785.5379714222 600144
rl11849_n11848_uncorr-similar-weights_01.ttp: 2.0 1081950.0 926666.0 929419 1260719.3161630577 384556.69404988515 599958
rl11849_n11848_uncorr-similar-weights_01.ttp: 167.0 1081785.0 933479.0 927930 1272631.8769882806 386247.2928950393 600184
rl11849_n11848_uncorr-similar-weights_01.ttp: 929.0 1081023.0 940645.0 928744 1269853.5523200266 394607.97250238864 600183
rl11849_n11848_uncorr-similar-weights_01.ttp: 70.0 1081882.0 936893.0 928191 1271613.4618579086 390099.21140109934 599812
rl11849_n11848_uncorr-similar-weights_01.ttp: 30.0 1081922.0 940908.0 928778 1271697.8856931739 394077.90915193525 599849
rl11849_n11848_uncorr-similar-weights_01.ttp: 991.0 1080961.0 929650.0 929075 1254438.5939463277 390241.4046030791 600162
rl11849_n11848_uncorr-similar-weights_01.ttp: 52.0 1081900.0 937668.0 928484 1258969.5709843556 396311.08447672706 600339
rl11849_n11848_uncorr-similar-weights_01.ttp: 69.0 1081883.0 927458.0 927847 1274331.2606876402 379495.5579043147 600131
rl11849_n11848_uncorr-similar-weights_01.ttp: 174.0 1081778.0 934229.0 928739 1261345.66982086 391850.3619770302 600219
rl11849_n11848_uncorr-similar-weights_01.ttp: 99.0 1081853.0 931320.0 928283 1269801.2970862808 385305.4422528993 599794
rl11849_n11848_uncorr-similar-weights_01.ttp: 194.0 1081758.0 932980.0 930128 1267212.0399878959 388078.8228052048 600114
rl11849_n11848_uncorr-similar-weights_01.ttp: 102.0 1081850.0 940426.0 927923 1280775.9078567089 389692.35962161515 599908
rl11849_n11848_uncorr-similar-weights_01.ttp: 129.0 1081823.0 932648.0 928013 1265710.8799419492 388392.3216249619 600157
rl11849_n11848_uncorr-similar-weights_01.ttp: 169.0 1081783.0 927215.0 927741 1252871.7846364137 388480.1326063421 599937
rl11849_n11848_uncorr-similar-weights_01.ttp: 964.0 1080988.0 932557.0 928889 1256892.703912341 392093.1373176933 599823
RESULTS FOR heuristics : 24
rl11849_n11848_uncorr-similar-weights_01.ttp: 0.0 1081952.0 942973.0 927160 1257950.6684716095 402054.2125572079 562445
rl11849_n11848_uncorr-similar-weights_01.ttp: 125.0 1081827.0 931531.0 929292 1254407.9926693775 392135.5631521677 566583
rl11849_n11848_uncorr-similar-weights_01.ttp: 225.0 1081727.0 940516.0 927617 1263992.6525056036 396999.1594225904 567442
rl11849_n11848_uncorr-similar-weights_01.ttp: 171.0 1081781.0 936991.0 928936 1258611.0680458073 395788.24074030283 568467
rl11849_n11848_uncorr-similar-weights_01.ttp: 131.0 1081821.0 935518.0 928832 1256750.3928856433 395115.33105917345 569630
rl11849_n11848_uncorr-similar-weights_01.ttp: 91.0 1081861.0 939842.0 928383 1268238.0392497778 394499.6431225955 568767
rl11849_n11848_uncorr-similar-weights_01.ttp: 231.0 1081721.0 932817.0 928228 1244620.9571700117 397629.9884168949 569814
rl11849_n11848_uncorr-similar-weights_01.ttp: 183.0 1081769.0 940430.0 928446 1260993.3489105864 398202.8599684478 575969
rl11849_n11848_uncorr-similar-weights_01.ttp: 250.0 1081702.0 940147.0 928301 1268457.377211247 394710.32779916376 567933
rl11849_n11848_uncorr-similar-weights_01.ttp: 207.0 1081745.0 938160.0 927188 1255466.684110808 398309.3258323526 569985
rl11849_n11848_uncorr-similar-weights_01.ttp: 102.0 1081850.0 934569.0 928016 1254001.3778007133 395348.40754569334 574589
rl11849_n11848_uncorr-similar-weights_01.ttp: 173.0 1081779.0 940367.0 927874 1260714.0577341153 398259.9551743304 568940
rl11849_n11848_uncorr-similar-weights_01.ttp: 269.0 1081683.0 932764.0 927597 1246904.510061878 396595.0606733925 560989
rl11849_n11848_uncorr-similar-weights_01.ttp: 68.0 1081884.0 933884.0 929498 1254397.1418104277 394493.22902151616 566338
rl11849_n11848_uncorr-similar-weights_01.ttp: 47.0 1081905.0 936498.0 928171 1251658.8861774758 398284.6789436854 565257
rl11849_n11848_uncorr-similar-weights_01.ttp: 116.0 1081836.0 935279.0 928717 1253073.2673828562 396457.4950253718 562124
rl11849_n11848_uncorr-similar-weights_01.ttp: 180.0 1081772.0 934064.0 927862 1254431.706348924 394658.36626996275 568772
rl11849_n11848_uncorr-similar-weights_01.ttp: 265.0 1081687.0 936628.0 927290 1252762.7529898896 397940.01621434744 560766
rl11849_n11848_uncorr-similar-weights_01.ttp: 259.0 1081693.0 936419.0 927914 1258668.8818049708 395191.3808238626 566787
rl11849_n11848_uncorr-similar-weights_01.ttp: 1.0 1081951.0 941950.0 927776 1271514.4792961073 395198.77390267386 565403
rl11849_n11848_uncorr-similar-weights_01.ttp: 226.0 1081726.0 939821.0 927675 1251733.7218931264 401575.49958595564 563304
rl11849_n11848_uncorr-similar-weights_01.ttp: 275.0 1081677.0 937055.0 928323 1251429.4411925762 398940.34028719226 557851
rl11849_n11848_uncorr-similar-weights_01.ttp: 9.0 1081943.0 938085.0 927162 1265445.8869759822 393943.26860032766 567242
rl11849_n11848_uncorr-similar-weights_01.ttp: 68.0 1081884.0 935958.0 929017 1245788.3009824473 400269.0305775476 577349
rl11849_n11848_uncorr-similar-weights_01.ttp: 208.0 1081744.0 939015.0 926958 1259704.470914747 397342.07750665874 567575
rl11849_n11848_uncorr-similar-weights_01.ttp: 83.0 1081869.0 940615.0 928243 1262456.779101852 397758.5849862036 560820
rl11849_n11848_uncorr-similar-weights_01.ttp: 88.0 1081864.0 938968.0 928841 1267355.8614980606 394004.97955583397 565249
rl11849_n11848_uncorr-similar-weights_01.ttp: 93.0 1081859.0 934163.0 928741 1249290.0483783525 396968.27919730847 561903
rl11849_n11848_uncorr-similar-weights_01.ttp: 229.0 1081723.0 938895.0 927726 1256249.6103201576 398707.66756233224 563939
rl11849_n11848_uncorr-similar-weights_01.ttp: 61.0 1081891.0 937388.0 928958 1268589.7024285372 391894.4279557291 563210
RESULTS FOR heuristics : 25
rl11849_n11848_uncorr-similar-weights_01.ttp: 182.0 1081770.0 932103.0 927720 1260086.7062607766 390265.71630786604 599929
rl11849_n11848_uncorr-similar-weights_01.ttp: 35.0 1081917.0 936063.0 927464 1269263.6207038227 390279.6430973562 599999
rl11849_n11848_uncorr-similar-weights_01.ttp: 290.0 1081662.0 938608.0 929248 1266509.2366683509 394009.02823260915 600150
rl11849_n11848_uncorr-similar-weights_01.ttp: 121.0 1081831.0 938311.0 929512 1266494.155313736 393718.5132150935 600014
rl11849_n11848_uncorr-similar-weights_01.ttp: 159.0 1081793.0 930276.0 928385 1257885.5666513892 389385.2063399026 600163
rl11849_n11848_uncorr-similar-weights_01.ttp: 195.0 1081757.0 931814.0 927690 1276667.8288143203 382846.83360984235 600097
rl11849_n11848_uncorr-similar-weights_01.ttp: 72.0 1081880.0 932595.0 928154 1277579.9652716673 383235.61493318307 600019
rl11849_n11848_uncorr-similar-weights_01.ttp: 183.0 1081769.0 928915.0 929543 1281306.4469124202 377953.22782765934 600245
rl11849_n11848_uncorr-similar-weights_01.ttp: 94.0 1081858.0 929301.0 927701 1268468.9713791118 383859.3423069819 600041
rl11849_n11848_uncorr-similar-weights_01.ttp: 117.0 1081835.0 939307.0 927804 1284579.0135852313 386938.02415835054 600235
rl11849_n11848_uncorr-similar-weights_01.ttp: 201.0 1081751.0 931151.0 928316 1263992.9840923077 387634.0168403076 600149
rl11849_n11848_uncorr-similar-weights_01.ttp: 57.0 1081895.0 936076.0 928899 1270736.2857223256 389659.3971394 600296
rl11849_n11848_uncorr-similar-weights_01.ttp: 238.0 1081714.0 935578.0 927743 1278724.040941434 385726.66239518335 599993
rl11849_n11848_uncorr-similar-weights_01.ttp: 70.0 1081882.0 938117.0 928714 1281294.658619258 387160.29679371906 600126
rl11849_n11848_uncorr-similar-weights_01.ttp: 133.0 1081819.0 938099.0 928682 1257857.8961954976 397220.1046359361 600098
rl11849_n11848_uncorr-similar-weights_01.ttp: 100.0 1081852.0 932290.0 927900 1265401.6636759464 388167.284619343 600083
rl11849_n11848_uncorr-similar-weights_01.ttp: 11.0 1081941.0 933895.0 928418 1272272.2035622413 386817.9524682362 600019
rl11849_n11848_uncorr-similar-weights_01.ttp: 13.0 1081939.0 936316.0 928135 1265101.83955983 392322.20898927306 600018
rl11849_n11848_uncorr-similar-weights_01.ttp: 90.0 1081862.0 932764.0 927622 1255411.4027478518 392937.0968184237 600003
rl11849_n11848_uncorr-similar-weights_01.ttp: 288.0 1081664.0 930523.0 928641 1276769.312271456 381512.1957232739 600047
rl11849_n11848_uncorr-similar-weights_01.ttp: 245.0 1081707.0 939788.0 927646 1257238.4901613228 399175.44923063123 600260
rl11849_n11848_uncorr-similar-weights_01.ttp: 99.0 1081853.0 934957.0 928459 1260427.776442713 392973.05612963333 600153
rl11849_n11848_uncorr-similar-weights_01.ttp: 227.0 1081725.0 932166.0 929419 1256351.1638190306 391934.9995578169 600098
rl11849_n11848_uncorr-similar-weights_01.ttp: 238.0 1081714.0 929703.0 928192 1266978.702126179 384902.1580857431 600175
rl11849_n11848_uncorr-similar-weights_01.ttp: 204.0 1081748.0 939784.0 929105 1276563.8324223603 390861.5520583851 600094
rl11849_n11848_uncorr-similar-weights_01.ttp: 158.0 1081794.0 935381.0 927539 1246518.7750418647 399377.9267319982 600012
rl11849_n11848_uncorr-similar-weights_01.ttp: 958.0 1080994.0 926553.0 928348 1252813.2237763454 387843.31377617153 599999
rl11849_n11848_uncorr-similar-weights_01.ttp: 23.0 1081929.0 927198.0 927482 1269802.868028965 381182.766747545 600083
rl11849_n11848_uncorr-similar-weights_01.ttp: 149.0 1081803.0 938526.0 927388 1279364.7827252105 388399.1434281595 600092
rl11849_n11848_uncorr-similar-weights_01.ttp: 62.0 1081890.0 928178.0 928834 1256326.2828722189 387957.69836494594 600218
RESULTS FOR heuristics : 26
rl11849_n11848_uncorr-similar-weights_01.ttp: 46.0 1081906.0 929232.0 927920 1264870.236329767 385337.79837820027 600016
rl11849_n11848_uncorr-similar-weights_01.ttp: 151.0 1081801.0 927786.0 928932 1282484.945144399 376317.47358790843 600012
rl11849_n11848_uncorr-similar-weights_01.ttp: 102.0 1081850.0 933229.0 928088 1277085.497082144 384082.2362546781 600006
rl11849_n11848_uncorr-similar-weights_01.ttp: 115.0 1081837.0 938901.0 929246 1265386.9642343898 394784.6053792124 600015
rl11849_n11848_uncorr-similar-weights_01.ttp: 184.0 1081768.0 938876.0 928711 1266984.7034602924 394072.57751207426 600250
rl11849_n11848_uncorr-similar-weights_01.ttp: 206.0 1081746.0 936547.0 928556 1268527.2056194833 391080.30158362223 600014
rl11849_n11848_uncorr-similar-weights_01.ttp: 190.0 1081762.0 929272.0 927891 1268757.7802359697 383706.154498533 600012
rl11849_n11848_uncorr-similar-weights_01.ttp: 191.0 1081761.0 931681.0 927532 1271465.8751794873 384950.67367282044 600039
rl11849_n11848_uncorr-similar-weights_01.ttp: 30.0 1081922.0 935494.0 928592 1270357.5761985367 389240.24223462923 600220
rl11849_n11848_uncorr-similar-weights_01.ttp: 171.0 1081781.0 936767.0 927988 1252414.4275413228 398228.7961572312 600082
rl11849_n11848_uncorr-similar-weights_01.ttp: 59.0 1081893.0 931012.0 929106 1263771.878562264 387590.0922182265 600012
rl11849_n11848_uncorr-similar-weights_01.ttp: 143.0 1081809.0 936120.0 928493 1265884.864289229 391789.5083556315 599991
rl11849_n11848_uncorr-similar-weights_01.ttp: 202.0 1081750.0 941442.0 928235 1275959.0319817276 392779.6162478571 600012
rl11849_n11848_uncorr-similar-weights_01.ttp: 208.0 1081744.0 931454.0 928667 1266977.3832837902 386653.7251879702 600054
rl11849_n11848_uncorr-similar-weights_01.ttp: 44.0 1081908.0 929862.0 927069 1261813.0826196426 387282.37447355373 599993
rl11849_n11848_uncorr-similar-weights_01.ttp: 91.0 1081861.0 937480.0 927666 1269426.090282308 391626.7811786076 600012
rl11849_n11848_uncorr-similar-weights_01.ttp: 133.0 1081819.0 933233.0 929316 1255869.1568206898 393209.2625671034 600004
rl11849_n11848_uncorr-similar-weights_01.ttp: 151.0 1081801.0 926628.0 928194 1261763.563639347 384069.66763508075 599990
rl11849_n11848_uncorr-similar-weights_01.ttp: 46.0 1081906.0 939520.0 927736 1266117.2013564843 395089.6034167118 599995
rl11849_n11848_uncorr-similar-weights_01.ttp: 142.0 1081810.0 935437.0 927726 1269962.0288926424 389353.3275761638 600078
rl11849_n11848_uncorr-similar-weights_01.ttp: 97.0 1081855.0 935061.0 928642 1271782.6753949672 388194.44958016416 599990
rl11849_n11848_uncorr-similar-weights_01.ttp: 0.0 1081952.0 933911.0 927949 1245207.7066976868 398471.68611999473 599990
rl11849_n11848_uncorr-similar-weights_01.ttp: 106.0 1081846.0 934947.0 929098 1275104.768313711 386651.9496251043 600107
rl11849_n11848_uncorr-similar-weights_01.ttp: 225.0 1081727.0 936852.0 929042 1257603.3935803773 396082.5407604377 600118
rl11849_n11848_uncorr-similar-weights_01.ttp: 1.0 1081951.0 932752.0 928631 1280489.8220454224 382141.3765204684 599998
rl11849_n11848_uncorr-similar-weights_01.ttp: 71.0 1081881.0 933938.0 929082 1278496.3671096615 384184.5621428456 600092
rl11849_n11848_uncorr-similar-weights_01.ttp: 0.0 1081952.0 928978.0 929074 1257221.4843572783 388372.7617263703 600026
rl11849_n11848_uncorr-similar-weights_01.ttp: 148.0 1081804.0 939761.0 928539 1284434.1325395748 387454.3230079828 600072
rl11849_n11848_uncorr-similar-weights_01.ttp: 137.0 1081815.0 935105.0 928867 1260803.5557592667 392959.47102351533 600084
rl11849_n11848_uncorr-similar-weights_01.ttp: 171.0 1081781.0 929528.0 928177 1266997.4493402175 384719.09678370645 600020
RESULTS FOR heuristics : 27
rl11849_n11848_uncorr-similar-weights_01.ttp: 210.0 1081742.0 937198.0 928344 1265539.0540958077 393016.2067388027 600068
rl11849_n11848_uncorr-similar-weights_01.ttp: 79.0 1081873.0 937614.0 927631 1274954.775055633 389383.4467260778 600100
rl11849_n11848_uncorr-similar-weights_01.ttp: 101.0 1081851.0 918916.0 927684 1234407.7565764624 388120.6646721212 600059
rl11849_n11848_uncorr-similar-weights_01.ttp: 267.0 1081685.0 931497.0 928674 1263340.7347907126 388260.4840399936 600092
rl11849_n11848_uncorr-similar-weights_01.ttp: 155.0 1081797.0 934393.0 928384 1256798.1124302929 393969.8116549741 599996
rl11849_n11848_uncorr-similar-weights_01.ttp: 133.0 1081819.0 936479.0 928022 1259597.5596595001 394852.049346415 600007
rl11849_n11848_uncorr-similar-weights_01.ttp: 76.0 1081876.0 937294.0 927703 1270902.8226487979 390805.78626101697 599993
rl11849_n11848_uncorr-similar-weights_01.ttp: 125.0 1081827.0 928498.0 928452 1253514.083648437 389486.9440311721 600012
rl11849_n11848_uncorr-similar-weights_01.ttp: 56.0 1081896.0 938672.0 929135 1262187.2064869017 395931.50121063227 599995
rl11849_n11848_uncorr-similar-weights_01.ttp: 187.0 1081765.0 938179.0 927896 1263221.9343575365 394993.5682262593 600011
rl11849_n11848_uncorr-similar-weights_01.ttp: 971.0 1080981.0 925807.0 927434 1254170.8156185935 386513.54928400484 600022
rl11849_n11848_uncorr-similar-weights_01.ttp: 14.0 1081938.0 932458.0 928179 1253676.2490469473 393377.2129098127 600004
rl11849_n11848_uncorr-similar-weights_01.ttp: 142.0 1081810.0 937865.0 929175 1265911.0325739998 393523.2559931801 600047
rl11849_n11848_uncorr-similar-weights_01.ttp: 120.0 1081832.0 917015.0 927658 1220452.4688646514 392220.4383881999 600225
rl11849_n11848_uncorr-similar-weights_01.ttp: 118.0 1081834.0 933093.0 928966 1258827.287972662 391797.2661717554 600098
rl11849_n11848_uncorr-similar-weights_01.ttp: 174.0 1081778.0 931128.0 927810 1267156.1330984803 386250.86276765354 600012
rl11849_n11848_uncorr-similar-weights_01.ttp: 956.0 1080996.0 939798.0 927699 1278149.1454777345 390193.86744457413 599997
rl11849_n11848_uncorr-similar-weights_01.ttp: 112.0 1081840.0 936853.0 928373 1261114.44947832 394573.78672432236 600076
rl11849_n11848_uncorr-similar-weights_01.ttp: 148.0 1081804.0 933948.0 929688 1267715.132309251 388830.49310702214 600240
rl11849_n11848_uncorr-similar-weights_01.ttp: 24.0 1081928.0 935824.0 927764 1269665.8880715969 389867.6681292134 600012
rl11849_n11848_uncorr-similar-weights_01.ttp: 77.0 1081875.0 936675.0 928107 1273554.1815143956 389046.7019488099 600017
rl11849_n11848_uncorr-similar-weights_01.ttp: 191.0 1081761.0 939080.0 928944 1258014.536839429 398133.7491590455 600012
rl11849_n11848_uncorr-similar-weights_01.ttp: 13.0 1081939.0 935051.0 928123 1261704.6062358776 392518.0193185726 600138
rl11849_n11848_uncorr-similar-weights_01.ttp: 200.0 1081752.0 925125.0 927723 1239393.9723204698 392185.59190219804 599993
rl11849_n11848_uncorr-similar-weights_01.ttp: 3.0 1081949.0 932755.0 927757 1256210.2174402438 392584.6065006952 600091
rl11849_n11848_uncorr-similar-weights_01.ttp: 260.0 1081692.0 932497.0 928138 1257442.4590943512 391796.742589429 600144
rl11849_n11848_uncorr-similar-weights_01.ttp: 23.0 1081929.0 921638.0 928904 1239355.280510494 388715.2293804876 599999
rl11849_n11848_uncorr-similar-weights_01.ttp: 206.0 1081746.0 931158.0 929239 1255835.2706111672 391148.8336371981 600210
rl11849_n11848_uncorr-similar-weights_01.ttp: 300.0 1081652.0 925000.0 927155 1225390.4546338315 398082.10450745246 600012
rl11849_n11848_uncorr-similar-weights_01.ttp: 236.0 1081716.0 936109.0 928077 1275743.6734376727 387539.22042180074 599823
RESULTS FOR heuristics : 28
rl11849_n11848_uncorr-similar-weights_01.ttp: 132.0 1081820.0 935593.0 928524 1262057.1090469642 392908.44310980535 599991
rl11849_n11848_uncorr-similar-weights_01.ttp: 4.0 1081948.0 937025.0 928467 1261991.0581108823 394368.8450123207 600012
rl11849_n11848_uncorr-similar-weights_01.ttp: 147.0 1081805.0 933185.0 927739 1251393.0666881534 395085.981324094 600249
rl11849_n11848_uncorr-similar-weights_01.ttp: 25.0 1081927.0 931087.0 929232 1257612.1856605285 390313.76016597275 600043
rl11849_n11848_uncorr-similar-weights_01.ttp: 49.0 1081903.0 936561.0 927989 1263466.416401372 393270.44094741007 599992
rl11849_n11848_uncorr-similar-weights_01.ttp: 50.0 1081902.0 926055.0 928390 1250384.885255028 388389.49934033793 599991
rl11849_n11848_uncorr-similar-weights_01.ttp: 4.0 1081948.0 930272.0 928997 1259009.733829165 388897.814453459 600050
rl11849_n11848_uncorr-similar-weights_01.ttp: 110.0 1081842.0 926094.0 927441 1242155.038066537 391967.3336313892 599994
rl11849_n11848_uncorr-similar-weights_01.ttp: 113.0 1081839.0 927681.0 928591 1248942.8421883958 390635.5778589898 599999
rl11849_n11848_uncorr-similar-weights_01.ttp: 2.0 1081950.0 936928.0 928611 1265118.3321023046 392927.117196009 600019
rl11849_n11848_uncorr-similar-weights_01.ttp: 1.0 1081951.0 924826.0 929235 1246417.4709798922 388866.48747864633 600136
rl11849_n11848_uncorr-similar-weights_01.ttp: 153.0 1081799.0 933657.0 928204 1256371.9449845909 393417.0636566259 599823
rl11849_n11848_uncorr-similar-weights_01.ttp: 186.0 1081766.0 932547.0 928976 1253904.0564661743 393368.25571954506 599996
rl11849_n11848_uncorr-similar-weights_01.ttp: 290.0 1081662.0 932390.0 928299 1273135.1581966872 384941.8819754245 600045
rl11849_n11848_uncorr-similar-weights_01.ttp: 68.0 1081884.0 924624.0 928012 1229909.8385186247 395762.7694369914 599848
rl11849_n11848_uncorr-similar-weights_01.ttp: 76.0 1081876.0 925495.0 928572 1253753.9373265572 386380.80694958044 599996
rl11849_n11848_uncorr-similar-weights_01.ttp: 161.0 1081791.0 933808.0 927869 1264224.6562772307 390191.39780079084 600215
rl11849_n11848_uncorr-similar-weights_01.ttp: 119.0 1081833.0 922323.0 927607 1238139.7857039415 389922.8921473052 600003
rl11849_n11848_uncorr-similar-weights_01.ttp: 968.0 1080984.0 926504.0 929510 1243903.22671159 391625.6125140162 600150
rl11849_n11848_uncorr-similar-weights_01.ttp: 109.0 1081843.0 931372.0 927800 1262606.030258803 388451.4069887147 599993
rl11849_n11848_uncorr-similar-weights_01.ttp: 161.0 1081791.0 935992.0 928269 1270733.4248731951 389576.62730452616 600219
rl11849_n11848_uncorr-similar-weights_01.ttp: 925.0 1081027.0 920840.0 928789 1239090.3110248516 388031.1662593138 599936
rl11849_n11848_uncorr-similar-weights_01.ttp: 865.0 1081087.0 933490.0 928260 1263511.8515487632 390179.9038340318 599994
rl11849_n11848_uncorr-similar-weights_01.ttp: 116.0 1081836.0 937813.0 928832 1272179.5503662254 390775.79334252304 600016
rl11849_n11848_uncorr-similar-weights_01.ttp: 201.0 1081751.0 923498.0 928783 1240203.2810280146 390210.58915795374 600019
rl11849_n11848_uncorr-similar-weights_01.ttp: 137.0 1081815.0 937468.0 929259 1274960.476270648 389234.99520362134 600087
rl11849_n11848_uncorr-similar-weights_01.ttp: 128.0 1081824.0 934914.0 928029 1273157.6623474946 387456.2051905773 600049
rl11849_n11848_uncorr-similar-weights_01.ttp: 244.0 1081708.0 932846.0 927693 1263765.2196030447 389426.9555706908 600014
rl11849_n11848_uncorr-similar-weights_01.ttp: 186.0 1081766.0 932426.0 927820 1263509.4716133738 389116.9272062492 599995
rl11849_n11848_uncorr-similar-weights_01.ttp: 164.0 1081788.0 932799.0 928113 1250839.328431377 394938.08877450787 600234
RESULTS FOR heuristics : 29
rl11849_n11848_uncorr-similar-weights_01.ttp: 38.0 1081914.0 932777.0 927595 1267858.230763368 387597.9607717517 600093
rl11849_n11848_uncorr-similar-weights_01.ttp: 957.0 1080995.0 932095.0 927687 1262806.558609828 389088.17979777406 600216
rl11849_n11848_uncorr-similar-weights_01.ttp: 55.0 1081897.0 929611.0 927380 1283905.1143014797 377531.8008503638 599998
rl11849_n11848_uncorr-similar-weights_01.ttp: 133.0 1081819.0 939684.0 929352 1271354.1497023662 393001.7156279825 600021
rl11849_n11848_uncorr-similar-weights_01.ttp: 99.0 1081853.0 933764.0 929560 1274833.3693900218 385585.6511622906 599996
rl11849_n11848_uncorr-similar-weights_01.ttp: 219.0 1081733.0 928709.0 928221 1266917.625517432 383934.42102750426 600012
rl11849_n11848_uncorr-similar-weights_01.ttp: 80.0 1081872.0 930477.0 927465 1255023.8283852965 390816.7537943225 600162
rl11849_n11848_uncorr-similar-weights_01.ttp: 202.0 1081750.0 926332.0 927857 1244420.471533165 391231.197240739 599991
rl11849_n11848_uncorr-similar-weights_01.ttp: 203.0 1081749.0 931059.0 928198 1270113.3127584714 384910.27551385737 600166
rl11849_n11848_uncorr-similar-weights_01.ttp: 249.0 1081703.0 933403.0 929240 1271940.8901908689 386468.41721792636 599995
rl11849_n11848_uncorr-similar-weights_01.ttp: 132.0 1081820.0 934888.0 928372 1268724.6209078436 389336.41300962726 600165
rl11849_n11848_uncorr-similar-weights_01.ttp: 17.0 1081935.0 936684.0 927164 1280337.986406461 386138.6658452217 600012
rl11849_n11848_uncorr-similar-weights_01.ttp: 17.0 1081935.0 936594.0 928095 1266952.7173369462 391804.3315451131 600159
rl11849_n11848_uncorr-similar-weights_01.ttp: 104.0 1081848.0 933250.0 929676 1259257.6676282722 391769.2029198429 600298
rl11849_n11848_uncorr-similar-weights_01.ttp: 112.0 1081840.0 935990.0 929039 1267059.253844725 391154.5208467683 599999
rl11849_n11848_uncorr-similar-weights_01.ttp: 215.0 1081737.0 930967.0 928597 1265481.552739441 386809.93232204043 600089
rl11849_n11848_uncorr-similar-weights_01.ttp: 181.0 1081771.0 930249.0 928479 1263000.4022782277 387158.82702036214 600136
rl11849_n11848_uncorr-similar-weights_01.ttp: 47.0 1081905.0 937982.0 927734 1288409.3375199419 383965.98486642505 599993
rl11849_n11848_uncorr-similar-weights_01.ttp: 302.0 1081650.0 926941.0 927292 1264029.2319157603 383408.4302762231 599992
rl11849_n11848_uncorr-similar-weights_01.ttp: 138.0 1081814.0 932521.0 928824 1264069.0662857029 388971.30149714777 600024
rl11849_n11848_uncorr-similar-weights_01.ttp: 70.0 1081882.0 937918.0 928402 1262639.4085827998 394983.0543093961 600034
rl11849_n11848_uncorr-similar-weights_01.ttp: 78.0 1081874.0 936948.0 928562 1263133.5424351047 393800.5767529049 622868
rl11849_n11848_uncorr-similar-weights_01.ttp: 944.0 1081008.0 931780.0 928237 1273881.9883204412 384010.7450222103 599991
rl11849_n11848_uncorr-similar-weights_01.ttp: 168.0 1081784.0 930514.0 927600 1250846.400176707 392650.047924016 600031
rl11849_n11848_uncorr-similar-weights_01.ttp: 180.0 1081772.0 935085.0 928284 1272850.2824362114 387759.37855242915 600012
rl11849_n11848_uncorr-similar-weights_01.ttp: 30.0 1081922.0 933512.0 928553 1270080.7438329349 387377.280151838 599992
rl11849_n11848_uncorr-similar-weights_01.ttp: 0.0 1081952.0 931761.0 928071 1258910.6208868301 390429.4330186631 599997
rl11849_n11848_uncorr-similar-weights_01.ttp: 273.0 1081679.0 933461.0 927912 1265832.5551027963 389153.0013057976 600011
rl11849_n11848_uncorr-similar-weights_01.ttp: 918.0 1081034.0 934223.0 928998 1260755.9729874295 392097.93161540537 600045
rl11849_n11848_uncorr-similar-weights_01.ttp: 0.0 1081952.0 939427.0 928743 1277621.12665297 390049.9155392229 600013
RESULTS FOR heuristics : 30
rl11849_n11848_uncorr-similar-weights_01.ttp: 226.0 1081726.0 935615.0 927402 1270295.2351083984 389388.04890338867 600086
rl11849_n11848_uncorr-similar-weights_01.ttp: 68.0 1081884.0 937356.0 927941 1283545.6586304721 385431.36678889696 600090
rl11849_n11848_uncorr-similar-weights_01.ttp: 67.0 1081885.0 922362.0 928398 1270075.2898964395 376229.625344531 600020
rl11849_n11848_uncorr-similar-weights_01.ttp: 983.0 1080969.0 934646.0 929155 1268843.9963867613 389043.0815536927 622984
rl11849_n11848_uncorr-similar-weights_01.ttp: 986.0 1080966.0 928529.0 928568 1260557.9099226848 386489.0987332455 599998
rl11849_n11848_uncorr-similar-weights_01.ttp: 213.0 1081739.0 925724.0 927862 1254289.932737242 386379.32892298594 600242
rl11849_n11848_uncorr-similar-weights_01.ttp: 273.0 1081679.0 933269.0 928156 1259576.9552819524 391650.9092287605 599990
rl11849_n11848_uncorr-similar-weights_01.ttp: 109.0 1081843.0 937450.0 927848 1279313.0167658152 387345.4027906995 600003
rl11849_n11848_uncorr-similar-weights_01.ttp: 203.0 1081749.0 940517.0 927391 1264748.6240199653 396675.0916714149 600012
rl11849_n11848_uncorr-similar-weights_01.ttp: 0.0 1081952.0 930613.0 928630 1267662.4410401073 385518.15035275393 600019
rl11849_n11848_uncorr-similar-weights_01.ttp: 162.0 1081790.0 930260.0 928865 1282488.8273974254 378789.804219107 600013
rl11849_n11848_uncorr-similar-weights_01.ttp: 239.0 1081713.0 929924.0 928328 1265144.2074633264 385911.9907907697 600012
rl11849_n11848_uncorr-similar-weights_01.ttp: 17.0 1081935.0 934861.0 927269 1255064.5966663195 395183.2234334826 600009
rl11849_n11848_uncorr-similar-weights_01.ttp: 961.0 1080991.0 930799.0 928223 1262546.9455462338 387903.8134151194 600288
rl11849_n11848_uncorr-similar-weights_01.ttp: 134.0 1081818.0 932500.0 927922 1257858.8786918279 391620.6821625141 600115
rl11849_n11848_uncorr-similar-weights_01.ttp: 85.0 1081867.0 929949.0 927352 1250098.0848808556 392406.8235012321 600178
rl11849_n11848_uncorr-similar-weights_01.ttp: 77.0 1081875.0 931250.0 928249 1252479.4240061108 392683.8476773724 600002
rl11849_n11848_uncorr-similar-weights_01.ttp: 1.0 1081951.0 930446.0 928407 1262274.9666633343 387667.7643347663 600015
rl11849_n11848_uncorr-similar-weights_01.ttp: 6.0 1081946.0 935680.0 928575 1276700.5044888167 386698.78306980885 600252
rl11849_n11848_uncorr-similar-weights_01.ttp: 170.0 1081782.0 935516.0 928326 1264525.928571815 391769.8507141196 600125
rl11849_n11848_uncorr-similar-weights_01.ttp: 124.0 1081828.0 940581.0 928063 1269341.1939773338 394764.2865897465 599991
rl11849_n11848_uncorr-similar-weights_01.ttp: 124.0 1081828.0 936296.0 928616 1272217.8717840284 389242.3151328678 599994
rl11849_n11848_uncorr-similar-weights_01.ttp: 102.0 1081850.0 937509.0 928712 1261773.5019929688 394946.3941430234 600119
rl11849_n11848_uncorr-similar-weights_01.ttp: 121.0 1081831.0 935191.0 926925 1281180.0419548708 384283.58195940556 599997
rl11849_n11848_uncorr-similar-weights_01.ttp: 87.0 1081865.0 931414.0 927017 1264196.5541576226 387809.48171222233 600210
rl11849_n11848_uncorr-similar-weights_01.ttp: 99.0 1081853.0 936079.0 928318 1275474.193527392 387625.09678322135 600012
rl11849_n11848_uncorr-similar-weights_01.ttp: 0.0 1081952.0 933239.0 929661 1263454.189722394 389953.6984193706 600091
rl11849_n11848_uncorr-similar-weights_01.ttp: 970.0 1080982.0 932929.0 928400 1265279.641530093 388858.75414205994 599999
rl11849_n11848_uncorr-similar-weights_01.ttp: 70.0 1081882.0 933416.0 928953 1268298.08505701 388047.82342548575 600012
rl11849_n11848_uncorr-similar-weights_01.ttp: 92.0 1081860.0 932668.0 927709 1260350.679898327 390717.2076437194 600005
