enter number of instance to run
Enter TTP instance file:
Enter TTP instance file:
Enter TTP instance file:
Instance :pla33810_n338090_uncorr_01.ttp
RESULTS FOR heuristics : 20
pla33810_n338090_uncorr_01.ttp: 1203804.0 1.41922E7 5.153836E7 66195985 9.927028431366034E7 1.8779166176492088E7 107657
pla33810_n338090_uncorr_01.ttp: 1201810.0 1.4194194E7 5.1661938E7 66237624 9.692321882460332E7 1.9677275787880905E7 105961
pla33810_n338090_uncorr_01.ttp: 1116143.0 1.4279861E7 5.1806736E7 66282449 9.729665421562588E7 1.9698840108843457E7 107232
pla33810_n338090_uncorr_01.ttp: 1184905.0 1.4211099E7 5.1693543E7 66262403 9.69291101635605E7 1.9706936646025036E7 107792
pla33810_n338090_uncorr_01.ttp: 1094287.0 1.4301717E7 5.1836639E7 66268349 9.742460591318503E7 1.968651904864894E7 106632
pla33810_n338090_uncorr_01.ttp: 1192609.0 1.4203395E7 5.1690356E7 66392348 9.81420447538398E7 1.9303481231232863E7 108438
pla33810_n338090_uncorr_01.ttp: 1176237.0 1.4219767E7 5.1558863E7 66265548 1.0000691727101384E8 1.8556580300565433E7 107488
pla33810_n338090_uncorr_01.ttp: 1124607.0 1.4271397E7 5.1666516E7 66368791 9.744423166257983E7 1.9509919551348653E7 112093
pla33810_n338090_uncorr_01.ttp: 897371.0 1.4498633E7 5.2182983E7 66321063 9.833322831056052E7 1.9733017657515027E7 106991
pla33810_n338090_uncorr_01.ttp: 1171524.0 1.422448E7 5.1575732E7 66314722 9.925427693534449E7 1.8821820611336317E7 111408
pla33810_n338090_uncorr_01.ttp: 1185953.0 1.4210051E7 5.1609626E7 66278159 9.845878593372421E7 1.911822664187101E7 106814
pla33810_n338090_uncorr_01.ttp: 989470.0 1.4406534E7 5.1942379E7 66328197 9.824486115227398E7 1.9521574819749583E7 107379
pla33810_n338090_uncorr_01.ttp: 872454.0 1.452355E7 5.2238237E7 66314499 9.759990505390614E7 2.0030268332210973E7 111646
pla33810_n338090_uncorr_01.ttp: 1190018.0 1.4205986E7 5.1543738E7 66331979 9.994615342927875E7 1.856150736833801E7 108321
pla33810_n338090_uncorr_01.ttp: 1176148.0 1.4219856E7 5.1568041E7 66288242 9.90087581020221E7 1.8895150826332707E7 110552
pla33810_n338090_uncorr_01.ttp: 1268546.0 1.4127458E7 5.1596055E7 66273047 9.846538451352832E7 1.9102478110535655E7 108472
pla33810_n338090_uncorr_01.ttp: 1154516.0 1.4241488E7 5.1709139E7 66256733 9.741042876309694E7 1.9563697508178007E7 110671
pla33810_n338090_uncorr_01.ttp: 1166136.0 1.4229868E7 5.1700464E7 66364888 9.747255185528752E7 1.9534521887755115E7 112923
pla33810_n338090_uncorr_01.ttp: 1187221.0 1.4208783E7 5.1604521E7 66273196 9.863924287053564E7 1.9053570852723237E7 106880
pla33810_n338090_uncorr_01.ttp: 1168116.0 1.4227888E7 5.1570028E7 66270531 9.9251797552876E7 1.881693480755092E7 108239
pla33810_n338090_uncorr_01.ttp: 1208436.0 1.4187568E7 5.1637701E7 66298476 9.834924091407771E7 1.9182451498354353E7 111611
pla33810_n338090_uncorr_01.ttp: 1184701.0 1.4211303E7 5.1683848E7 66273429 9.719449924953397E7 1.960966324765379E7 107494
pla33810_n338090_uncorr_01.ttp: 1436795.0 1.3959209E7 5.0515102E7 66261770 9.638216337251423E7 1.87089880870703E7 106312
pla33810_n338090_uncorr_01.ttp: 1156396.0 1.4239608E7 5.1687187E7 66289936 9.79148633503889E7 1.937528209437166E7 108385
pla33810_n338090_uncorr_01.ttp: 1202938.0 1.4193066E7 5.1574946E7 66244105 9.793251512834768E7 1.9257216007645264E7 106760
pla33810_n338090_uncorr_01.ttp: 1160278.0 1.4235726E7 5.1615554E7 66226358 9.828299432518902E7 1.918216587268762E7 107601
pla33810_n338090_uncorr_01.ttp: 893087.0 1.4502917E7 5.2187925E7 66296112 9.886072569055797E7 1.9563885522115868E7 108143
pla33810_n338090_uncorr_01.ttp: 1169822.0 1.4226182E7 5.1648073E7 66322441 9.804301776617132E7 1.9293877137163464E7 107472
pla33810_n338090_uncorr_01.ttp: 1164048.0 1.4231956E7 5.1672674E7 66449421 9.696356042672084E7 1.967469905918212E7 107424
pla33810_n338090_uncorr_01.ttp: 885684.0 1.451032E7 5.2197716E7 66281523 9.788327471646518E7 1.9896235343566492E7 111834
RESULTS FOR heuristics : 24
pla33810_n338090_uncorr_01.ttp: 1174446.0 1.4221558E7 5.1682865E7 66340412 9.686700854687512E7 1.971675217953121E7 447544
pla33810_n338090_uncorr_01.ttp: 1132648.0 1.4263356E7 5.1751163E7 66282530 9.7025830905549E7 1.9732638801168825E7 442392
pla33810_n338090_uncorr_01.ttp: 886462.0 1.4509542E7 5.2224219E7 66246448 9.718106474347292E7 2.0154467634653937E7 455567
pla33810_n338090_uncorr_01.ttp: 1067489.0 1.4328515E7 5.1888486E7 66283391 9.722165032493405E7 1.9805341392771762E7 450264
pla33810_n338090_uncorr_01.ttp: 1192559.0 1.4203445E7 5.1684797E7 66360756 9.711493263661452E7 1.963686922991721E7 448570
pla33810_n338090_uncorr_01.ttp: 889126.0 1.4506878E7 5.2209366E7 66371548 9.74246765044657E7 2.005922275352632E7 448028
pla33810_n338090_uncorr_01.ttp: 884591.0 1.4511413E7 5.2189629E7 66203065 9.770797811345668E7 1.9945996222559292E7 445185
pla33810_n338090_uncorr_01.ttp: 880257.0 1.4515747E7 5.2229051E7 66312688 9.752930863769972E7 2.0044379149559088E7 452734
pla33810_n338090_uncorr_01.ttp: 1105029.0 1.4290975E7 5.1796259E7 66269310 9.698961754845826E7 1.9789685209008772E7 445801
pla33810_n338090_uncorr_01.ttp: 873627.0 1.4522377E7 5.2195995E7 66313877 9.782020957772541E7 1.9915325839350615E7 447107
pla33810_n338090_uncorr_01.ttp: 1117057.0 1.4278947E7 5.1807509E7 66275288 9.713669520645842E7 1.975239958186872E7 445933
pla33810_n338090_uncorr_01.ttp: 884932.0 1.4511072E7 5.2225241E7 66413408 9.761542983444639E7 2.001214915463269E7 447970
pla33810_n338090_uncorr_01.ttp: 1011009.0 1.4384995E7 5.2029095E7 66287055 9.719290062281151E7 1.99554377944722E7 452793
pla33810_n338090_uncorr_01.ttp: 1198384.0 1.419762E7 5.1718833E7 66326252 9.757019846066971E7 1.9520667507978994E7 446987
pla33810_n338090_uncorr_01.ttp: 596079.0 1.4799925E7 5.2788477E7 66331130 9.881402707045537E7 2.0179848066749725E7 443907
pla33810_n338090_uncorr_01.ttp: 871298.0 1.4524706E7 5.2199271E7 66277084 9.793281442232935E7 1.9881442240631312E7 456797
pla33810_n338090_uncorr_01.ttp: 1171025.0 1.4224979E7 5.1673624E7 66323437 9.705308847651903E7 1.9646104802748717E7 446024
pla33810_n338090_uncorr_01.ttp: 1149676.0 1.4246328E7 5.1721567E7 66259765 9.727724666221847E7 1.9620075601467904E7 449149
pla33810_n338090_uncorr_01.ttp: 1072672.0 1.4323332E7 5.183292E7 66347206 9.82596752105924E7 1.9407227180504505E7 443503
pla33810_n338090_uncorr_01.ttp: 879371.0 1.4516633E7 5.2213368E7 66260296 9.787457477638602E7 1.991475832379261E7 459596
pla33810_n338090_uncorr_01.ttp: 0.0 1.5396004E7 5.2695677E7 66330259 9.832631611459772E7 2.024799268218275E7 450354
pla33810_n338090_uncorr_01.ttp: 0.0 1.5396004E7 5.2546683E7 66265586 9.94844858765689E7 1.971680266073226E7 453693
pla33810_n338090_uncorr_01.ttp: 875516.0 1.4520488E7 5.2195165E7 66306706 9.790330134127504E7 1.988707555737924E7 454753
pla33810_n338090_uncorr_01.ttp: 880000.0 1.4516004E7 5.2190812E7 66349682 9.839762931795341E7 1.9719594325075373E7 446108
pla33810_n338090_uncorr_01.ttp: 999512.0 1.4396492E7 5.1971247E7 66301847 9.794648242313334E7 1.9648907800365996E7 442242
pla33810_n338090_uncorr_01.ttp: 878017.0 1.4517987E7 5.2160766E7 66293813 9.78353697918787E7 1.9875093968680028E7 450610
pla33810_n338090_uncorr_01.ttp: 1128099.0 1.4267905E7 5.1765715E7 66332807 9.718395967295052E7 1.9695008307926327E7 448730
pla33810_n338090_uncorr_01.ttp: 845750.0 1.4550254E7 5.2234166E7 66355601 9.778900855625276E7 1.996379317643659E7 448393
pla33810_n338090_uncorr_01.ttp: 0.0 1.5396004E7 5.254032E7 66293395 9.907307867553484E7 1.98462040370735E7 455228
pla33810_n338090_uncorr_01.ttp: 1214293.0 1.4181711E7 5.1568879E7 66348931 9.841065765219437E7 1.909336197477586E7 449262
Instance :pla33810_n338090_uncorr-similar-weights_01.ttp
RESULTS FOR heuristics : 20
pla33810_n338090_uncorr-similar-weights_01.ttp: 647.0 3.0873094E7 2.6823954E7 66289391 9.464869158743775E7 1.168016334600996E7 109328
pla33810_n338090_uncorr-similar-weights_01.ttp: 552.0 3.0873189E7 2.6639934E7 66347624 9.700517180451778E7 1.1119106511277156E7 108673
pla33810_n338090_uncorr-similar-weights_01.ttp: 78.0 3.0873663E7 2.6622658E7 66290545 9.770473995957439E7 1.0989899606468098E7 106935
pla33810_n338090_uncorr-similar-weights_01.ttp: 581.0 3.087316E7 2.6830757E7 66332733 9.446760546245882E7 1.1715940126006588E7 106162
pla33810_n338090_uncorr-similar-weights_01.ttp: 63.0 3.0873678E7 2.67745E7 66362623 9.251332222190654E7 1.1972368444494953E7 106826
pla33810_n338090_uncorr-similar-weights_01.ttp: 737.0 3.0873004E7 2.6592239E7 66313251 1.0012374412580271E8 1.0572439939871566E7 108309
pla33810_n338090_uncorr-similar-weights_01.ttp: 786.0 3.0872955E7 2.6560613E7 66377649 9.733490739499077E7 1.0987027816801475E7 110870
pla33810_n338090_uncorr-similar-weights_01.ttp: 925.0 3.0872816E7 2.6693276E7 66314912 9.432229685356887E7 1.160170850342898E7 109236
pla33810_n338090_uncorr-similar-weights_01.ttp: 416.0 3.0873325E7 2.6787713E7 66347875 9.468328195312278E7 1.1638387887500355E7 108841
pla33810_n338090_uncorr-similar-weights_01.ttp: 691.0 3.087305E7 2.6838766E7 66321924 9.55511849672353E7 1.1550576405242352E7 106760
pla33810_n338090_uncorr-similar-weights_01.ttp: 448.0 3.0873293E7 2.6821275E7 66244353 9.450052676958469E7 1.170119071686645E7 110617
pla33810_n338090_uncorr-similar-weights_01.ttp: 637.0 3.0873104E7 2.6604715E7 66249722 9.691436894677775E7 1.109841596851556E7 107987
pla33810_n338090_uncorr-similar-weights_01.ttp: 44.0 3.0873697E7 2.6526805E7 66270212 9.662271601945318E7 1.106717043688749E7 109046
pla33810_n338090_uncorr-similar-weights_01.ttp: 483.0 3.0873258E7 2.6887294E7 66285727 9.548046154186168E7 1.1610420153302131E7 107027
pla33810_n338090_uncorr-similar-weights_01.ttp: 143.0 3.0873598E7 2.6740405E7 66349289 9.545779708362411E7 1.1467157466620142E7 106971
pla33810_n338090_uncorr-similar-weights_01.ttp: 123.0 3.0873618E7 2.6510501E7 66230123 9.814273233060521E7 1.0807663827103166E7 109005
pla33810_n338090_uncorr-similar-weights_01.ttp: 783.0 3.0872958E7 2.6719349E7 66274457 9.406821884070887E7 1.1668433985486582E7 111030
pla33810_n338090_uncorr-similar-weights_01.ttp: 486.0 3.0873255E7 2.6648104E7 66329946 9.84127943892467E7 1.0902056897720527E7 108056
pla33810_n338090_uncorr-similar-weights_01.ttp: 163.0 3.0873578E7 2.6593263E7 66329674 9.72061582683274E7 1.1040277677067615E7 107198
pla33810_n338090_uncorr-similar-weights_01.ttp: 853.0 3.0872888E7 2.6480297E7 66323902 1.0072002410267109E8 1.0365093143572627E7 109709
pla33810_n338090_uncorr-similar-weights_01.ttp: 283.0 3.0873458E7 2.6667852E7 66330552 9.60386693031609E7 1.1301664911494255E7 110051
pla33810_n338090_uncorr-similar-weights_01.ttp: 984.0 3.0872757E7 2.6528312E7 66245705 9.778064394338623E7 1.0883408969058203E7 108824
pla33810_n338090_uncorr-similar-weights_01.ttp: 562.0 3.0873179E7 2.656827E7 66336081 1.0192776499139923E8 1.0259827601376124E7 110946
pla33810_n338090_uncorr-similar-weights_01.ttp: 71.0 3.087367E7 2.6510908E7 66303274 9.807034090198529E7 1.0819653455682354E7 109337
pla33810_n338090_uncorr-similar-weights_01.ttp: 901.0 3.087284E7 2.6736516E7 66268905 9.246033125259246E7 1.1942862999585206E7 107410
pla33810_n338090_uncorr-similar-weights_01.ttp: 670.0 3.0873071E7 2.65743E7 66249824 9.554547465940651E7 1.1287024054494958E7 107955
pla33810_n338090_uncorr-similar-weights_01.ttp: 99.0 3.0873642E7 2.6624081E7 66495592 1.0226547883707154E8 1.0261604386068553E7 109903
pla33810_n338090_uncorr-similar-weights_01.ttp: 877.0 3.0872864E7 2.676027E7 66255529 9.429227245700549E7 1.1673506406879121E7 109630
pla33810_n338090_uncorr-similar-weights_01.ttp: 123.0 3.0873618E7 2.6764834E7 66386701 9.522125116120425E7 1.152943381420732E7 108752
pla33810_n338090_uncorr-similar-weights_01.ttp: 991.0 3.087275E7 2.6486091E7 66260450 9.791992785618454E7 1.0818902543010473E7 105866
RESULTS FOR heuristics : 24
pla33810_n338090_uncorr-similar-weights_01.ttp: 565.0 3.0873176E7 2.6741219E7 66353170 9.437915988923042E7 1.1640553417723134E7 451754
pla33810_n338090_uncorr-similar-weights_01.ttp: 500.0 3.0873241E7 2.6815443E7 66209983 9.261568174550313E7 1.1996933920719499E7 452651
pla33810_n338090_uncorr-similar-weights_01.ttp: 745.0 3.0872996E7 2.676086E7 66299676 9.458289292843673E7 1.1627597131450124E7 447643
pla33810_n338090_uncorr-similar-weights_01.ttp: 730.0 3.0873011E7 2.685305E7 66247395 9.530982694314387E7 1.160347768909698E7 457433
pla33810_n338090_uncorr-similar-weights_01.ttp: 5.0 3.0873736E7 2.6758852E7 66221617 9.364864483088985E7 1.1775068827057624E7 455752
pla33810_n338090_uncorr-similar-weights_01.ttp: 688.0 3.0873053E7 2.6728987E7 66326366 9.461472727803135E7 1.1590630635514984E7 456627
pla33810_n338090_uncorr-similar-weights_01.ttp: 78.0 3.0873663E7 2.6733757E7 66282958 9.321652125246409E7 1.1819113599605747E7 454052
pla33810_n338090_uncorr-similar-weights_01.ttp: 885.0 3.0872856E7 2.6770548E7 66279703 9.253003018392277E7 1.1965743170572357E7 453196
pla33810_n338090_uncorr-similar-weights_01.ttp: 866.0 3.0872875E7 2.6694906E7 66264043 9.361203535591365E7 1.1716980343053816E7 450178
pla33810_n338090_uncorr-similar-weights_01.ttp: 106.0 3.0873635E7 2.6751177E7 66347728 9.300677645833492E7 1.1870092766666412E7 451666
pla33810_n338090_uncorr-similar-weights_01.ttp: 359.0 3.0873382E7 2.6757536E7 66297833 9.359285698696688E7 1.17826788820853E7 451179
pla33810_n338090_uncorr-similar-weights_01.ttp: 117.0 3.0873624E7 2.6655173E7 66293893 9.347153206018648E7 1.1699727870370165E7 450460
pla33810_n338090_uncorr-similar-weights_01.ttp: 272.0 3.0873469E7 2.6806729E7 66361680 9.328068416408624E7 1.1881819533746202E7 451995
pla33810_n338090_uncorr-similar-weights_01.ttp: 611.0 3.087313E7 2.6829295E7 66288077 9.482033333505113E7 1.1658041666391818E7 453500
pla33810_n338090_uncorr-similar-weights_01.ttp: 835.0 3.0872906E7 2.6731282E7 66237745 9.419646187041642E7 1.1659848100733373E7 454217
pla33810_n338090_uncorr-similar-weights_01.ttp: 236.0 3.0873505E7 2.6746157E7 66381720 9.27749890718416E7 1.1902158748505345E7 450883
pla33810_n338090_uncorr-similar-weights_01.ttp: 983.0 3.0872758E7 2.677491E7 66385102 9.393206720043842E7 1.1745779247929852E7 451143
pla33810_n338090_uncorr-similar-weights_01.ttp: 813.0 3.0872928E7 2.6809616E7 66380228 9.410742618076088E7 1.175242781107826E7 449688
pla33810_n338090_uncorr-similar-weights_01.ttp: 688.0 3.0873053E7 2.6673331E7 66342382 9.355051016412218E7 1.1705249373740451E7 449204
pla33810_n338090_uncorr-similar-weights_01.ttp: 0.0 3.0873741E7 2.6749162E7 66342737 9.294148296027505E7 1.187852472635599E7 450004
pla33810_n338090_uncorr-similar-weights_01.ttp: 754.0 3.0872987E7 2.6765719E7 66295131 9.35493000881012E7 1.1797830985903809E7 453250
pla33810_n338090_uncorr-similar-weights_01.ttp: 167.0 3.0873574E7 2.6607977E7 66318218 9.528449767250755E7 1.1362457372398792E7 452622
pla33810_n338090_uncorr-similar-weights_01.ttp: 82.0 3.0873659E7 2.669632E7 66309623 9.342624295395783E7 1.1748121127366748E7 448246
pla33810_n338090_uncorr-similar-weights_01.ttp: 597.0 3.0873144E7 2.6749585E7 66286498 9.2571985229525E7 1.1938067363276E7 454115
pla33810_n338090_uncorr-similar-weights_01.ttp: 450.0 3.0873291E7 2.6708722E7 66299644 9.286713520476277E7 1.1849980367237955E7 455805
pla33810_n338090_uncorr-similar-weights_01.ttp: 917.0 3.0872824E7 2.673416E7 66333198 9.301421492719595E7 1.1851885611648647E7 446822
pla33810_n338090_uncorr-similar-weights_01.ttp: 182.0 3.0873559E7 2.6805242E7 66239399 9.44514209889509E7 1.1693014641767858E7 446130
pla33810_n338090_uncorr-similar-weights_01.ttp: 672.0 3.0873069E7 2.6639699E7 66273365 9.39455658511039E7 1.1608408463823376E7 448801
pla33810_n338090_uncorr-similar-weights_01.ttp: 674.0 3.0873067E7 2.6746685E7 66263903 9.307671451436834E7 1.1854410677701065E7 452417
pla33810_n338090_uncorr-similar-weights_01.ttp: 838.0 3.0872903E7 2.6700018E7 66302246 9.167041209432991E7 1.2032752064907214E7 452549
Instance :pla33810_n338090_bounded-strongly-corr_01.ttp
RESULTS FOR heuristics : 20
pla33810_n338090_bounded-strongly-corr_01.ttp: 61.0 2.9211298E7 4.4547298E7 66287910 9.039521109591864E7 2.0140591004101966E7 111274
pla33810_n338090_bounded-strongly-corr_01.ttp: 17.0 2.9211342E7 4.4640342E7 66294710 8.777483835762309E7 2.0941135643441767E7 108781
pla33810_n338090_bounded-strongly-corr_01.ttp: 14.0 2.9211345E7 4.4675645E7 66282401 8.781646244347392E7 2.096520014026204E7 106615
pla33810_n338090_bounded-strongly-corr_01.ttp: 5.0 2.9211354E7 4.4466454E7 66256930 8.673563642530538E7 2.1047832165167544E7 105245
pla33810_n338090_bounded-strongly-corr_01.ttp: 38.0 2.9211321E7 4.4701921E7 66273202 8.921857758767046E7 2.0612905051328976E7 108503
pla33810_n338090_bounded-strongly-corr_01.ttp: 127.0 2.9211232E7 4.4499632E7 66364575 8.902490694107269E7 2.046290712591037E7 112156
pla33810_n338090_bounded-strongly-corr_01.ttp: 2.0 2.9211357E7 4.4745057E7 66285896 9.05871660389461E7 2.028652216948455E7 107264
pla33810_n338090_bounded-strongly-corr_01.ttp: 25.0 2.9211334E7 4.4410934E7 66310211 8.646425086440307E7 2.106558626661117E7 110849
pla33810_n338090_bounded-strongly-corr_01.ttp: 4.0 2.9211355E7 4.4610455E7 66355912 9.153534472330146E7 1.9895911924708605E7 108069
pla33810_n338090_bounded-strongly-corr_01.ttp: 62.0 2.9211297E7 4.4609597E7 66305026 8.736849600972357E7 2.1020103077374633E7 107493
pla33810_n338090_bounded-strongly-corr_01.ttp: 21.0 2.9211338E7 4.4552138E7 66259197 8.803123741026773E7 2.0783703899227712E7 108588
pla33810_n338090_bounded-strongly-corr_01.ttp: 100.0 2.9211259E7 4.4588159E7 66271442 9.105382357689458E7 2.0003626634238463E7 106972
pla33810_n338090_bounded-strongly-corr_01.ttp: 1.0 2.9211358E7 4.4605058E7 66351850 8.606943562626849E7 2.1366310380907506E7 109495
pla33810_n338090_bounded-strongly-corr_01.ttp: 52.0 2.9211307E7 4.4404607E7 67455299 8.910587436730975E7 2.0346020920826364E7 108704
pla33810_n338090_bounded-strongly-corr_01.ttp: 12.0 2.9211347E7 4.4392147E7 66344615 8.769682179912803E7 2.071400511423543E7 108126
pla33810_n338090_bounded-strongly-corr_01.ttp: 41.0 2.9211318E7 4.4607218E7 66366421 9.122085029096095E7 1.997758842144054E7 109545
pla33810_n338090_bounded-strongly-corr_01.ttp: 16.0 2.9211343E7 4.4570343E7 66326718 8.899340299944218E7 2.054212419015061E7 110883
pla33810_n338090_bounded-strongly-corr_01.ttp: 13.0 2.9211346E7 4.4654646E7 66347458 8.969932213936786E7 2.0435829022370674E7 110357
pla33810_n338090_bounded-strongly-corr_01.ttp: 11.0 2.9211348E7 4.4569348E7 66315461 8.65096807962036E7 2.1211734185025025E7 108708
pla33810_n338090_bounded-strongly-corr_01.ttp: 12.0 2.9211347E7 4.4653547E7 66310369 8.764742355678746E7 2.0988742639667384E7 107950
pla33810_n338090_bounded-strongly-corr_01.ttp: 0.0 2.9211359E7 4.4650059E7 66346635 8.837567726799828E7 2.0788626137640465E7 111539
pla33810_n338090_bounded-strongly-corr_01.ttp: 11.0 2.9211348E7 4.4545248E7 66266906 8.919291808464438E7 2.0463160117146015E7 107199
pla33810_n338090_bounded-strongly-corr_01.ttp: 7.0 2.9211352E7 4.4639252E7 66352975 8.955290357013658E7 2.0459968036063123E7 107891
pla33810_n338090_bounded-strongly-corr_01.ttp: 62.0 2.9211297E7 4.4581797E7 66348289 8.931672103032011E7 2.046628232181357E7 107975
pla33810_n338090_bounded-strongly-corr_01.ttp: 12.0 2.9211347E7 4.4688847E7 66300979 8.872430796628544E7 2.073328384910293E7 106929
pla33810_n338090_bounded-strongly-corr_01.ttp: 16.0 2.9211343E7 4.4397243E7 66304560 8.647355919053467E7 2.1049382018555637E7 109861
pla33810_n338090_bounded-strongly-corr_01.ttp: 13.0 2.9211346E7 4.4589346E7 66365820 9.03772654683989E7 2.0187484323532294E7 110666
pla33810_n338090_bounded-strongly-corr_01.ttp: 8.0 2.9211351E7 4.4690751E7 66281859 9.104996648226568E7 2.0107260049788263E7 106679
pla33810_n338090_bounded-strongly-corr_01.ttp: 11.0 2.9211348E7 4.4741648E7 66288067 9.09136914734366E7 2.0194951302172117E7 107658
pla33810_n338090_bounded-strongly-corr_01.ttp: 12.0 2.9211347E7 4.4346047E7 66259824 8.64993145554617E7 2.099123207002534E7 109170
RESULTS FOR heuristics : 24
pla33810_n338090_bounded-strongly-corr_01.ttp: 29.0 2.921133E7 4.465103E7 66313260 8.848183243428564E7 2.0760935242742874E7 452004
pla33810_n338090_bounded-strongly-corr_01.ttp: 122.0 2.9211237E7 4.4444237E7 66294669 8.623544364342512E7 2.1160667216275215E7 454994
pla33810_n338090_bounded-strongly-corr_01.ttp: 33.0 2.9211326E7 4.4539326E7 66303277 8.736517071377622E7 2.095072990728042E7 449454
pla33810_n338090_bounded-strongly-corr_01.ttp: 25.0 2.9211334E7 4.4621834E7 66296120 8.633235513356267E7 2.131209811393808E7 452144
pla33810_n338090_bounded-strongly-corr_01.ttp: 29.0 2.921133E7 4.460463E7 66277836 8.596179775587107E7 2.139494460591481E7 450891
pla33810_n338090_bounded-strongly-corr_01.ttp: 16.0 2.9211343E7 4.4555543E7 66290152 8.854464400030124E7 2.0648489119918663E7 446729
pla33810_n338090_bounded-strongly-corr_01.ttp: 72.0 2.9211287E7 4.4593387E7 66283883 8.693386711321718E7 2.112124287943136E7 444796
pla33810_n338090_bounded-strongly-corr_01.ttp: 89.0 2.921127E7 4.461507E7 66339496 8.79284411204038E7 2.0874390897490975E7 450202
pla33810_n338090_bounded-strongly-corr_01.ttp: 26.0 2.9211333E7 4.4496033E7 66237393 8.682300645937064E7 2.1053821255969927E7 454747
pla33810_n338090_bounded-strongly-corr_01.ttp: 1.0 2.9211358E7 4.4671958E7 66282489 8.801252522681493E7 2.0908576188759968E7 455481
pla33810_n338090_bounded-strongly-corr_01.ttp: 58.0 2.9211301E7 4.4613001E7 66266980 8.646008162426783E7 2.1268778961447682E7 457585
pla33810_n338090_bounded-strongly-corr_01.ttp: 106.0 2.9211253E7 4.4607353E7 66287054 8.666015098921742E7 2.1209112232911296E7 458021
pla33810_n338090_bounded-strongly-corr_01.ttp: 126.0 2.9211233E7 4.4466533E7 66330784 8.643894128234504E7 2.1128018853766836E7 457873
pla33810_n338090_bounded-strongly-corr_01.ttp: 46.0 2.9211313E7 4.4619113E7 66258952 8.782757401762676E7 2.0905668015240774E7 451821
pla33810_n338090_bounded-strongly-corr_01.ttp: 18.0 2.9211341E7 4.4532541E7 66302260 8.65504683260744E7 2.116391455195991E7 448167
pla33810_n338090_bounded-strongly-corr_01.ttp: 4.0 2.9211355E7 4.4530655E7 66296688 8.770089248759493E7 2.0851414028349366E7 447257
pla33810_n338090_bounded-strongly-corr_01.ttp: 22.0 2.9211337E7 4.4434237E7 66274342 8.671990131753063E7 2.101986364426673E7 449989
pla33810_n338090_bounded-strongly-corr_01.ttp: 12.0 2.9211347E7 4.4538947E7 66269943 8.772480636998187E7 2.0853249280104894E7 458688
pla33810_n338090_bounded-strongly-corr_01.ttp: 2.0 2.9211357E7 4.4595557E7 66446520 8.684571363769469E7 2.1147214317822434E7 451319
pla33810_n338090_bounded-strongly-corr_01.ttp: 7.0 2.9211352E7 4.4499852E7 66340743 8.657186952016728E7 2.1125447229554836E7 450106
pla33810_n338090_bounded-strongly-corr_01.ttp: 2.0 2.9211357E7 4.4522557E7 66315590 8.658882369113797E7 2.1143574603392746E7 457481
pla33810_n338090_bounded-strongly-corr_01.ttp: 11.0 2.9211348E7 4.4524548E7 66262516 8.721185693453561E7 2.0977346627675384E7 452335
pla33810_n338090_bounded-strongly-corr_01.ttp: 38.0 2.9211321E7 4.4548921E7 66309890 8.793551331258778E7 2.0806332405601297E7 451148
pla33810_n338090_bounded-strongly-corr_01.ttp: 0.0 2.9211359E7 4.4671959E7 66328497 8.734212168352225E7 2.108958614544899E7 449255
pla33810_n338090_bounded-strongly-corr_01.ttp: 1.0 2.9211358E7 4.4384558E7 66317541 8.648389630864298E7 2.1033905996666394E7 458705
pla33810_n338090_bounded-strongly-corr_01.ttp: 22.0 2.9211337E7 4.4539937E7 66285207 8.626674859255776E7 2.1247914880009405E7 451425
pla33810_n338090_bounded-strongly-corr_01.ttp: 48.0 2.9211311E7 4.4563711E7 66217087 8.71712072245137E7 2.10274850493813E7 452342
pla33810_n338090_bounded-strongly-corr_01.ttp: 1.0 2.9211358E7 4.4315258E7 66268819 8.619834208658624E7 2.1041705636621714E7 452792
pla33810_n338090_bounded-strongly-corr_01.ttp: 6.0 2.9211353E7 4.4549353E7 66356314 8.809343931383602E7 2.0764124385264274E7 446423
pla33810_n338090_bounded-strongly-corr_01.ttp: 0.0 2.9211359E7 4.4530659E7 66427329 8.893690409121686E7 2.0517694895371445E7 451918
