Enter,TTP,instance,file:
RESULTS,FOR,heuristics,:,20
rl11849_n59240_uncorr_01.ttp:,101052.0,2594026.0,9200353.0,927452,1360190.899488098,3229114.9512472507,15381
rl11849_n59240_uncorr_01.ttp:,104180.0,2590898.0,9208258.0,928033,1366806.0530106516,3207979.4272832396,15289
rl11849_n59240_uncorr_01.ttp:,144447.0,2550631.0,9100343.0,927302,1348790.952009443,3179150.7206785455,14739
rl11849_n59240_uncorr_01.ttp:,101650.0,2593428.0,9201970.0,927623,1362156.863391088,3222101.369713124,15107
rl11849_n59240_uncorr_01.ttp:,103900.0,2591178.0,9203958.0,928892,1355596.6962123774,3252888.5036276635,15377
rl11849_n59240_uncorr_01.ttp:,102707.0,2592371.0,9226181.0,928327,1372668.783291985,3200165.0413481863,15601
rl11849_n59240_uncorr_01.ttp:,104015.0,2591063.0,9216897.0,929240,1370176.2314515202,3201823.3439278267,15876
rl11849_n59240_uncorr_01.ttp:,98112.0,2596966.0,9216142.0,929507,1373197.9429053855,3187803.0306453584,15469
rl11849_n59240_uncorr_01.ttp:,98971.0,2596107.0,9190281.0,927652,1367409.2000562355,3187354.6117531266,14985
rl11849_n59240_uncorr_01.ttp:,152308.0,2542770.0,9103777.0,928013,1350802.375952928,3173754.5695666457,15354
rl11849_n59240_uncorr_01.ttp:,100073.0,2595005.0,9211951.0,928776,1366237.5558003918,3214168.1300362805,15125
rl11849_n59240_uncorr_01.ttp:,148036.0,2547042.0,9136045.0,928558,1350965.8947499364,3205304.7220477797,15281
rl11849_n59240_uncorr_01.ttp:,104024.0,2591054.0,9182276.0,928136,1360797.038049022,3208377.0029647937,14801
rl11849_n59240_uncorr_01.ttp:,105494.0,2589584.0,9182788.0,928282,1357834.7652766916,3221893.3804353243,14739
rl11849_n59240_uncorr_01.ttp:,97592.0,2597486.0,9189441.0,929762,1358573.6793242192,3225302.547766678,16170
rl11849_n59240_uncorr_01.ttp:,103483.0,2591595.0,9186479.0,927603,1362969.0984534372,3203044.657789411,15166
rl11849_n59240_uncorr_01.ttp:,104821.0,2590257.0,9192170.0,927504,1361370.8353743295,3215752.0327066937,15198
rl11849_n59240_uncorr_01.ttp:,101602.0,2593476.0,9191707.0,929537,1364506.7780652957,3201522.2442933526,15642
rl11849_n59240_uncorr_01.ttp:,100424.0,2594654.0,9196564.0,928396,1360541.0299890344,3223788.878348139,15025
rl11849_n59240_uncorr_01.ttp:,151576.0,2543502.0,9097337.0,929208,1358302.2265107832,3134390.225617662,15254
rl11849_n59240_uncorr_01.ttp:,152395.0,2542683.0,9087232.0,928310,1350817.449120269,3157143.39836202,15188
rl11849_n59240_uncorr_01.ttp:,102878.0,2592200.0,9205509.0,928024,1364990.8226451988,3213199.2885875776,15418
rl11849_n59240_uncorr_01.ttp:,107745.0,2587333.0,9197162.0,927543,1365040.142333681,3204635.775155141,14855
rl11849_n59240_uncorr_01.ttp:,101972.0,2593106.0,9179455.0,928130,1361419.3625470742,3202823.998418344,15310
rl11849_n59240_uncorr_01.ttp:,106488.0,2588590.0,9209473.0,928180,1368864.61308653,3200157.3485501334,15419
rl11849_n59240_uncorr_01.ttp:,106458.0,2588620.0,9199291.0,928038,1360270.9697189028,3227701.4429340167,15022
rl11849_n59240_uncorr_01.ttp:,101439.0,2593639.0,9198718.0,928100,1361256.8527901727,3222800.4162511425,15392
rl11849_n59240_uncorr_01.ttp:,94765.0,2600313.0,9207933.0,928381,1358144.0479424829,3245680.629532501,15013
rl11849_n59240_uncorr_01.ttp:,107274.0,2587804.0,9205108.0,927825,1363653.7801646197,3218667.9050773205,14825
rl11849_n59240_uncorr_01.ttp:,106549.0,2588529.0,9218114.0,927724,1361377.5110246576,3241666.7266017534,14987
RESULTS,FOR,heuristics,:,21
rl11849_n59240_uncorr_01.ttp:,79236.0,2615842.0,9093522.0,927678,1329876.516216284,3255364.0938105145,599991
rl11849_n59240_uncorr_01.ttp:,108780.0,2586298.0,9051124.0,929147,1334085.3960780557,3194489.111217336,599991
rl11849_n59240_uncorr_01.ttp:,88177.0,2606901.0,9086217.0,927736,1335674.4960155336,3222605.9624918085,599991
rl11849_n59240_uncorr_01.ttp:,85178.0,2609900.0,9089489.0,929014,1332513.4209044809,3239755.0822293293,599990
rl11849_n59240_uncorr_01.ttp:,97627.0,2597451.0,9040545.0,928590,1333702.3648532077,3185591.618294419,599991
rl11849_n59240_uncorr_01.ttp:,94836.0,2600242.0,9080894.0,928235,1335123.3277520454,3219702.591168521,599991
rl11849_n59240_uncorr_01.ttp:,107443.0,2587635.0,9064843.0,927895,1332622.7209289905,3214629.255121732,599991
rl11849_n59240_uncorr_01.ttp:,105800.0,2589278.0,9063310.0,927338,1331429.4472296615,3218334.7266617864,599990
rl11849_n59240_uncorr_01.ttp:,86396.0,2608682.0,9089138.0,927934,1336242.8868853087,3223031.726573495,599991
rl11849_n59240_uncorr_01.ttp:,90337.0,2604741.0,9075923.0,929094,1336835.7568312432,3207214.0275108432,599991
rl11849_n59240_uncorr_01.ttp:,104294.0,2590784.0,9068950.0,927870,1331255.6704684936,3224737.6066433135,599991
rl11849_n59240_uncorr_01.ttp:,100097.0,2594981.0,9072269.0,926934,1332069.7176617584,3224482.939464881,599991
rl11849_n59240_uncorr_01.ttp:,89472.0,2605606.0,9075278.0,928309,1336125.5733724197,3209686.732895078,599991
rl11849_n59240_uncorr_01.ttp:,102209.0,2592869.0,9068257.0,928725,1338130.9025527376,3193862.3377934825,599991
rl11849_n59240_uncorr_01.ttp:,89470.0,2605608.0,9057318.0,928069,1333595.9997016839,3202831.5613096086,599990
rl11849_n59240_uncorr_01.ttp:,96836.0,2598242.0,9073273.0,928523,1334140.834255085,3216394.7376201767,599990
rl11849_n59240_uncorr_01.ttp:,86739.0,2608339.0,9084419.0,928311,1332607.128818414,3234273.7044871636,599991
rl11849_n59240_uncorr_01.ttp:,77417.0,2617661.0,9109711.0,928881,1332026.7817711267,3262113.428024754,599990
rl11849_n59240_uncorr_01.ttp:,89273.0,2605805.0,9088288.0,927784,1335070.730201623,3227327.4944148753,599990
rl11849_n59240_uncorr_01.ttp:,97428.0,2597650.0,9037698.0,928329,1334578.2076585193,3178899.668379101,599991
rl11849_n59240_uncorr_01.ttp:,100444.0,2594634.0,9045943.0,928359,1336486.964048712,3178765.227826155,599991
rl11849_n59240_uncorr_01.ttp:,95596.0,2599482.0,9072395.0,927909,1332005.8971849768,3224889.1113579525,599991
rl11849_n59240_uncorr_01.ttp:,95362.0,2599716.0,9064372.0,928799,1332488.4680240145,3214747.625374577,599990
rl11849_n59240_uncorr_01.ttp:,94904.0,2600174.0,9081012.0,927749,1333668.925098305,3226205.418818441,599990
rl11849_n59240_uncorr_01.ttp:,99714.0,2595364.0,9064000.0,927635,1335126.4557977072,3202794.8590480657,599991
rl11849_n59240_uncorr_01.ttp:,90846.0,2604232.0,9094346.0,927885,1330781.2856329968,3252216.156071144,599990
rl11849_n59240_uncorr_01.ttp:,86155.0,2608923.0,9083219.0,928251,1335962.8725932178,3218341.9893157743,599990
rl11849_n59240_uncorr_01.ttp:,101512.0,2593566.0,9060814.0,928419,1335724.6640693673,3196982.724735478,599990
rl11849_n59240_uncorr_01.ttp:,88078.0,2607000.0,9076169.0,927850,1331883.7033886763,3229199.5421237117,599991
rl11849_n59240_uncorr_01.ttp:,85899.0,2609179.0,9092182.0,928167,1331870.086851613,3245272.31872142,599990
RESULTS,FOR,heuristics,:,22
rl11849_n59240_uncorr_01.ttp:,109442.0,2585636.0,9060450.0,927487,1335512.6439025905,3197549.4932676284,599812
rl11849_n59240_uncorr_01.ttp:,97977.0,2597101.0,9043459.0,927721,1335803.4701662445,3179281.7659701873,599811
rl11849_n59240_uncorr_01.ttp:,84281.0,2610797.0,9093347.0,929253,1333589.1877390451,3238890.465825592,599808
rl11849_n59240_uncorr_01.ttp:,92996.0,2602082.0,9088022.0,927556,1335207.0883332465,3226462.8822170477,599798
rl11849_n59240_uncorr_01.ttp:,95283.0,2599795.0,9064886.0,928395,1336077.2101053018,3199507.0476377252,599795
rl11849_n59240_uncorr_01.ttp:,96517.0,2598561.0,9067566.0,928431,1334705.7433836318,3208207.786545857,599810
rl11849_n59240_uncorr_01.ttp:,98795.0,2596283.0,9065879.0,927907,1333846.5659858612,3210292.575322069,599808
rl11849_n59240_uncorr_01.ttp:,82635.0,2612443.0,9069356.0,929062,1331800.1141653827,3222753.49881397,599820
rl11849_n59240_uncorr_01.ttp:,91591.0,2603487.0,9079059.0,929480,1337614.7167263455,3206930.393571344,599805
rl11849_n59240_uncorr_01.ttp:,96834.0,2598244.0,9069919.0,927965,1336320.0956534024,3203473.7800815636,599815
rl11849_n59240_uncorr_01.ttp:,91986.0,2603092.0,9078348.0,927275,1336805.7057879635,3209770.9515908407,599795
rl11849_n59240_uncorr_01.ttp:,100754.0,2594324.0,9070556.0,929177,1334487.9844851717,3212153.748110097,599819
rl11849_n59240_uncorr_01.ttp:,101879.0,2593199.0,9056784.0,927867,1336997.154902109,3187366.489979742,599802
rl11849_n59240_uncorr_01.ttp:,91248.0,2603830.0,9092247.0,927967,1335265.9663184572,3230429.407861973,599798
rl11849_n59240_uncorr_01.ttp:,79150.0,2615928.0,9105718.0,929193,1330344.9725061085,3265503.570698184,599803
rl11849_n59240_uncorr_01.ttp:,79234.0,2615844.0,9100427.0,928654,1331727.1841283254,3254144.661676652,599798
rl11849_n59240_uncorr_01.ttp:,95469.0,2599609.0,9080154.0,927851,1333176.5121284348,3227509.111756171,599794
rl11849_n59240_uncorr_01.ttp:,79601.0,2615477.0,9078177.0,928199,1333780.117458999,3222882.284354995,599807
rl11849_n59240_uncorr_01.ttp:,93373.0,2601705.0,9062655.0,929009,1336136.006714807,3197017.9305219986,599793
rl11849_n59240_uncorr_01.ttp:,92353.0,2602725.0,9108956.0,928314,1337821.110516584,3235921.3248321963,599814
rl11849_n59240_uncorr_01.ttp:,105863.0,2589215.0,9051579.0,927625,1335033.355451762,3190782.569566766,599810
rl11849_n59240_uncorr_01.ttp:,86803.0,2608275.0,9086464.0,927863,1332755.4300510334,3235667.662075964,599791
rl11849_n59240_uncorr_01.ttp:,72278.0,2622800.0,9092722.0,929697,1333624.7738644301,3238109.242735152,599800
rl11849_n59240_uncorr_01.ttp:,110064.0,2585014.0,9046279.0,929232,1339529.6414848547,3165743.873881488,599797
rl11849_n59240_uncorr_01.ttp:,85059.0,2610019.0,9082396.0,929246,1337224.570115097,3211980.137194724,599809
rl11849_n59240_uncorr_01.ttp:,87338.0,2607740.0,9092516.0,929624,1333810.1075494918,3237089.6278577317,599803
rl11849_n59240_uncorr_01.ttp:,79530.0,2615548.0,9107555.0,927627,1333190.8865646692,3254847.007981103,599807
rl11849_n59240_uncorr_01.ttp:,103395.0,2591683.0,9031886.0,928980,1338208.4606692523,3157150.857661983,599794
rl11849_n59240_uncorr_01.ttp:,89262.0,2605816.0,9083839.0,928133,1332351.2310615974,3234817.0956395883,599803
rl11849_n59240_uncorr_01.ttp:,118683.0,2576395.0,9034898.0,928015,1339959.208407342,3152477.075091769,599790
RESULTS,FOR,heuristics,:,23
rl11849_n59240_uncorr_01.ttp:,103902.0,2591176.0,9212242.0,928309,1362394.589896176,3231329.7503557876,599945
rl11849_n59240_uncorr_01.ttp:,106224.0,2588854.0,9192725.0,928590,1364457.9310666088,3202754.682617588,599864
rl11849_n59240_uncorr_01.ttp:,98255.0,2596823.0,9192173.0,927612,1365005.73322612,3199797.831137334,599875
rl11849_n59240_uncorr_01.ttp:,107988.0,2587090.0,9206383.0,930489,1371195.6081463334,3186834.2802375974,599848
rl11849_n59240_uncorr_01.ttp:,96898.0,2598180.0,9187069.0,928022,1367551.8309099467,3183516.4623053344,599827
rl11849_n59240_uncorr_01.ttp:,101680.0,2593398.0,9220525.0,928493,1358546.7762582,3256504.652226503,599943
rl11849_n59240_uncorr_01.ttp:,100484.0,2594594.0,9198475.0,928769,1363926.3327074826,3210838.399414152,599817
rl11849_n59240_uncorr_01.ttp:,95440.0,2599638.0,9195088.0,928509,1356665.000637106,3239328.6472031055,599893
rl11849_n59240_uncorr_01.ttp:,98000.0,2597078.0,9224509.0,929383,1372632.6034902064,3198651.8706779946,599795
rl11849_n59240_uncorr_01.ttp:,103395.0,2591683.0,9217287.0,927740,1360117.1790123514,3246372.5841357773,599931
rl11849_n59240_uncorr_01.ttp:,141534.0,2553544.0,9127515.0,927364,1350886.367464564,3197123.8468305646,599881
rl11849_n59240_uncorr_01.ttp:,98396.0,2596682.0,9198833.0,928323,1363541.6731235783,3212885.054987492,599955
rl11849_n59240_uncorr_01.ttp:,93490.0,2601588.0,9183774.0,927944,1353141.118074925,3243484.4916510796,599894
rl11849_n59240_uncorr_01.ttp:,102800.0,2592278.0,9206641.0,929239,1365492.9585327401,3212126.912041271,599991
rl11849_n59240_uncorr_01.ttp:,97831.0,2597247.0,9210265.0,928155,1361485.1650529185,3233345.125417688,600024
rl11849_n59240_uncorr_01.ttp:,98087.0,2596991.0,9178808.0,928520,1366216.337800464,3181118.277055964,599858
rl11849_n59240_uncorr_01.ttp:,100660.0,2594418.0,9198687.0,929690,1369137.264406031,3188174.4092575246,599886
rl11849_n59240_uncorr_01.ttp:,155806.0,2539272.0,9100987.0,929062,1356264.3249513034,3146986.613463778,599863
rl11849_n59240_uncorr_01.ttp:,101418.0,2593660.0,9195107.0,928400,1367225.797705169,3192985.748074308,599983
rl11849_n59240_uncorr_01.ttp:,154533.0,2540545.0,9106280.0,927357,1354832.7686339759,3158564.145696847,599849
rl11849_n59240_uncorr_01.ttp:,148103.0,2546975.0,9116297.0,928473,1350307.9824110954,3188444.9572152914,599947
rl11849_n59240_uncorr_01.ttp:,103513.0,2591565.0,9195441.0,927783,1358919.807919031,3229783.0432354547,599849
rl11849_n59240_uncorr_01.ttp:,96756.0,2598322.0,9208041.0,928482,1366796.7786852,3207803.1415719725,600015
rl11849_n59240_uncorr_01.ttp:,153171.0,2541907.0,9092782.0,928056,1344681.0228302549,3189632.309775181,599840
rl11849_n59240_uncorr_01.ttp:,97329.0,2597749.0,9187898.0,929392,1364784.4965230476,3196494.060263822,599902
rl11849_n59240_uncorr_01.ttp:,95635.0,2599443.0,9208021.0,928443,1363776.0947574987,3221043.944014581,599845
rl11849_n59240_uncorr_01.ttp:,105495.0,2589583.0,9219262.0,928486,1369651.3067315007,3206492.7634487124,599875
rl11849_n59240_uncorr_01.ttp:,106425.0,2588653.0,9181037.0,927423,1356171.746292365,3227443.033776518,600013
rl11849_n59240_uncorr_01.ttp:,154876.0,2540202.0,9113822.0,927363,1348214.231924498,3195161.521851454,600038
rl11849_n59240_uncorr_01.ttp:,105093.0,2589985.0,9224761.0,927991,1371509.2585105263,3203835.35513879,599829
RESULTS,FOR,heuristics,:,24
rl11849_n59240_uncorr_01.ttp:,99807.0,2595271.0,9187396.0,929575,1349146.473084623,3264642.9831585055,589588
rl11849_n59240_uncorr_01.ttp:,100895.0,2594183.0,9223843.0,927091,1351238.1988932486,3291907.306858639,587020
rl11849_n59240_uncorr_01.ttp:,103249.0,2591829.0,9196547.0,927396,1346899.083985507,3283660.021303625,591456
rl11849_n59240_uncorr_01.ttp:,99816.0,2595262.0,9189756.0,927325,1351257.4685851815,3257735.7129110536,586392
rl11849_n59240_uncorr_01.ttp:,101274.0,2593804.0,9196319.0,928487,1351662.7790569493,3262519.3999399934,588973
rl11849_n59240_uncorr_01.ttp:,99105.0,2595973.0,9199281.0,929232,1352053.0285235546,3263768.2047815956,586707
rl11849_n59240_uncorr_01.ttp:,101903.0,2593175.0,9215368.0,928174,1353954.0250164524,3271509.8301777747,583486
rl11849_n59240_uncorr_01.ttp:,101763.0,2593315.0,9203444.0,928462,1353333.6422186831,3262309.3106599813,584721
rl11849_n59240_uncorr_01.ttp:,98647.0,2596431.0,9217976.0,929637,1353328.709592933,3276862.964887024,592013
rl11849_n59240_uncorr_01.ttp:,100868.0,2594210.0,9205141.0,928485,1350552.814855727,3276214.1427833596,585498
rl11849_n59240_uncorr_01.ttp:,101995.0,2593083.0,9199506.0,928346,1349529.68466613,3275070.68431569,585600
rl11849_n59240_uncorr_01.ttp:,104125.0,2590953.0,9201142.0,927704,1348089.751660231,3283027.9902115865,583230
rl11849_n59240_uncorr_01.ttp:,101615.0,2593463.0,9201002.0,927195,1351878.1635560514,3266256.8619889347,590928
rl11849_n59240_uncorr_01.ttp:,100410.0,2594668.0,9208807.0,928335,1348529.0950014736,3288764.272943531,590523
rl11849_n59240_uncorr_01.ttp:,103473.0,2591605.0,9210225.0,928869,1352888.49314888,3271044.5150764165,587888
rl11849_n59240_uncorr_01.ttp:,102762.0,2592316.0,9202291.0,927534,1355149.6254422897,3253184.144308348,584007
rl11849_n59240_uncorr_01.ttp:,99844.0,2595234.0,9215380.0,928846,1352485.717653398,3277967.6995015834,587544
rl11849_n59240_uncorr_01.ttp:,100575.0,2594503.0,9182625.0,928006,1348289.520767079,3263634.0038325237,587228
rl11849_n59240_uncorr_01.ttp:,96222.0,2598856.0,9212893.0,928627,1354132.3252318026,3268252.0922323866,583837
rl11849_n59240_uncorr_01.ttp:,99843.0,2595235.0,9210865.0,927831,1349971.1262897467,3284491.7555880127,584572
rl11849_n59240_uncorr_01.ttp:,101669.0,2593409.0,9215933.0,928812,1355476.111526985,3265392.870396537,588541
rl11849_n59240_uncorr_01.ttp:,106291.0,2588787.0,9212198.0,928805,1355002.8483480022,3263735.4957522713,586469
rl11849_n59240_uncorr_01.ttp:,101624.0,2593454.0,9202769.0,928928,1354080.9167962153,3258353.775264615,585954
rl11849_n59240_uncorr_01.ttp:,100667.0,2594411.0,9200237.0,928371,1346455.7815237907,3289296.119110559,584114
rl11849_n59240_uncorr_01.ttp:,95994.0,2599084.0,9203524.0,927796,1346052.9990656713,3294351.334101703,589629
rl11849_n59240_uncorr_01.ttp:,104160.0,2590918.0,9205749.0,928842,1357553.3789612998,3246089.666359894,583688
rl11849_n59240_uncorr_01.ttp:,98320.0,2596758.0,9211032.0,926674,1354024.9535075473,3266862.454101868,591567
rl11849_n59240_uncorr_01.ttp:,100735.0,2594343.0,9205431.0,927974,1350405.2639865223,3277151.891099167,586039
rl11849_n59240_uncorr_01.ttp:,99498.0,2595580.0,9210889.0,928932,1355924.977539212,3258378.3486028602,589144
rl11849_n59240_uncorr_01.ttp:,97925.0,2597153.0,9212951.0,928479,1353507.3228504027,3271053.852686733,584155
RESULTS,FOR,heuristics,:,25
rl11849_n59240_uncorr_01.ttp:,139029.0,2556049.0,9050654.0,929260,1331599.9288984265,3204930.312135908,600003
rl11849_n59240_uncorr_01.ttp:,150043.0,2545035.0,9066452.0,927495,1337173.4351962062,3196260.6194886556,600068
rl11849_n59240_uncorr_01.ttp:,151748.0,2543330.0,9075433.0,927526,1335848.4441652042,3211058.330114754,600003
rl11849_n59240_uncorr_01.ttp:,132765.0,2562313.0,9089106.0,928334,1333388.5730016425,3235530.1645227904,600003
rl11849_n59240_uncorr_01.ttp:,148309.0,2546769.0,9069538.0,928810,1334792.9721433618,3209796.8522906424,600002
rl11849_n59240_uncorr_01.ttp:,165085.0,2529993.0,9049445.0,928802,1338061.5461102955,3175354.812575803,600253
rl11849_n59240_uncorr_01.ttp:,154469.0,2540609.0,9065696.0,928134,1331985.9775533092,3218277.558540973,600002
rl11849_n59240_uncorr_01.ttp:,134043.0,2561035.0,9096596.0,927910,1329496.432532671,3260106.6611815747,600253
rl11849_n59240_uncorr_01.ttp:,149113.0,2545965.0,9084479.0,928463,1334256.310459558,3227093.7970825415,600003
rl11849_n59240_uncorr_01.ttp:,137303.0,2557775.0,9076935.0,928190,1334679.3351153624,3217692.7188435597,600081
rl11849_n59240_uncorr_01.ttp:,151390.0,2543688.0,9068659.0,928416,1334046.3755148044,3212195.411490009,600122
rl11849_n59240_uncorr_01.ttp:,135471.0,2559607.0,9073467.0,927785,1327977.4694864308,3243645.908954569,600067
rl11849_n59240_uncorr_01.ttp:,128749.0,2566329.0,9080664.0,929340,1331704.3063089605,3234482.095303664,600009
rl11849_n59240_uncorr_01.ttp:,142346.0,2552732.0,9088502.0,927241,1335018.0856189702,3227772.604132721,600004
rl11849_n59240_uncorr_01.ttp:,145304.0,2549774.0,9090860.0,928013,1334785.776743549,3231150.4400958205,599996
rl11849_n59240_uncorr_01.ttp:,125295.0,2569783.0,9096554.0,928853,1330757.4920899237,3254528.609725235,600004
rl11849_n59240_uncorr_01.ttp:,126216.0,2568862.0,9076599.0,928590,1330638.9542132006,3235093.99100405,600005
rl11849_n59240_uncorr_01.ttp:,145773.0,2549305.0,9020497.0,927860,1332455.1108450547,3171019.0633902103,600176
rl11849_n59240_uncorr_01.ttp:,147305.0,2547773.0,9092324.0,929284,1337938.573468524,3218773.6624731803,600004
rl11849_n59240_uncorr_01.ttp:,143174.0,2551904.0,9042415.0,927577,1334487.4309087747,3184015.178310479,600214
rl11849_n59240_uncorr_01.ttp:,120545.0,2574533.0,9049989.0,927971,1332366.7760530433,3200898.8531271406,600228
rl11849_n59240_uncorr_01.ttp:,154979.0,2540099.0,9071531.0,927724,1333159.0214976757,3218962.895625204,600004
rl11849_n59240_uncorr_01.ttp:,112979.0,2582099.0,9111400.0,927765,1332854.608658627,3260168.2679886287,600061
rl11849_n59240_uncorr_01.ttp:,134988.0,2560090.0,9085145.0,929202,1334176.6123794762,3228109.6716540996,600004
rl11849_n59240_uncorr_01.ttp:,116394.0,2578684.0,9051807.0,928344,1333598.4780211295,3197309.6814872418,600003
rl11849_n59240_uncorr_01.ttp:,142079.0,2552999.0,9071944.0,928146,1332977.8034878105,3220171.4426885126,600202
rl11849_n59240_uncorr_01.ttp:,161764.0,2533314.0,9065056.0,929284,1337391.782115951,3193906.076510976,600004
rl11849_n59240_uncorr_01.ttp:,155184.0,2539894.0,9055208.0,927482,1334532.3610116595,3196610.9351588152,600003
rl11849_n59240_uncorr_01.ttp:,118113.0,2576965.0,9097404.0,928268,1330496.0338733073,3256526.4112961814,600003
rl11849_n59240_uncorr_01.ttp:,139150.0,2555928.0,9079840.0,927906,1329125.1399177106,3244980.6357612507,600017
RESULTS,FOR,heuristics,:,26
rl11849_n59240_uncorr_01.ttp:,97655.0,2597423.0,9094304.0,928175,1333956.84123476,3238233.466979405,600004
rl11849_n59240_uncorr_01.ttp:,98149.0,2596929.0,9052887.0,928708,1337560.8599389808,3180994.8248678744,600005
rl11849_n59240_uncorr_01.ttp:,89226.0,2605852.0,9068604.0,928556,1337253.6692144265,3198060.392148668,600003
rl11849_n59240_uncorr_01.ttp:,98632.0,2596446.0,9062500.0,927591,1330234.1835864848,3222771.934055332,600003
rl11849_n59240_uncorr_01.ttp:,84978.0,2610100.0,9104257.0,928207,1334684.3511972488,3244992.698244078,600015
rl11849_n59240_uncorr_01.ttp:,89720.0,2605358.0,9086741.0,928316,1333854.4756209678,3231119.8520239517,600004
rl11849_n59240_uncorr_01.ttp:,83654.0,2611424.0,9086133.0,927976,1335126.8325479669,3224926.205114426,600003
rl11849_n59240_uncorr_01.ttp:,94009.0,2601069.0,9072057.0,928973,1337266.45104391,3201457.2799172355,600003
rl11849_n59240_uncorr_01.ttp:,92393.0,2602685.0,9064556.0,927884,1333497.0597187094,3210503.907834866,600003
rl11849_n59240_uncorr_01.ttp:,81780.0,2613298.0,9114459.0,928107,1335360.7913215864,3252225.126098236,600004
rl11849_n59240_uncorr_01.ttp:,85730.0,2609348.0,9102752.0,928556,1332832.7546207742,3251616.2072148016,600003
rl11849_n59240_uncorr_01.ttp:,80236.0,2614842.0,9097903.0,928092,1332251.6601159014,3249318.2120911935,600003
rl11849_n59240_uncorr_01.ttp:,84507.0,2610571.0,9096184.0,928543,1329160.1401333879,3261170.984814428,600003
rl11849_n59240_uncorr_01.ttp:,89314.0,2605764.0,9085793.0,927512,1332994.24604074,3233948.259881152,600003
rl11849_n59240_uncorr_01.ttp:,92054.0,2603024.0,9071967.0,929576,1333467.9597547539,3218042.6566766314,600005
rl11849_n59240_uncorr_01.ttp:,93139.0,2601939.0,9090014.0,928487,1334137.3904554313,3233150.8559006574,600006
rl11849_n59240_uncorr_01.ttp:,93048.0,2602030.0,9088750.0,929332,1334930.711811262,3228404.1751485607,600004
rl11849_n59240_uncorr_01.ttp:,72867.0,2622211.0,9115830.0,928352,1332437.4225373098,3266429.71506121,600004
rl11849_n59240_uncorr_01.ttp:,95120.0,2599958.0,9075441.0,927240,1335326.1213563995,3213359.327245407,600003
rl11849_n59240_uncorr_01.ttp:,96313.0,2598765.0,9040899.0,928750,1335246.4619464562,3179167.0320550576,600003
rl11849_n59240_uncorr_01.ttp:,101853.0,2593225.0,9074093.0,927913,1337213.579438035,3203725.386267027,600005
rl11849_n59240_uncorr_01.ttp:,119927.0,2575151.0,9046483.0,928266,1334156.813773005,3189534.587536508,600005
rl11849_n59240_uncorr_01.ttp:,108050.0,2587028.0,9041584.0,928399,1333203.4919053083,3188820.6705356967,600004
rl11849_n59240_uncorr_01.ttp:,89888.0,2605190.0,9092647.0,927997,1333704.8221021194,3237682.8309716964,600004
rl11849_n59240_uncorr_01.ttp:,103516.0,2591562.0,9055272.0,927647,1336309.370442343,3188873.863758115,600004
rl11849_n59240_uncorr_01.ttp:,84784.0,2610294.0,9088483.0,927959,1333776.9146400543,3233202.344730162,600003
rl11849_n59240_uncorr_01.ttp:,75033.0,2620045.0,9096370.0,927741,1328444.5881396912,3264498.2580667567,600004
rl11849_n59240_uncorr_01.ttp:,94010.0,2601068.0,9071186.0,927974,1333340.3325553006,3217821.9400822306,600005
rl11849_n59240_uncorr_01.ttp:,87783.0,2607295.0,9104853.0,928268,1336501.9050774195,3237609.6367101287,600004
rl11849_n59240_uncorr_01.ttp:,97317.0,2597761.0,9059460.0,927707,1333914.695785616,3203574.485501146,600003
RESULTS,FOR,heuristics,:,27
rl11849_n59240_uncorr_01.ttp:,123262.0,2571816.0,9103547.0,927680,1334917.8000731934,3243257.8576786816,600002
rl11849_n59240_uncorr_01.ttp:,123442.0,2571636.0,9093562.0,929078,1333708.2545871458,3238582.762362431,600002
rl11849_n59240_uncorr_01.ttp:,116152.0,2578926.0,9106739.0,927402,1329322.79451254,3271011.932089949,600026
rl11849_n59240_uncorr_01.ttp:,127806.0,2567272.0,9102654.0,928624,1331986.482964742,3255233.3397847833,600002
rl11849_n59240_uncorr_01.ttp:,137324.0,2557754.0,9115231.0,929133,1337434.4996809347,3243893.546400697,600016
rl11849_n59240_uncorr_01.ttp:,126646.0,2568432.0,9106218.0,928679,1333730.1429827735,3251142.672305625,600010
rl11849_n59240_uncorr_01.ttp:,134511.0,2560567.0,9092005.0,929809,1334021.3975590782,3235651.064715647,600003
rl11849_n59240_uncorr_01.ttp:,126521.0,2568557.0,9104678.0,928697,1334041.7318887077,3248234.797008573,600003
rl11849_n59240_uncorr_01.ttp:,109601.0,2585477.0,9107672.0,927286,1330640.1054464919,3266161.9370899014,600117
rl11849_n59240_uncorr_01.ttp:,140221.0,2554857.0,9108232.0,929065,1335612.2924692892,3244894.036059821,600002
rl11849_n59240_uncorr_01.ttp:,135875.0,2559203.0,9088324.0,927388,1331260.9125218247,3244088.59402919,600020
rl11849_n59240_uncorr_01.ttp:,109086.0,2585992.0,9103832.0,927993,1329134.1183978643,3268933.220233376,600002
rl11849_n59240_uncorr_01.ttp:,139524.0,2555554.0,9095383.0,927157,1330547.6223928407,3254278.9376954297,600091
rl11849_n59240_uncorr_01.ttp:,137788.0,2557290.0,9077410.0,928626,1334194.3865086655,3220296.643226959,600003
rl11849_n59240_uncorr_01.ttp:,123675.0,2571403.0,9108296.0,928934,1333040.768304358,3256247.0271438686,600005
rl11849_n59240_uncorr_01.ttp:,146831.0,2548247.0,9075303.0,928457,1334476.9478634405,3216949.198879496,600041
rl11849_n59240_uncorr_01.ttp:,132650.0,2562428.0,9109543.0,930252,1334325.2266283059,3251855.2551017376,600060
rl11849_n59240_uncorr_01.ttp:,125206.0,2569872.0,9088362.0,928489,1331324.7807926664,3243846.2123201955,600002
rl11849_n59240_uncorr_01.ttp:,140034.0,2555044.0,9065386.0,928137,1325952.6325466435,3244453.9431202356,600004
rl11849_n59240_uncorr_01.ttp:,108362.0,2586716.0,9120077.0,927956,1338484.6517240838,3244129.378931273,600003
rl11849_n59240_uncorr_01.ttp:,139502.0,2555576.0,9088736.0,927802,1334850.4650898047,3228742.4582557576,600003
rl11849_n59240_uncorr_01.ttp:,126795.0,2568283.0,9108330.0,927671,1330872.4435021693,3265799.9730254775,600211
rl11849_n59240_uncorr_01.ttp:,127952.0,2567126.0,9089928.0,927872,1333358.9419556411,3236482.244814736,600003
rl11849_n59240_uncorr_01.ttp:,143608.0,2551470.0,9113243.0,929063,1336741.5937039428,3244947.403639691,600003
rl11849_n59240_uncorr_01.ttp:,134141.0,2560937.0,9087512.0,927561,1332535.3033946576,3237682.0180974538,600002
rl11849_n59240_uncorr_01.ttp:,137024.0,2558054.0,9099470.0,928185,1336942.467610994,3230292.5671877377,600004
rl11849_n59240_uncorr_01.ttp:,117317.0,2577761.0,9091325.0,929468,1329527.3333840563,3254700.006443993,600113
rl11849_n59240_uncorr_01.ttp:,137797.0,2557281.0,9103687.0,927307,1334331.6426007226,3245971.088982828,600006
rl11849_n59240_uncorr_01.ttp:,140828.0,2554250.0,9076856.0,928365,1329481.292942909,3240433.1239806293,600021
rl11849_n59240_uncorr_01.ttp:,141768.0,2553310.0,9098875.0,928130,1332265.0989068516,3250231.215798922,600072
RESULTS,FOR,heuristics,:,28
rl11849_n59240_uncorr_01.ttp:,84283.0,2610795.0,9083096.0,927313,1332211.2539223873,3234688.59528072,600003
rl11849_n59240_uncorr_01.ttp:,85459.0,2609619.0,9117769.0,927837,1333361.5248028005,3264311.906115706,600003
rl11849_n59240_uncorr_01.ttp:,81137.0,2613941.0,9101696.0,927307,1331597.962832011,3255980.9431674723,600005
rl11849_n59240_uncorr_01.ttp:,80197.0,2614881.0,9111191.0,929094,1336869.0270282268,3242335.971346085,600002
rl11849_n59240_uncorr_01.ttp:,88527.0,2606551.0,9100798.0,927590,1331568.4255473646,3255212.61184707,600004
rl11849_n59240_uncorr_01.ttp:,76157.0,2618921.0,9097489.0,929537,1335764.4306777609,3233483.1493246304,600002
rl11849_n59240_uncorr_01.ttp:,91538.0,2603540.0,9083500.0,927978,1331291.3839664245,3239130.8243873967,600005
rl11849_n59240_uncorr_01.ttp:,75385.0,2619693.0,9131524.0,928555,1333065.694170947,3279365.602589543,600005
rl11849_n59240_uncorr_01.ttp:,87790.0,2607288.0,9099822.0,927616,1330728.713608128,3257922.9472603183,600004
rl11849_n59240_uncorr_01.ttp:,80509.0,2614569.0,9096444.0,928066,1330709.5405374006,3254629.117040812,600005
rl11849_n59240_uncorr_01.ttp:,81476.0,2613602.0,9097245.0,928802,1332500.499661801,3247567.8064846946,600002
rl11849_n59240_uncorr_01.ttp:,80301.0,2614777.0,9098033.0,928472,1334122.9212874307,3241233.37554818,600005
rl11849_n59240_uncorr_01.ttp:,103723.0,2591355.0,9084907.0,929139,1334027.1120133519,3228527.978261386,600005
rl11849_n59240_uncorr_01.ttp:,76063.0,2619015.0,9115107.0,928488,1333691.7457268976,3260200.2362589203,600004
rl11849_n59240_uncorr_01.ttp:,92062.0,2603016.0,9093920.0,928318,1335023.1599919253,3233168.3276354484,600004
rl11849_n59240_uncorr_01.ttp:,74911.0,2620167.0,9112652.0,929941,1332242.3539903816,3264108.0659822254,600003
rl11849_n59240_uncorr_01.ttp:,90242.0,2604836.0,9117793.0,928783,1334458.772868105,3259518.9871090194,600004
rl11849_n59240_uncorr_01.ttp:,81622.0,2613456.0,9101853.0,928057,1332458.5363548603,3252360.025402164,600005
rl11849_n59240_uncorr_01.ttp:,88147.0,2606931.0,9096752.0,929106,1332740.9036618306,3246019.432924564,600004
rl11849_n59240_uncorr_01.ttp:,92629.0,2602449.0,9104272.0,927953,1332982.2297444588,3252480.0114218267,600005
rl11849_n59240_uncorr_01.ttp:,101301.0,2593777.0,9087164.0,927883,1335414.6901479918,3224693.510250317,600004
rl11849_n59240_uncorr_01.ttp:,87283.0,2607795.0,9096202.0,927438,1330382.4800604898,3255822.91253445,600003
rl11849_n59240_uncorr_01.ttp:,90392.0,2604686.0,9108945.0,928040,1337175.6271827838,3238743.9966675797,600004
rl11849_n59240_uncorr_01.ttp:,85240.0,2609838.0,9105838.0,928387,1332284.1057639895,3257110.7756960867,600002
rl11849_n59240_uncorr_01.ttp:,79572.0,2615506.0,9098222.0,929417,1335408.4147364646,3235779.0593069205,600004
rl11849_n59240_uncorr_01.ttp:,80465.0,2614613.0,9107849.0,929214,1334321.8223702735,3250176.199794499,600003
rl11849_n59240_uncorr_01.ttp:,75134.0,2619944.0,9116618.0,927759,1334036.9498682735,3260195.7900782796,600003
rl11849_n59240_uncorr_01.ttp:,78704.0,2616374.0,9097032.0,927907,1332172.1731218703,3248796.1599949896,600003
rl11849_n59240_uncorr_01.ttp:,88560.0,2606518.0,9098668.0,928014,1333838.980445413,3243114.875844638,600003
rl11849_n59240_uncorr_01.ttp:,90151.0,2604927.0,9099777.0,929468,1335307.9321793185,3237775.1777327918,600005
RESULTS,FOR,heuristics,:,29
rl11849_n59240_uncorr_01.ttp:,169870.0,2525208.0,9059268.0,928752,1335863.2719149126,3194828.236293534,600070
rl11849_n59240_uncorr_01.ttp:,136482.0,2558596.0,9024463.0,929053,1335234.1414985703,3162785.1188212764,600002
rl11849_n59240_uncorr_01.ttp:,144072.0,2551006.0,9067323.0,928743,1337678.1668980615,3194915.8473175103,600013
rl11849_n59240_uncorr_01.ttp:,125270.0,2569808.0,9040666.0,927780,1331087.2744457393,3197192.8651832044,600217
rl11849_n59240_uncorr_01.ttp:,129141.0,2565937.0,9116956.0,927441,1334967.5875634465,3256448.2905964702,600004
rl11849_n59240_uncorr_01.ttp:,136462.0,2558616.0,9097724.0,928072,1337010.073841179,3228249.775837225,600004
rl11849_n59240_uncorr_01.ttp:,158453.0,2536625.0,9060444.0,928655,1334571.7620680723,3201673.964521163,600022
rl11849_n59240_uncorr_01.ttp:,145158.0,2549920.0,9094304.0,927773,1335789.065405574,3230190.0028695306,600097
rl11849_n59240_uncorr_01.ttp:,122435.0,2572643.0,9095802.0,927965,1329575.3413908218,3258966.2512942925,600005
rl11849_n59240_uncorr_01.ttp:,111318.0,2583760.0,9133802.0,928349,1335733.6574368435,3269931.2438522577,600003
rl11849_n59240_uncorr_01.ttp:,154071.0,2541007.0,9051791.0,928941,1337625.1918354442,3179616.4078424005,600076
rl11849_n59240_uncorr_01.ttp:,134620.0,2560458.0,9035583.0,927743,1334201.3782792175,3178438.949354235,600003
rl11849_n59240_uncorr_01.ttp:,126182.0,2568896.0,9109561.0,928522,1332186.571892614,3261261.9493914247,600062
rl11849_n59240_uncorr_01.ttp:,137758.0,2557320.0,9067776.0,928984,1329564.61779629,3230987.327874287,600003
rl11849_n59240_uncorr_01.ttp:,139016.0,2556062.0,9107122.0,928175,1336529.4402369743,3239757.7573596835,600003
rl11849_n59240_uncorr_01.ttp:,135253.0,2559825.0,9090141.0,927463,1331888.9465409254,3243148.524685338,600003
rl11849_n59240_uncorr_01.ttp:,136890.0,2558188.0,9093023.0,928097,1335651.7835201465,3229511.670346557,600277
rl11849_n59240_uncorr_01.ttp:,141387.0,2553691.0,9101889.0,930274,1336335.8773221737,3235374.4985556584,600009
rl11849_n59240_uncorr_01.ttp:,134434.0,2560644.0,9031317.0,928553,1332979.6482593794,3179536.344141325,600041
rl11849_n59240_uncorr_01.ttp:,111398.0,2583680.0,9097785.0,929353,1329785.330536144,3260027.398946328,600003
rl11849_n59240_uncorr_01.ttp:,132405.0,2562673.0,9046850.0,927899,1333374.5662515403,3193335.6541557387,600002
rl11849_n59240_uncorr_01.ttp:,144152.0,2550926.0,9059289.0,928922,1332305.766400804,3210466.685500471,600033
rl11849_n59240_uncorr_01.ttp:,130448.0,2564630.0,9104914.0,928405,1329043.8996094423,3270411.280714548,600003
rl11849_n59240_uncorr_01.ttp:,148543.0,2546535.0,9080434.0,927831,1336734.156322669,3212171.0537434835,600003
rl11849_n59240_uncorr_01.ttp:,144740.0,2550338.0,9106168.0,927982,1335966.3164556222,3241275.8707598187,600004
rl11849_n59240_uncorr_01.ttp:,161050.0,2534028.0,9062288.0,928700,1335168.165690137,3200899.7526202984,600146
rl11849_n59240_uncorr_01.ttp:,142493.0,2552585.0,9082549.0,928405,1335509.1687890152,3219663.7490162235,600002
rl11849_n59240_uncorr_01.ttp:,129816.0,2565262.0,9106423.0,928852,1335240.5326382518,3244717.0617180755,600005
rl11849_n59240_uncorr_01.ttp:,150272.0,2544806.0,9066126.0,927970,1337054.1470471832,3196458.294462866,600003
rl11849_n59240_uncorr_01.ttp:,127278.0,2567800.0,9040924.0,926904,1330565.3122816158,3199742.2790837074,600002
RESULTS,FOR,heuristics,:,30
rl11849_n59240_uncorr_01.ttp:,100766.0,2594312.0,9071389.0,929957,1333376.5083078134,3217866.1285286993,600003
rl11849_n59240_uncorr_01.ttp:,86141.0,2608937.0,9085637.0,927374,1336817.146344483,3217009.72754772,600003
rl11849_n59240_uncorr_01.ttp:,102452.0,2592626.0,9076942.0,928504,1337330.8523865126,3206059.5580232106,600003
rl11849_n59240_uncorr_01.ttp:,84998.0,2610080.0,9097363.0,929510,1337116.8934366473,3227419.8378131194,599998
rl11849_n59240_uncorr_01.ttp:,77158.0,2617920.0,9122423.0,927830,1330351.9494430274,3282177.9419451104,599998
rl11849_n59240_uncorr_01.ttp:,93268.0,2601810.0,9077365.0,927673,1333655.9089228574,3222615.5598286567,599999
rl11849_n59240_uncorr_01.ttp:,99789.0,2595289.0,9077637.0,927674,1332783.986065474,3226715.3011725694,599999
rl11849_n59240_uncorr_01.ttp:,77783.0,2617295.0,9090017.0,927600,1330930.8022289027,3247230.7782151178,599999
rl11849_n59240_uncorr_01.ttp:,85197.0,2609881.0,9118621.0,928738,1332251.9424087643,3270034.9728255253,599999
rl11849_n59240_uncorr_01.ttp:,96621.0,2598457.0,9078233.0,928146,1334185.6788841109,3221157.8696987536,600226
rl11849_n59240_uncorr_01.ttp:,84721.0,2610357.0,9101839.0,929117,1331450.2695209312,3256772.3168031126,599999
rl11849_n59240_uncorr_01.ttp:,90578.0,2604500.0,9099251.0,927492,1333131.9424837008,3246801.772496554,599999
rl11849_n59240_uncorr_01.ttp:,84550.0,2610528.0,9100568.0,928433,1330358.3683684247,3260294.762862616,599999
rl11849_n59240_uncorr_01.ttp:,80595.0,2614483.0,9111092.0,928366,1335809.8317986678,3246886.838403849,599998
rl11849_n59240_uncorr_01.ttp:,110806.0,2584272.0,9052892.0,927731,1335797.5486125434,3188740.7615909353,600258
rl11849_n59240_uncorr_01.ttp:,75582.0,2619496.0,9096373.0,927724,1328126.7213199788,3265896.693405293,599999
rl11849_n59240_uncorr_01.ttp:,108261.0,2586817.0,9061079.0,927811,1331697.9288200806,3214925.0924798464,599999
rl11849_n59240_uncorr_01.ttp:,80630.0,2614448.0,9094806.0,927811,1334421.2078108296,3236696.8977104584,599999
rl11849_n59240_uncorr_01.ttp:,96765.0,2598313.0,9072605.0,927755,1336713.9440876632,3204430.785455159,600005
rl11849_n59240_uncorr_01.ttp:,98227.0,2596851.0,9077217.0,930333,1335814.9130703134,3212989.531621325,599999
rl11849_n59240_uncorr_01.ttp:,113596.0,2581482.0,9054416.0,929132,1338018.394480474,3180515.248230719,599999
rl11849_n59240_uncorr_01.ttp:,92941.0,2602137.0,9085173.0,927643,1336940.3642085674,3216004.8011243893,599998
rl11849_n59240_uncorr_01.ttp:,91504.0,2603574.0,9077925.0,928983,1335983.4804488136,3212957.5208297083,599999
rl11849_n59240_uncorr_01.ttp:,95443.0,2599635.0,9085797.0,927923,1332730.5037418827,3235110.0885731354,599999
rl11849_n59240_uncorr_01.ttp:,98857.0,2596221.0,9055199.0,929052,1333270.4362184543,3202141.7850009864,599999
rl11849_n59240_uncorr_01.ttp:,78780.0,2616298.0,9080843.0,927594,1332938.0003492278,3229245.17846689,599999
rl11849_n59240_uncorr_01.ttp:,74343.0,2620735.0,9124819.0,928484,1332648.5077623308,3274492.050923368,599999
rl11849_n59240_uncorr_01.ttp:,101517.0,2593561.0,9031652.0,929459,1339828.0175505483,3149807.0029530935,599999
rl11849_n59240_uncorr_01.ttp:,84477.0,2610601.0,9083194.0,929562,1337344.4172434397,3212252.0083013,599998
rl11849_n59240_uncorr_01.ttp:,109891.0,2585187.0,9032454.0,929932,1338035.2639874504,3158479.1910950933,600662
