195 195
0 1 14
1 2 7
2 3 12
3 4 13
4 5 8
5 6 13
6 7 13
7 8 12
8 9 9
9 10 14
10 11 10
11 12 9
12 25 20
25 38 16
38 51 20
51 50 9
50 49 10
49 48 16
48 47 13
47 46 12
46 45 9
45 44 13
44 58 17
58 59 16
59 60 8
60 61 13
61 62 10
62 63 13
63 64 9
64 77 17
77 76 11
76 75 14
75 74 8
74 73 13
73 72 14
72 71 9
71 84 13
84 85 15
85 86 9
86 87 16
87 88 8
88 89 14
89 90 11
90 103 15
103 102 12
102 101 14
101 100 13
100 99 7
99 98 13
98 97 13
97 110 14
110 111 13
111 112 12
112 113 9
113 114 13
114 115 9
115 116 11
116 129 26
129 142 15
142 141 13
141 128 14
128 127 8
127 126 15
126 125 9
125 124 9
124 123 11
123 122 13
122 134 17
134 135 12
135 136 12
136 137 11
137 138 10
138 139 11
139 140 12
140 153 14
153 154 13
154 155 12
155 168 24
168 167 14
167 166 14
166 179 9
179 180 13
180 181 12
181 194 17
194 193 14
193 192 11
192 190 18
190 191 12
191 178 14
178 177 11
177 176 14
176 175 8
175 189 20
189 188 7
188 187 16
187 186 13
186 185 11
185 184 11
184 183 10
183 182 13
182 170 16
170 169 14
169 156 18
156 157 10
157 143 20
143 144 8
144 145 16
145 159 14
159 158 12
158 171 13
171 172 14
172 173 9
173 174 10
174 160 20
160 161 12
161 162 9
162 163 9
163 164 15
164 165 9
165 152 11
152 151 10
151 150 13
150 149 10
149 148 13
148 147 13
147 146 10
146 133 12
133 132 11
132 131 10
131 130 12
130 117 18
117 118 14
118 119 12
119 120 15
120 121 8
121 109 18
109 108 11
108 107 11
107 106 15
106 105 12
105 104 16
104 91 13
91 92 11
92 93 10
93 94 12
94 95 11
95 96 13
96 83 15
83 82 11
82 81 11
81 80 12
80 79 14
79 78 12
78 65 14
65 66 9
66 67 10
67 68 13
68 69 9
69 70 15
70 57 11
57 56 10
56 55 11
55 54 16
54 53 13
53 52 14
52 39 9
39 40 9
40 41 13
41 42 9
42 43 13
43 29 18
29 30 13
30 31 8
31 32 13
32 33 15
33 34 14
34 35 11
35 36 7
36 37 14
37 24 17
24 23 11
23 22 10
22 21 12
21 20 12
20 19 10
19 18 14
18 17 15
17 16 9
16 15 7
15 28 16
28 27 12
27 26 13
26 13 16
13 14 12
14 0 24
