195 195
0 14 24
14 13 12
13 26 16
26 27 13
27 28 12
28 15 16
15 16 7
16 17 9
17 18 15
18 19 14
19 20 10
20 33 13
33 32 15
32 31 13
31 30 8
30 29 13
29 43 18
43 42 13
42 41 9
41 40 13
40 39 9
39 52 9
52 53 14
53 54 13
54 55 16
55 56 11
56 57 10
57 70 11
70 69 15
69 68 9
68 67 13
67 66 10
66 65 9
65 78 14
78 79 12
79 80 14
80 81 12
81 82 11
82 83 11
83 96 15
96 95 13
95 94 11
94 93 12
93 92 10
92 91 11
91 104 13
104 105 16
105 106 12
106 107 15
107 108 11
108 109 11
109 110 13
110 97 14
97 98 13
98 99 13
99 100 7
100 111 23
111 112 12
112 113 9
113 126 12
126 125 9
125 124 9
124 123 11
123 122 13
122 121 12
121 120 8
120 119 15
119 118 12
118 117 14
117 130 18
130 131 12
131 132 10
132 133 11
133 134 13
134 135 12
135 148 15
148 147 13
147 146 10
146 145 13
145 144 16
144 143 8
143 157 20
157 156 10
156 169 18
169 170 14
170 182 16
182 183 13
183 184 10
184 185 11
185 186 11
186 187 13
187 188 16
188 189 7
189 190 16
190 191 12
191 192 13
192 193 11
193 194 14
194 181 17
181 180 12
180 168 21
168 167 14
167 166 14
166 179 9
179 178 14
178 177 11
177 176 14
176 175 8
175 174 14
174 173 10
173 172 9
172 171 14
171 158 13
158 159 12
159 160 15
160 161 12
161 162 9
162 163 9
163 164 15
164 165 9
165 152 11
152 151 10
151 150 13
150 149 10
149 136 17
136 137 11
137 138 10
138 139 11
139 140 12
140 153 14
153 154 13
154 155 12
155 142 21
142 141 13
141 127 17
127 128 8
128 129 13
129 116 26
116 115 11
115 114 9
114 101 18
101 102 14
102 103 12
103 90 15
90 89 11
89 88 14
88 87 8
87 86 16
86 85 9
85 84 15
84 71 13
71 72 9
72 73 14
73 74 13
74 75 8
75 76 14
76 77 11
77 64 17
64 63 9
63 62 13
62 61 10
61 60 13
60 59 8
59 58 16
58 44 17
44 45 13
45 46 9
46 47 12
47 48 13
48 49 16
49 50 10
50 51 9
51 38 20
38 37 13
37 36 14
36 35 7
35 34 11
34 21 16
21 22 12
22 23 10
23 24 11
24 25 13
25 12 20
12 11 9
11 10 10
10 9 14
9 8 9
8 7 12
7 6 13
6 5 13
5 4 8
4 3 13
3 2 12
2 1 7
1 0 14
