enter number of instance to run
Enter TTP instance file:
Instance :pcb3038_n3037_bounded-strongly-corr_01.ttp
RESULTS FOR heuristics : 20
pcb3038_n3037_bounded-strongly-corr_01.ttp: 11.0 263256.0 393256.0 140153 175627.3450007929 154402.81079892162 6995
pcb3038_n3037_bounded-strongly-corr_01.ttp: 41.0 263226.0 393526.0 140243 174277.33733140022 156508.8212292957 7545
pcb3038_n3037_bounded-strongly-corr_01.ttp: 10.0 263257.0 393757.0 140163 176278.9623916208 154017.6111473957 6784
pcb3038_n3037_bounded-strongly-corr_01.ttp: 10.0 263257.0 392957.0 140102 172970.8198780781 157716.68496581377 7049
pcb3038_n3037_bounded-strongly-corr_01.ttp: 49.0 263218.0 393918.0 139970 175257.5063315996 155567.79138902453 6697
pcb3038_n3037_bounded-strongly-corr_01.ttp: 89.0 263178.0 400478.0 140219 177582.0758598524 158966.37683060073 7711
pcb3038_n3037_bounded-strongly-corr_01.ttp: 12.0 263255.0 394455.0 140277 173996.76394823758 157819.40103039687 7443
pcb3038_n3037_bounded-strongly-corr_01.ttp: 81.0 263186.0 396586.0 140134 175163.88250353403 158363.1197951937 6967
pcb3038_n3037_bounded-strongly-corr_01.ttp: 45.0 263222.0 396522.0 140155 175378.3644639812 158007.42432898554 6598
pcb3038_n3037_bounded-strongly-corr_01.ttp: 46.0 263221.0 397921.0 140271 176440.07998212986 157962.49122430338 7433
pcb3038_n3037_bounded-strongly-corr_01.ttp: 70.0 263197.0 395697.0 140172 174197.19967598852 158788.8084406556 6657
pcb3038_n3037_bounded-strongly-corr_01.ttp: 75.0 263192.0 395792.0 140223 177746.37081356178 154056.93569355598 7209
pcb3038_n3037_bounded-strongly-corr_01.ttp: 17.0 263250.0 391650.0 140285 173977.6443150558 155040.4037315241 7280
pcb3038_n3037_bounded-strongly-corr_01.ttp: 2.0 263265.0 393865.0 140179 174384.10690426803 156702.61461019545 6784
pcb3038_n3037_bounded-strongly-corr_01.ttp: 69.0 263198.0 395598.0 140281 176453.28123428518 155621.53752137214 7049
pcb3038_n3037_bounded-strongly-corr_01.ttp: 51.0 263216.0 396016.0 140249 175774.5931196824 156962.55335723193 6797
pcb3038_n3037_bounded-strongly-corr_01.ttp: 25.0 263242.0 393842.0 140333 174181.14319285087 156955.6452577228 7067
pcb3038_n3037_bounded-strongly-corr_01.ttp: 36.0 263231.0 394031.0 140232 176485.13896494874 154011.21100766968 6777
pcb3038_n3037_bounded-strongly-corr_01.ttp: 76.0 263191.0 393891.0 140245 176759.0971133294 153498.62792587202 6720
pcb3038_n3037_bounded-strongly-corr_01.ttp: 8.0 263259.0 393659.0 140079 174538.77199543134 156286.27008621336 7076
pcb3038_n3037_bounded-strongly-corr_01.ttp: 49.0 263218.0 394118.0 140347 176644.83192253055 153881.02858535844 7323
pcb3038_n3037_bounded-strongly-corr_01.ttp: 10.0 263257.0 390857.0 140151 173547.2985990799 154832.67390525134 6776
pcb3038_n3037_bounded-strongly-corr_01.ttp: 85.0 263182.0 391882.0 140048 175087.284101327 153763.29362219526 6981
pcb3038_n3037_bounded-strongly-corr_01.ttp: 73.0 263194.0 395494.0 140290 175388.5265806117 156965.60385036806 7121
pcb3038_n3037_bounded-strongly-corr_01.ttp: 95.0 263172.0 394072.0 140208 176204.5449945388 154433.81880742722 6836
pcb3038_n3037_bounded-strongly-corr_01.ttp: 11.0 263256.0 393556.0 140222 174459.6812018762 156290.83356544835 7178
pcb3038_n3037_bounded-strongly-corr_01.ttp: 8.0 263259.0 394659.0 140066 175382.11589294 156139.32238560158 6654
pcb3038_n3037_bounded-strongly-corr_01.ttp: 10.0 263257.0 389257.0 140108 173670.22774844046 153065.49026212096 7197
pcb3038_n3037_bounded-strongly-corr_01.ttp: 3.0 263264.0 396564.0 140143 175475.58056626286 157917.21042988249 6530
pcb3038_n3037_bounded-strongly-corr_01.ttp: 53.0 263214.0 393714.0 140307 173483.7351588444 157776.12018397156 7408
RESULTS FOR heuristics : 24
pcb3038_n3037_bounded-strongly-corr_01.ttp: 9.0 263258.0 397858.0 140086 174931.2696385175 159951.4732916162 590922
pcb3038_n3037_bounded-strongly-corr_01.ttp: 28.0 263239.0 396639.0 140270 173935.11376445848 160087.24528033644 590489
pcb3038_n3037_bounded-strongly-corr_01.ttp: 52.0 263215.0 396015.0 140152 173994.71612654 159382.18606790557 592230
pcb3038_n3037_bounded-strongly-corr_01.ttp: 73.0 263194.0 396594.0 140067 174129.2126500856 159778.27079588358 593925
pcb3038_n3037_bounded-strongly-corr_01.ttp: 57.0 263210.0 396510.0 140198 174067.22977762032 159778.56750243634 590818
pcb3038_n3037_bounded-strongly-corr_01.ttp: 25.0 263242.0 399442.0 140304 175954.91593211037 160143.31433232987 592767
pcb3038_n3037_bounded-strongly-corr_01.ttp: 45.0 263222.0 397022.0 140230 174161.78809385208 160161.96819236115 594442
pcb3038_n3037_bounded-strongly-corr_01.ttp: 100.0 263167.0 396467.0 140076 173969.36777622584 159868.65982433283 594185
pcb3038_n3037_bounded-strongly-corr_01.ttp: 61.0 263206.0 398906.0 140164 175051.19796137567 160836.37077252907 590080
pcb3038_n3037_bounded-strongly-corr_01.ttp: 8.0 263259.0 398959.0 140056 175403.98354626563 160409.5823770787 593622
pcb3038_n3037_bounded-strongly-corr_01.ttp: 74.0 263193.0 396293.0 140097 173978.01745228205 159682.8962648964 592399
pcb3038_n3037_bounded-strongly-corr_01.ttp: 44.0 263223.0 397823.0 140153 174693.6120005462 160239.68767925713 595457
pcb3038_n3037_bounded-strongly-corr_01.ttp: 42.0 263225.0 396125.0 140223 174136.03118707857 159299.99758557315 592755
pcb3038_n3037_bounded-strongly-corr_01.ttp: 14.0 263253.0 397353.0 140135 174774.3621900782 159659.86742149366 590982
pcb3038_n3037_bounded-strongly-corr_01.ttp: 4.0 263263.0 398263.0 140233 176112.6992226255 158749.7290572293 590246
pcb3038_n3037_bounded-strongly-corr_01.ttp: 51.0 263216.0 397516.0 140220 174781.2224716855 159813.53743850772 592337
pcb3038_n3037_bounded-strongly-corr_01.ttp: 103.0 263164.0 398564.0 140159 175707.55739860033 159601.72193790352 591300
pcb3038_n3037_bounded-strongly-corr_01.ttp: 35.0 263232.0 396932.0 140069 174428.06420764435 159709.83267760367 591333
pcb3038_n3037_bounded-strongly-corr_01.ttp: 8.0 263259.0 396459.0 140060 174018.84425261355 159793.37181644555 592029
pcb3038_n3037_bounded-strongly-corr_01.ttp: 70.0 263197.0 396597.0 140037 174514.63904084862 159257.09090444585 590428
pcb3038_n3037_bounded-strongly-corr_01.ttp: 22.0 263245.0 397945.0 140160 175355.31532133438 159461.77116298524 591946
pcb3038_n3037_bounded-strongly-corr_01.ttp: 15.0 263252.0 397352.0 140296 173973.44969990934 160748.10840812328 592838
pcb3038_n3037_bounded-strongly-corr_01.ttp: 72.0 263195.0 397695.0 140138 174746.4288925909 160039.85670607636 595000
pcb3038_n3037_bounded-strongly-corr_01.ttp: 0.0 263267.0 397967.0 140148 174877.39334544117 160133.7450502 589647
pcb3038_n3037_bounded-strongly-corr_01.ttp: 4.0 263263.0 398363.0 140290 175226.52770840452 160054.92231656983 594277
pcb3038_n3037_bounded-strongly-corr_01.ttp: 10.0 263257.0 399357.0 140268 175655.80868565157 160465.10018751383 591838
pcb3038_n3037_bounded-strongly-corr_01.ttp: 31.0 263236.0 397136.0 140103 174501.60629361143 159813.81544068843 590920
pcb3038_n3037_bounded-strongly-corr_01.ttp: 38.0 263229.0 397329.0 140239 174888.6860745607 159480.38693859742 592306
pcb3038_n3037_bounded-strongly-corr_01.ttp: 23.0 263244.0 396444.0 140149 174192.61233172697 159542.0472288513 591810
pcb3038_n3037_bounded-strongly-corr_01.ttp: 108.0 263159.0 397059.0 140235 175096.66477556722 158927.53590522858 592060
