enter number of instance to run
Enter TTP instance file:
Enter TTP instance file:
Instance :pcb3038_n3037_uncorr_01.ttp
RESULTS FOR heuristics : 20
pcb3038_n3037_uncorr_01.ttp: 5245.0 132588.0 458993.0 140239 206955.4415410029 163046.71859636588 8353
pcb3038_n3037_uncorr_01.ttp: 5136.0 132697.0 451784.0 140129 203175.61166937422 161242.87531279487 8492
pcb3038_n3037_uncorr_01.ttp: 5283.0 132550.0 454968.0 140260 203222.6978290702 164359.54210442962 8356
pcb3038_n3037_uncorr_01.ttp: 3.0 137830.0 459539.0 140276 206980.51725468304 163556.86032580328 8453
pcb3038_n3037_uncorr_01.ttp: 6414.0 131419.0 455247.0 140189 204470.6572327528 162853.9601571635 8486
pcb3038_n3037_uncorr_01.ttp: 5317.0 132516.0 456371.0 140223 203747.8545022677 165011.5680617572 8239
pcb3038_n3037_uncorr_01.ttp: 6078.0 131755.0 461581.0 140151 206418.3540804552 166402.7536649491 8137
pcb3038_n3037_uncorr_01.ttp: 4147.0 133686.0 455606.0 140296 202695.89075912978 165750.8762144444 8368
pcb3038_n3037_uncorr_01.ttp: 5570.0 132263.0 460333.0 140193 206481.2701500041 165064.78368549416 8186
pcb3038_n3037_uncorr_01.ttp: 2376.0 135457.0 451987.0 140085 203374.99172401117 161160.76183466404 8327
pcb3038_n3037_uncorr_01.ttp: 7.0 137826.0 461141.0 140342 205392.133309483 167430.2493674393 8417
pcb3038_n3037_uncorr_01.ttp: 6.0 137827.0 461647.0 140227 205990.11644803264 167081.13347931334 8134
pcb3038_n3037_uncorr_01.ttp: 5854.0 131979.0 456903.0 140266 206571.8895576999 161505.19793248916 8253
pcb3038_n3037_uncorr_01.ttp: 5326.0 132507.0 454156.0 140206 203388.19475807622 163310.88149595103 8208
pcb3038_n3037_uncorr_01.ttp: 8.0 137825.0 458539.0 140236 206272.59283501166 163569.19224593334 8273
pcb3038_n3037_uncorr_01.ttp: 3480.0 134353.0 446185.0 140091 201122.29802156793 158580.1138291579 8100
pcb3038_n3037_uncorr_01.ttp: 2952.0 134881.0 460892.0 140363 205046.33352657236 167675.74305700156 8331
pcb3038_n3037_uncorr_01.ttp: 11.0 137822.0 460031.0 140254 205775.41027373858 165772.16330855386 8227
pcb3038_n3037_uncorr_01.ttp: 5541.0 132292.0 456504.0 140107 203837.80443393317 165015.93965947558 8125
pcb3038_n3037_uncorr_01.ttp: 5574.0 132259.0 460561.0 140183 207964.59596571332 163171.62776903 8391
pcb3038_n3037_uncorr_01.ttp: 5041.0 132792.0 456243.0 140264 204455.40300347825 163871.77370502613 8388
pcb3038_n3037_uncorr_01.ttp: 1881.0 135952.0 451148.0 140004 202325.76277736924 161822.15922836203 8599
pcb3038_n3037_uncorr_01.ttp: 5255.0 132578.0 458681.0 140163 204530.230737897 166202.7700448073 8420
pcb3038_n3037_uncorr_01.ttp: 5102.0 132731.0 459546.0 140158 207940.89661801374 162190.51783624035 8740
pcb3038_n3037_uncorr_01.ttp: 5595.0 132238.0 456968.0 140317 203313.5829966289 166229.57631482068 8517
pcb3038_n3037_uncorr_01.ttp: 5459.0 132374.0 456811.0 140183 204236.6565759737 164752.5810963576 8272
pcb3038_n3037_uncorr_01.ttp: 6715.0 131118.0 454286.0 140285 203603.8213135587 163132.53552161105 8437
pcb3038_n3037_uncorr_01.ttp: 4851.0 132982.0 456963.0 140145 204362.7491380599 164724.26873257436 8422
pcb3038_n3037_uncorr_01.ttp: 4657.0 133176.0 454357.0 140234 202256.22492174245 165130.59836190828 8274
pcb3038_n3037_uncorr_01.ttp: 5105.0 132728.0 459824.0 140215 208089.95986273343 162255.35739629122 8299
RESULTS FOR heuristics : 24
pcb3038_n3037_uncorr_01.ttp: 4060.0 133773.0 457848.0 140163 200139.18085353315 171648.9713794476 586389
pcb3038_n3037_uncorr_01.ttp: 7.0 137826.0 462403.0 139995 204240.24219021847 170339.4536679876 589855
pcb3038_n3037_uncorr_01.ttp: 2079.0 135754.0 456401.0 139981 199834.3036881453 170637.94572595222 592791
pcb3038_n3037_uncorr_01.ttp: 3915.0 133918.0 457934.0 140160 201547.1248978924 169721.61139601388 590795
pcb3038_n3037_uncorr_01.ttp: 14.0 137819.0 461924.0 140056 204353.60356719943 169698.34689890483 588962
pcb3038_n3037_uncorr_01.ttp: 2215.0 135618.0 456963.0 140184 200054.23913067856 170885.4380431297 591127
pcb3038_n3037_uncorr_01.ttp: 4838.0 132995.0 458531.0 140340 202097.6742206332 169531.32586449455 588519
pcb3038_n3037_uncorr_01.ttp: 13.0 137820.0 462865.0 140064 205315.8598617322 169263.32039772294 591074
pcb3038_n3037_uncorr_01.ttp: 3052.0 134781.0 459411.0 140080 201882.48355014238 170719.04852329643 589455
pcb3038_n3037_uncorr_01.ttp: 4766.0 133067.0 457254.0 140143 200743.4920042652 170190.80643390078 587176
pcb3038_n3037_uncorr_01.ttp: 4696.0 133137.0 462349.0 139996 204584.06797658346 169793.78279348568 590076
pcb3038_n3037_uncorr_01.ttp: 5078.0 132755.0 458905.0 140265 202481.52670293688 169356.4168148003 590406
pcb3038_n3037_uncorr_01.ttp: 5.0 137828.0 463043.0 140006 204293.55262525278 170903.21974588855 593140
pcb3038_n3037_uncorr_01.ttp: 2457.0 135376.0 456662.0 140386 201100.34687862112 169088.5039635718 591435
pcb3038_n3037_uncorr_01.ttp: 5307.0 132526.0 462315.0 140350 205124.90334211718 168986.38822077244 590135
pcb3038_n3037_uncorr_01.ttp: 5069.0 132764.0 459159.0 140250 202492.91971898233 169594.1248018553 590501
pcb3038_n3037_uncorr_01.ttp: 16.0 137817.0 462653.0 140247 204527.63017559788 170178.48884889507 591710
pcb3038_n3037_uncorr_01.ttp: 2.0 137831.0 462834.0 140164 204984.85238350474 169705.66109158826 592755
pcb3038_n3037_uncorr_01.ttp: 18.0 137815.0 462058.0 140279 204410.27224385124 169751.31069129275 591490
pcb3038_n3037_uncorr_01.ttp: 12.0 137821.0 463127.0 140124 204646.53562535092 170482.45405574818 590040
pcb3038_n3037_uncorr_01.ttp: 4154.0 133679.0 457071.0 140124 200184.48309040722 170807.1891807177 592490
pcb3038_n3037_uncorr_01.ttp: 4044.0 133789.0 457390.0 140190 200948.88589510293 170033.0931700028 591880
pcb3038_n3037_uncorr_01.ttp: 11.0 137822.0 462627.0 140011 204838.35301446664 169708.1551893127 590408
pcb3038_n3037_uncorr_01.ttp: 3072.0 134761.0 467573.0 140241 207124.95587477478 171384.31309907208 590642
pcb3038_n3037_uncorr_01.ttp: 3918.0 133915.0 457764.0 140013 199849.46601965936 171979.26359188714 589214
pcb3038_n3037_uncorr_01.ttp: 4858.0 132975.0 458862.0 140024 202027.42159379518 169962.78712087288 588292
pcb3038_n3037_uncorr_01.ttp: 2477.0 135356.0 455947.0 140030 199587.55888348597 170536.79079661507 591655
pcb3038_n3037_uncorr_01.ttp: 3.0 137830.0 463377.0 140000 204262.50016708826 171281.62476106378 588914
pcb3038_n3037_uncorr_01.ttp: 5596.0 132237.0 463934.0 140219 205395.47976469088 170218.46393649204 591237
pcb3038_n3037_uncorr_01.ttp: 5225.0 132608.0 460534.0 140135 203528.9085643015 169487.6607530489 590262
Instance :pcb3038_n3037_uncorr-similar-weight_01.ttp
RESULTS FOR heuristics : 20
ERROR: no files found to match the pattern pcb3038_n3037_uncorr-similar-weight_01.ttp in directory instances
