enter number of instance to run
Enter TTP instance file:
Enter TTP instance file:
Instance :pla85900_n858990_uncorr_01.ttp
RESULTS FOR heuristics : 20
pla85900_n858990_uncorr_01.ttp: 2972915.0 3.6094487E7 1.31367191E8 142749581 2.0861131795480856E8 4.5836550638528496E7 177114
pla85900_n858990_uncorr_01.ttp: 2188407.0 3.6878995E7 1.32688016E8 142594473 2.0924847951551053E8 4.689613939864069E7 177016
pla85900_n858990_uncorr_01.ttp: 2929552.0 3.613785E7 1.31226496E8 142749922 2.0775402680069035E8 4.604734501171696E7 178255
pla85900_n858990_uncorr_01.ttp: 2980238.0 3.6087164E7 1.31244115E8 142681271 2.0695389856422448E8 4.6393016588667974E7 174951
pla85900_n858990_uncorr_01.ttp: 2964385.0 3.6103017E7 1.31313838E8 142674381 2.081930219906591E8 4.595469898382978E7 178868
pla85900_n858990_uncorr_01.ttp: 2850568.0 3.6216834E7 1.31507536E8 142703015 2.0765294381506756E8 4.63698290358223E7 174369
pla85900_n858990_uncorr_01.ttp: 2980739.0 3.6086663E7 1.31402949E8 142655358 2.0900558463326666E8 4.571065930036068E7 180154
pla85900_n858990_uncorr_01.ttp: 2178913.0 3.6888489E7 1.32719873E8 142734911 2.0902410627548966E8 4.701998942704925E7 174735
pla85900_n858990_uncorr_01.ttp: 2577175.0 3.6490227E7 1.31979338E8 142673569 2.0797736379460293E8 4.67086188442128E7 169294
pla85900_n858990_uncorr_01.ttp: 2961531.0 3.6105871E7 1.31360117E8 142681979 2.0874131022843492E8 4.577617980634169E7 173004
pla85900_n858990_uncorr_01.ttp: 2726968.0 3.6340434E7 1.31482292E8 142637858 2.0842423259769335E8 4.6028356634945735E7 173614
pla85900_n858990_uncorr_01.ttp: 2539475.0 3.6527927E7 1.31960877E8 142757837 2.075650112664088E8 4.68592223807724E7 175919
pla85900_n858990_uncorr_01.ttp: 2962976.0 3.6104426E7 1.31297003E8 142743755 2.0983166634194922E8 4.526601979980083E7 175415
pla85900_n858990_uncorr_01.ttp: 2754248.0 3.6313154E7 1.31598099E8 142754851 2.075034907132395E8 4.652166780757181E7 176442
pla85900_n858990_uncorr_01.ttp: 2193454.0 3.6873948E7 1.32745583E8 142597817 2.0913456822566262E8 4.700041002747834E7 176287
pla85900_n858990_uncorr_01.ttp: 3704497.0 3.5362905E7 1.28266532E8 142718531 2.05738179071353E8 4.391387858074528E7 181917
pla85900_n858990_uncorr_01.ttp: 3005822.0 3.606158E7 1.31322863E8 142610978 2.0846642764728388E8 4.585162766461362E7 174025
pla85900_n858990_uncorr_01.ttp: 2590271.0 3.6477131E7 1.32033452E8 142731491 2.0844027008546576E8 4.657294126495904E7 178278
pla85900_n858990_uncorr_01.ttp: 2204318.0 3.6863084E7 1.3266777E8 142631810 2.08677857283276E8 4.710984851385684E7 177929
pla85900_n858990_uncorr_01.ttp: 2983189.0 3.6084213E7 1.31271942E8 142640919 2.0780621385025844E8 4.607139432139404E7 174639
pla85900_n858990_uncorr_01.ttp: 2990331.0 3.6077071E7 1.31254312E8 142729134 2.090494306175823E8 4.554404544679126E7 173245
pla85900_n858990_uncorr_01.ttp: 2972093.0 3.6095309E7 1.31403464E8 142663064 2.099303152625784E8 4.533203474234286E7 175791
pla85900_n858990_uncorr_01.ttp: 2956401.0 3.6111001E7 1.31380497E8 142752817 2.1000928907039285E8 4.5276688481138945E7 174332
pla85900_n858990_uncorr_01.ttp: 2891843.0 3.6175559E7 1.31399832E8 142744732 2.0747467455098972E8 4.633521543409422E7 182139
pla85900_n858990_uncorr_01.ttp: 2950073.0 3.6117329E7 1.3136041E8 142725693 2.1165842556872606E8 4.458045551682232E7 176757
pla85900_n858990_uncorr_01.ttp: 2937881.0 3.6129521E7 1.31371183E8 142741801 2.0958477967750582E8 4.5441423332222626E7 176448
pla85900_n858990_uncorr_01.ttp: 2973996.0 3.6093406E7 1.31338684E8 142717789 2.0796331971004704E8 4.6073722918880716E7 174207
pla85900_n858990_uncorr_01.ttp: 2959020.0 3.6108382E7 1.31376269E8 142869892 2.0826655120275077E8 4.598698300687219E7 175977
pla85900_n858990_uncorr_01.ttp: 2966211.0 3.6101191E7 1.31073657E8 142695904 2.112859167196018E8 4.4446431144963264E7 171773
pla85900_n858990_uncorr_01.ttp: 2997764.0 3.6069638E7 1.31409842E8 142739655 2.093017509892042E8 4.559612409442629E7 172871
RESULTS FOR heuristics : 24
pla85900_n858990_uncorr_01.ttp: 2202798.0 3.6864604E7 1.32743275E8 142642892 2.0912253275007328E8 4.7003036572469965E7 479289
pla85900_n858990_uncorr_01.ttp: 2201745.0 3.6865657E7 1.32759359E8 142657852 2.0932087389656907E8 4.693780070240669E7 480976
pla85900_n858990_uncorr_01.ttp: 2194379.0 3.6873023E7 1.32667624E8 142745460 2.084015117693338E8 4.722300417457314E7 489347
pla85900_n858990_uncorr_01.ttp: 2978746.0 3.6088656E7 1.31454349E8 142674693 2.0904013199399087E8 4.574789488246375E7 486654
pla85900_n858990_uncorr_01.ttp: 2564051.0 3.6503351E7 1.32053241E8 142681496 2.0812404856141606E8 4.672238108981942E7 479052
pla85900_n858990_uncorr_01.ttp: 2585396.0 3.6482006E7 1.31978841E8 142628630 2.074441675794907E8 4.6926732292408824E7 479254
pla85900_n858990_uncorr_01.ttp: 2207568.0 3.6859834E7 1.32628379E8 142784292 2.0882395858378455E8 4.701055598064834E7 486063
pla85900_n858990_uncorr_01.ttp: 2213681.0 3.6853721E7 1.32596235E8 142680314 2.0793545314067551E8 4.734269921232304E7 479265
pla85900_n858990_uncorr_01.ttp: 2937782.0 3.612962E7 1.31395222E8 142698316 2.0737477639505628E8 4.637156367802693E7 489512
pla85900_n858990_uncorr_01.ttp: 2232611.0 3.6834791E7 1.32592608E8 142680113 2.0873376698845634E8 4.701176353473291E7 488108
pla85900_n858990_uncorr_01.ttp: 2210456.0 3.6856946E7 1.32734833E8 142721756 2.0934257287736374E8 4.690437812028088E7 484057
pla85900_n858990_uncorr_01.ttp: 2585313.0 3.6482089E7 1.32008092E8 142661153 2.077011282732284E8 4.685062940797636E7 485793
pla85900_n858990_uncorr_01.ttp: 2558655.0 3.6508747E7 1.32021774E8 142743074 2.0771322012131014E8 4.685935375026284E7 492839
pla85900_n858990_uncorr_01.ttp: 2756829.0 3.6310573E7 1.31618031E8 142688858 2.080479676428238E8 4.6318364266442254E7 488260
pla85900_n858990_uncorr_01.ttp: 2202660.0 3.6864742E7 1.32608036E8 142676432 2.0850587119053307E8 4.712062881188145E7 484679
pla85900_n858990_uncorr_01.ttp: 2955160.0 3.6112242E7 1.31245913E8 142652051 2.0784561409724882E8 4.6029211220127985E7 489132
pla85900_n858990_uncorr_01.ttp: 2210324.0 3.6857078E7 1.32669049E8 142632544 2.0912244459362188E8 4.6928846716615036E7 482385
pla85900_n858990_uncorr_01.ttp: 2561284.0 3.6506118E7 1.31883142E8 142753388 2.073963018933978E8 4.68506582237069E7 486965
pla85900_n858990_uncorr_01.ttp: 2965245.0 3.6102157E7 1.312866E8 142727762 2.082642780335232E8 4.589824600625549E7 480341
pla85900_n858990_uncorr_01.ttp: 2216239.0 3.6851163E7 1.327314E8 142627442 2.089432531873546E8 4.7064666193184614E7 486113
pla85900_n858990_uncorr_01.ttp: 2543201.0 3.6524201E7 1.31970333E8 142760936 2.0757388852113837E8 4.686503870633328E7 483313
pla85900_n858990_uncorr_01.ttp: 2573586.0 3.6493816E7 1.31999091E8 142670394 2.0780408014156285E8 4.6799418141959235E7 485749
pla85900_n858990_uncorr_01.ttp: 2513016.0 3.6554386E7 1.32058656E8 142668847 2.0783941450226998E8 4.684449605406931E7 489713
pla85900_n858990_uncorr_01.ttp: 2216420.0 3.6850982E7 1.32689594E8 142645325 2.093387441071129E8 4.686070891608371E7 486824
pla85900_n858990_uncorr_01.ttp: 2568060.0 3.6499342E7 1.31968466E8 142703097 2.073280652654045E8 4.696395924118416E7 486623
pla85900_n858990_uncorr_01.ttp: 2559300.0 3.6508102E7 1.31953954E8 142722141 2.0762880415634298E8 4.6826144295899376E7 484835
pla85900_n858990_uncorr_01.ttp: 2208662.0 3.685874E7 1.32751536E8 142728626 2.090605718672302E8 4.7036701534435615E7 488443
pla85900_n858990_uncorr_01.ttp: 2998631.0 3.6068771E7 1.31309754E8 142738072 2.0808367875869802E8 4.5995445708933815E7 481122
pla85900_n858990_uncorr_01.ttp: 2561594.0 3.6505808E7 1.31960322E8 142753746 2.074714846225712E8 4.689701330474581E7 472711
pla85900_n858990_uncorr_01.ttp: 2543372.0 3.652403E7 1.31985321E8 142739435 2.0765821893865967E8 4.684545123514955E7 465673
Instance :pla85900_n858990_uncorr-similar-weights_01.ttp
RESULTS FOR heuristics : 20
pla85900_n858990_uncorr-similar-weights_01.ttp: 581.0 7.8440757E7 6.7671788E7 142739186 2.0191901205375937E8 2.728798558924812E7 158726
pla85900_n858990_uncorr-similar-weights_01.ttp: 409.0 7.8440929E7 6.764061E7 142760426 1.9915326313649094E8 2.780995737270181E7 160601
pla85900_n858990_uncorr-similar-weights_01.ttp: 425.0 7.8440913E7 6.7224383E7 142658913 1.9993397709575358E8 2.7237587580849282E7 160980
pla85900_n858990_uncorr-similar-weights_01.ttp: 547.0 7.8440791E7 6.7527353E7 142720061 1.97248677820886E8 2.80776174358228E7 157086
pla85900_n858990_uncorr-similar-weights_01.ttp: 164.0 7.8441174E7 6.7614782E7 142724415 1.981049175294733E8 2.799379849410534E7 162832
pla85900_n858990_uncorr-similar-weights_01.ttp: 992.0 7.8440346E7 6.7695611E7 142632401 2.0406826809612408E8 2.6881957380775183E7 160292
pla85900_n858990_uncorr-similar-weights_01.ttp: 93.0 7.8441245E7 6.7579454E7 142704941 1.9855506457637396E8 2.786844108472521E7 160554
pla85900_n858990_uncorr-similar-weights_01.ttp: 831.0 7.8440507E7 6.7456229E7 142766658 1.99012483259529E8 2.7653732348094203E7 157560
pla85900_n858990_uncorr-similar-weights_01.ttp: 854.0 7.8440484E7 6.7250221E7 142709635 2.01342019474988E8 2.6981817105002396E7 158319
pla85900_n858990_uncorr-similar-weights_01.ttp: 261.0 7.8441077E7 6.7665594E7 142778438 2.0223848074487707E8 2.7217897851024583E7 162168
pla85900_n858990_uncorr-similar-weights_01.ttp: 725.0 7.8440613E7 6.7626618E7 142683428 2.0383092827060425E8 2.6860432345879145E7 157488
pla85900_n858990_uncorr-similar-weights_01.ttp: 149.0 7.8441189E7 6.7615181E7 142704504 1.9994454335441852E8 2.7626272329116292E7 158788
pla85900_n858990_uncorr-similar-weights_01.ttp: 591.0 7.8440747E7 6.7649549E7 142680051 2.0395206809455326E8 2.6859135381089345E7 158214
pla85900_n858990_uncorr-similar-weights_01.ttp: 27.0 7.8441311E7 6.7607588E7 142735018 2.0016623727661657E8 2.7574340544676684E7 160837
pla85900_n858990_uncorr-similar-weights_01.ttp: 595.0 7.8440743E7 6.7571282E7 142665192 2.0368072848179314E8 2.683513630364137E7 159915
pla85900_n858990_uncorr-similar-weights_01.ttp: 728.0 7.844061E7 6.7387755E7 142734378 2.0536267276068044E8 2.6315220447863907E7 158622
pla85900_n858990_uncorr-similar-weights_01.ttp: 643.0 7.8440695E7 6.7568172E7 142718417 1.986989453558287E8 2.782838292883426E7 160729
pla85900_n858990_uncorr-similar-weights_01.ttp: 634.0 7.8440704E7 6.7598343E7 142751343 2.020522986165255E8 2.7187883276694894E7 159569
pla85900_n858990_uncorr-similar-weights_01.ttp: 961.0 7.8440377E7 6.7536168E7 142759141 2.0299927572552618E8 2.6936312854894757E7 158579
pla85900_n858990_uncorr-similar-weights_01.ttp: 521.0 7.8440817E7 6.7666526E7 142715060 2.0585114095476225E8 2.649629780904755E7 159549
pla85900_n858990_uncorr-similar-weights_01.ttp: 852.0 7.8440486E7 6.7666915E7 142663181 1.987944799799117E8 2.790801900401766E7 161291
pla85900_n858990_uncorr-similar-weights_01.ttp: 41.0 7.8441297E7 6.7108382E7 142665530 2.0581970481207132E8 2.5944441037585735E7 158742
pla85900_n858990_uncorr-similar-weights_01.ttp: 746.0 7.8440592E7 6.7526706E7 142695656 2.0525305936647806E8 2.6476094126704387E7 160372
pla85900_n858990_uncorr-similar-weights_01.ttp: 241.0 7.8441097E7 6.7543007E7 142610153 2.0798984676718906E8 2.594503764656219E7 158350
pla85900_n858990_uncorr-similar-weights_01.ttp: 715.0 7.8440623E7 6.7566864E7 142774857 2.049325738821543E8 2.658034922356914E7 159147
pla85900_n858990_uncorr-similar-weights_01.ttp: 210.0 7.8441128E7 6.7523564E7 142679929 1.9777158643889332E8 2.7969246712221332E7 162442
pla85900_n858990_uncorr-similar-weights_01.ttp: 683.0 7.8440655E7 6.7602301E7 142695394 1.975275765402698E8 2.8096785691946037E7 156739
pla85900_n858990_uncorr-similar-weights_01.ttp: 665.0 7.8440673E7 6.7391434E7 142703728 2.0849917647336107E8 2.569159870532778E7 161657
pla85900_n858990_uncorr-similar-weights_01.ttp: 444.0 7.8440894E7 6.7705147E7 142745328 2.0230974516187578E8 2.7243197967624843E7 162091
pla85900_n858990_uncorr-similar-weights_01.ttp: 676.0 7.8440662E7 6.7702521E7 142650109 2.047600371751978E8 2.6750513564960435E7 156245
RESULTS FOR heuristics : 24
pla85900_n858990_uncorr-similar-weights_01.ttp: 970.0 7.8440368E7 6.7648395E7 142718329 2.017900046232926E8 2.7290394075341478E7 426662
pla85900_n858990_uncorr-similar-weights_01.ttp: 445.0 7.8440893E7 6.7611435E7 142646427 1.9813816336950627E8 2.7983802326098748E7 506342
pla85900_n858990_uncorr-similar-weights_01.ttp: 437.0 7.8440901E7 6.7691341E7 142685279 1.980467750713511E8 2.8081985985729776E7 428927
pla85900_n858990_uncorr-similar-weights_01.ttp: 609.0 7.8440729E7 6.7391189E7 142657927 1.9925081467029995E8 2.7541026065940008E7 426615
pla85900_n858990_uncorr-similar-weights_01.ttp: 662.0 7.8440676E7 6.7626009E7 142692382 1.9808943440744245E8 2.8008122118511505E7 508939
pla85900_n858990_uncorr-similar-weights_01.ttp: 200.0 7.8441138E7 6.7596707E7 142718761 2.0287116681104794E8 2.702247363779041E7 422531
pla85900_n858990_uncorr-similar-weights_01.ttp: 458.0 7.844088E7 6.7665352E7 142637314 1.9753452479333526E8 2.8158447041332945E7 423809
pla85900_n858990_uncorr-similar-weights_01.ttp: 723.0 7.8440615E7 6.7829756E7 142579829 2.0400555867675903E8 2.702864426464819E7 426887
pla85900_n858990_uncorr-similar-weights_01.ttp: 69.0 7.8441269E7 6.763966E7 142657582 2.0187323051679695E8 2.7265013896640606E7 426796
pla85900_n858990_uncorr-similar-weights_01.ttp: 569.0 7.8440769E7 6.7710477E7 142729945 2.022494442496685E8 2.7260588150066294E7 427159
pla85900_n858990_uncorr-similar-weights_01.ttp: 1.0 7.8441337E7 6.7478644E7 142648454 1.977118828572047E8 2.7936267428559057E7 427858
pla85900_n858990_uncorr-similar-weights_01.ttp: 828.0 7.844051E7 6.7533592E7 142675339 1.9743488701658452E8 2.8046614596683092E7 430750
pla85900_n858990_uncorr-similar-weights_01.ttp: 912.0 7.8440426E7 6.7555E7 142678446 1.980987256756952E8 2.793525486486096E7 434097
pla85900_n858990_uncorr-similar-weights_01.ttp: 377.0 7.8440961E7 6.7606853E7 142696857 2.0006675701713544E8 2.7593501596572913E7 427140
pla85900_n858990_uncorr-similar-weights_01.ttp: 738.0 7.84406E7 6.7609818E7 142663171 1.9806129607065615E8 2.799755878586877E7 428384
pla85900_n858990_uncorr-similar-weights_01.ttp: 583.0 7.8440755E7 6.7536888E7 142786809 1.971718237644371E8 2.810252324711258E7 426797
pla85900_n858990_uncorr-similar-weights_01.ttp: 946.0 7.8440392E7 6.7605662E7 142707248 1.9950496853745973E8 2.770466829250805E7 508448
pla85900_n858990_uncorr-similar-weights_01.ttp: 239.0 7.8441099E7 6.757165E7 142725128 1.9834050160479817E8 2.7903549679040365E7 425547
pla85900_n858990_uncorr-similar-weights_01.ttp: 890.0 7.8440448E7 6.7681579E7 142745146 1.9803687897578716E8 2.8074203204842567E7 425246
pla85900_n858990_uncorr-similar-weights_01.ttp: 690.0 7.8440648E7 6.7537883E7 142619007 1.9779354895224512E8 2.7979173209550977E7 431357
pla85900_n858990_uncorr-similar-weights_01.ttp: 809.0 7.8440529E7 6.7572901E7 142691621 1.980353206301096E8 2.796583687397808E7 430274
pla85900_n858990_uncorr-similar-weights_01.ttp: 225.0 7.8441113E7 6.7602917E7 142737678 1.982573501033913E8 2.795144697932174E7 509596
pla85900_n858990_uncorr-similar-weights_01.ttp: 649.0 7.8440689E7 6.7604708E7 142716107 1.9811452867347163E8 2.7981802265305676E7 426668
pla85900_n858990_uncorr-similar-weights_01.ttp: 120.0 7.8441218E7 6.7647494E7 142752181 1.985573867711392E8 2.793601664577216E7 432744
pla85900_n858990_uncorr-similar-weights_01.ttp: 680.0 7.8440658E7 6.771148E7 142686495 2.022732036959508E8 2.725683926080984E7 509305
pla85900_n858990_uncorr-similar-weights_01.ttp: 636.0 7.8440702E7 6.766117E7 142651165 1.97714428853704E8 2.81182842292592E7 424580
pla85900_n858990_uncorr-similar-weights_01.ttp: 705.0 7.8440633E7 6.7660791E7 142683982 1.97395999558723E8 2.8181591088255398E7 434447
pla85900_n858990_uncorr-similar-weights_01.ttp: 