Enter TTP instance file:
RESULTS FOR heuristics : 20
pcb3038_n9111_uncorr_01.ttp: 23612.0 391565.0 1402193.0 140063 204005.43942340667 484168.52259466995 3791
pcb3038_n9111_uncorr_01.ttp: 21053.0 394124.0 1400256.0 139996 203274.79223763582 485519.4349306389 3541
pcb3038_n9111_uncorr_01.ttp: 22204.0 392973.0 1388726.0 140151 201363.15087903073 482591.8210443617 3503
pcb3038_n9111_uncorr_01.ttp: 21667.0 393510.0 1407920.0 139950 205218.8919866598 484434.986060031 3363
pcb3038_n9111_uncorr_01.ttp: 23213.0 391964.0 1393736.0 140193 202619.29059487907 481949.1923230442 3474
pcb3038_n9111_uncorr_01.ttp: 19139.0 396038.0 1397876.0 140180 202204.12524519407 487957.43639662676 3484
pcb3038_n9111_uncorr_01.ttp: 19827.0 395350.0 1397536.0 140058 202460.54743581644 486463.53653882607 3322
pcb3038_n9111_uncorr_01.ttp: 22349.0 392828.0 1388505.0 140187 201784.14640245686 480476.3411889442 3691
pcb3038_n9111_uncorr_01.ttp: 20098.0 395079.0 1391751.0 140213 201731.47417829116 483959.3661976898 3528
pcb3038_n9111_uncorr_01.ttp: 19568.0 395609.0 1402409.0 140186 203816.03958140558 485236.82188367494 3469
pcb3038_n9111_uncorr_01.ttp: 18232.0 396945.0 1406267.0 140133 203436.71242652604 490801.79408063286 3450
pcb3038_n9111_uncorr_01.ttp: 20553.0 394624.0 1403646.0 140080 203523.95302016052 487788.21140927763 3765
pcb3038_n9111_uncorr_01.ttp: 20053.0 395124.0 1395627.0 140062 202545.79368321216 484170.9284255452 3397
pcb3038_n9111_uncorr_01.ttp: 20575.0 394602.0 1395230.0 140196 202462.16477542472 484150.2585105888 3514
pcb3038_n9111_uncorr_01.ttp: 21431.0 393746.0 1392212.0 140236 201212.14757473668 486757.3359136849 3503
pcb3038_n9111_uncorr_01.ttp: 22492.0 392685.0 1401922.0 140155 204342.83482041387 482379.2433081375 3450
pcb3038_n9111_uncorr_01.ttp: 20025.0 395152.0 1400862.0 140174 202626.52729614798 489042.6271673341 3672
pcb3038_n9111_uncorr_01.ttp: 21083.0 394094.0 1403383.0 140136 203578.06740819383 487281.69666312775 3446
pcb3038_n9111_uncorr_01.ttp: 20504.0 394673.0 1392798.0 140288 202138.90615443318 483172.92230505066 3494
pcb3038_n9111_uncorr_01.ttp: 19387.0 395790.0 1401482.0 140105 202314.72830630443 491065.72262163006 3657
pcb3038_n9111_uncorr_01.ttp: 19010.0 396167.0 1398086.0 140117 200969.82905719234 493721.7692426344 3572
pcb3038_n9111_uncorr_01.ttp: 19288.0 395889.0 1408111.0 140406 203616.14199083805 491838.36104122875 3538
pcb3038_n9111_uncorr_01.ttp: 20163.0 395014.0 1393543.0 139973 201808.87554148922 485403.06006329856 3289
pcb3038_n9111_uncorr_01.ttp: 22626.0 392551.0 1390373.0 140105 201513.02273748702 483564.39768130844 3470
pcb3038_n9111_uncorr_01.ttp: 22011.0 393166.0 1390206.0 140312 202063.36805746277 480920.8437414175 3484
pcb3038_n9111_uncorr_01.ttp: 18340.0 396837.0 1398479.0 140285 203133.0652605323 484380.2063276046 3384
pcb3038_n9111_uncorr_01.ttp: 23540.0 391637.0 1398162.0 140130 202591.0400139191 486502.3199373641 3563
pcb3038_n9111_uncorr_01.ttp: 20111.0 395066.0 1389264.0 140274 201757.97053481173 481353.1325933472 3591
pcb3038_n9111_uncorr_01.ttp: 24473.0 390704.0 1399143.0 140235 204728.2190721096 477866.0141755068 3556
pcb3038_n9111_uncorr_01.ttp: 23776.0 391401.0 1397391.0 140254 203162.3972316687 483160.21245749085 3455
RESULTS FOR heuristics : 21
pcb3038_n9111_uncorr_01.ttp: 16369.0 398808.0 1393091.0 140139 200919.19688335212 488954.6140249155 17109
pcb3038_n9111_uncorr_01.ttp: 16518.0 398659.0 1388762.0 140280 201434.02584963033 482308.8836766635 7943
pcb3038_n9111_uncorr_01.ttp: 16938.0 398239.0 1388828.0 140214 201326.0434315188 482860.8045581654 14860
pcb3038_n9111_uncorr_01.ttp: 17087.0 398090.0 1389583.0 140082 201179.78746197387 484273.95642111753 14373
pcb3038_n9111_uncorr_01.ttp: 20614.0 394563.0 1387339.0 140166 201572.9074081279 480260.91666342434 14704
pcb3038_n9111_uncorr_01.ttp: 17134.0 398043.0 1386420.0 140381 201349.07257156723 480349.17342794745 12489
pcb3038_n9111_uncorr_01.ttp: 15698.0 399479.0 1392826.0 140320 200743.119908536 489481.96041158796 16916
pcb3038_n9111_uncorr_01.ttp: 15836.0 399341.0 1392354.0 140201 201517.98899097714 485523.04954060283 15609
pcb3038_n9111_uncorr_01.ttp: 16840.0 398337.0 1391584.0 140126 201400.80834741582 485280.3624366288 10223
pcb3038_n9111_uncorr_01.ttp: 16297.0 398880.0 1392103.0 140152 201006.68327046843 487572.9252828921 9040
pcb3038_n9111_uncorr_01.ttp: 16437.0 398740.0 1395710.0 140187 201153.61312759164 490518.74092583766 14613
pcb3038_n9111_uncorr_01.ttp: 16333.0 398844.0 1390089.0 140077 200738.72537356592 486764.73581895337 22619
pcb3038_n9111_uncorr_01.ttp: 15183.0 399994.0 1393338.0 140137 199916.28269758256 493714.72786087845 17999
pcb3038_n9111_uncorr_01.ttp: 15833.0 399344.0 1390525.0 140261 200184.90446217952 489692.9299201921 19198
pcb3038_n9111_uncorr_01.ttp: 16721.0 398456.0 1389291.0 140191 201597.67202654068 482101.475880567 14642
pcb3038_n9111_uncorr_01.ttp: 15563.0 399614.0 1391161.0 140219 201553.71765210264 484169.2705655381 13712
pcb3038_n9111_uncorr_01.ttp: 16066.0 399111.0 1388039.0 140037 200984.40246500084 483609.1889074963 9186
pcb3038_n9111_uncorr_01.ttp: 16505.0 398672.0 1390858.0 140263 201159.3172862963 485641.0722116666 15975
pcb3038_n9111_uncorr_01.ttp: 15762.0 399415.0 1390026.0 140237 201097.92793562685 485085.3242896792 10123
pcb3038_n9111_uncorr_01.ttp: 15555.0 399622.0 1392440.0 140235 200538.02940049884 490018.8676977552 12729
pcb3038_n9111_uncorr_01.ttp: 16475.0 398702.0 1391721.0 140150 201009.64903005844 487177.57936473703 19026
pcb3038_n9111_uncorr_01.ttp: 15463.0 399714.0 1394840.0 140105 200190.022171957 493984.9002261935 15772
pcb3038_n9111_uncorr_01.ttp: 15699.0 399478.0 1392310.0 140223 200872.6240702652 488383.1916838065 15785
pcb3038_n9111_uncorr_01.ttp: 16097.0 399080.0 1398671.0 140286 200681.68785380354 495603.40465788404 11229
pcb3038_n9111_uncorr_01.ttp: 16720.0 398457.0 1389366.0 140340 201190.26315215157 484009.8158153179 16984
pcb3038_n9111_uncorr_01.ttp: 15481.0 399696.0 1395327.0 140012 200632.2966863025 492481.6649116388 14828
pcb3038_n9111_uncorr_01.ttp: 16131.0 399046.0 1389346.0 140284 201369.52015104264 483183.1593203081 12501
pcb3038_n9111_uncorr_01.ttp: 15401.0 399776.0 1393981.0 140086 200611.46633006216 491229.4015147203 22394
pcb3038_n9111_uncorr_01.ttp: 16303.0 398874.0 1390439.0 140212 200514.20939355568 488125.0577289994 14948
pcb3038_n9111_uncorr_01.ttp: 14837.0 400340.0 1388972.0 140179 200577.83070043768 486371.7618480304 15733
RESULTS FOR heuristics : 22
pcb3038_n9111_uncorr_01.ttp: 15791.0 399386.0 1393373.0 140215 200849.54973922644 489550.026173481 599792
pcb3038_n9111_uncorr_01.ttp: 16739.0 398438.0 1387585.0 140005 200545.92683812577 485128.329228434 599792
pcb3038_n9111_uncorr_01.ttp: 16628.0 398549.0 1392339.0 140218 200971.15419552955 487968.80612011696 599792
pcb3038_n9111_uncorr_01.ttp: 15806.0 399371.0 1391075.0 140309 200622.8219871144 488272.30105798517 599792
pcb3038_n9111_uncorr_01.ttp: 16590.0 398587.0 1393634.0 140309 201094.80030183902 488707.3986417244 599793
pcb3038_n9111_uncorr_01.ttp: 16782.0 398395.0 1388385.0 140255 201441.43649872913 481898.53575571894 599793
pcb3038_n9111_uncorr_01.ttp: 15751.0 399426.0 1392305.0 140130 200176.5232080362 491510.64556383714 599793
pcb3038_n9111_uncorr_01.ttp: 16978.0 398199.0 1392085.0 140122 201438.15067448557 485613.3219648149 599790
pcb3038_n9111_uncorr_01.ttp: 16308.0 398869.0 1388817.0 140255 201163.80151101082 483579.8932004513 599790
pcb3038_n9111_uncorr_01.ttp: 16347.0 398830.0 1393978.0 140178 200654.4333120143 491033.0500959357 599791
pcb3038_n9111_uncorr_01.ttp: 15611.0 399566.0 1390018.0 140315 201075.79588548615 485176.91851531237 599791
pcb3038_n9111_uncorr_01.ttp: 15356.0 399821.0 1395551.0 140137 200494.13877104738 493327.3755302868 599792
pcb3038_n9111_uncorr_01.ttp: 15912.0 399265.0 1392611.0 140262 200938.92743256324 488385.82655346545 599794
pcb3038_n9111_uncorr_01.ttp: 15756.0 399421.0 1387696.0 140109 201009.59435626536 483152.8253968059 599794
pcb3038_n9111_uncorr_01.ttp: 15408.0 399769.0 1395433.0 140227 200427.39803218833 493509.7088551525 599791
pcb3038_n9111_uncorr_01.ttp: 15279.0 399898.0 1395475.0 140080 200918.81259789938 491340.34330945276 599790
pcb3038_n9111_uncorr_01.ttp: 16277.0 398900.0 1390534.0 140081 200586.07216416625 487896.67526125186 599790
pcb3038_n9111_uncorr_01.ttp: 16076.0 399101.0 1390084.0 140244 201299.95086585023 484234.2211036739 599790
pcb3038_n9111_uncorr_01.ttp: 15038.0 400139.0 1391750.0 140222 200842.76351754475 487957.5641710486 599790
pcb3038_n9111_uncorr_01.ttp: 15520.0 399657.0 1389752.0 140123 201176.68413248574 484456.9214038142 599791
pcb3038_n9111_uncorr_01.ttp: 18209.0 396968.0 1388628.0 140068 200889.7645545549 484624.05950450303 599794
pcb3038_n9111_uncorr_01.ttp: 16684.0 398493.0 1386093.0 140144 200328.9927744597 484612.5325149313 599790
pcb3038_n9111_uncorr_01.ttp: 15852.0 399325.0 1392591.0 140200 200735.80997657945 489279.8551053925 599791
pcb3038_n9111_uncorr_01.ttp: 15354.0 399823.0 1395605.0 140002 200581.62020737468 492987.7090668139 599792
pcb3038_n9111_uncorr_01.ttp: 16058.0 399119.0 1390026.0 140137 200676.15135091855 486983.3189208666 599791
pcb3038_n9111_uncorr_01.ttp: 17277.0 397900.0 1387390.0 140155 201234.0792727171 481836.64327277313 599792
pcb3038_n9111_uncorr_01.ttp: 15412.0 399765.0 1390821.0 140238 200881.94089160083 486852.26598779624 599790
pcb3038_n9111_uncorr_01.ttp: 17374.0 397803.0 1389652.0 140347 201359.52133629005 483534.15398669476 599790
pcb3038_n9111_uncorr_01.ttp: 16344.0 398833.0 1392508.0 140171 201221.31272251048 487012.09274870285 599790
pcb3038_n9111_uncorr_01.ttp: 16698.0 398479.0 1389512.0 139981 200939.75984742038 485283.08068660833 599791
RESULTS FOR heuristics : 23
pcb3038_n9111_uncorr_01.ttp: 21194.0 393983.0 1399329.0 140333 201875.70468734577 490888.328906944 599854
pcb3038_n9111_uncorr_01.ttp: 21280.0 393897.0 1397097.0 140146 201556.9154563152 490090.8804465815 599833
pcb3038_n9111_uncorr_01.ttp: 21634.0 393543.0 1390885.0 140383 203168.3615187045 476627.3731658297 599815
pcb3038_n9111_uncorr_01.ttp: 20882.0 394295.0 1395809.0 140235 202713.0080046104 483600.4639792532 599860
pcb3038_n9111_uncorr_01.ttp: 19645.0 395532.0 1402242.0 140266 202773.37548565192 489761.81031456636 599792
pcb3038_n9111_uncorr_01.ttp: 19646.0 395531.0 1394684.0 139932 201665.73703794493 487188.18332924787 599858
pcb3038_n9111_uncorr_01.ttp: 19151.0 396026.0 1390576.0 140024 201666.5959861492 483076.3180623286 599853
pcb3038_n9111_uncorr_01.ttp: 21294.0 393883.0 1393917.0 140033 202429.4608089065 482984.42635992076 599819
pcb3038_n9111_uncorr_01.ttp: 24213.0 390964.0 1392154.0 140202 202357.62367308492 481544.6934711179 599843
pcb3038_n9111_uncorr_01.ttp: 23523.0 391654.0 1395501.0 140149 201611.03276926035 488251.3525383284 599815
pcb3038_n9111_uncorr_01.ttp: 19816.0 395361.0 1394890.0 140238 202237.2631719634 484822.3157261647 599817
pcb3038_n9111_uncorr_01.ttp: 22311.0 392866.0 1394528.0 140026 201161.25595693395 489302.3481937973 599854
pcb3038_n9111_uncorr_01.ttp: 17045.0 398132.0 1406518.0 140087 202620.04568875846 494727.794400587 599858
pcb3038_n9111_uncorr_01.ttp: 21960.0 393217.0 1400029.0 140252 203398.40828827815 484736.1627027483 599842
pcb3038_n9111_uncorr_01.ttp: 19708.0 395469.0 1407391.0 140067 205040.76513722623 484707.5568824819 599825
pcb3038_n9111_uncorr_01.ttp: 23961.0 391216.0 1396825.0 140212 202850.64892225177 483997.07984986703 599791
pcb3038_n9111_uncorr_01.ttp: 19576.0 395601.0 1392306.0 140107 201628.98774249048 484975.55515879276 599843
pcb3038_n9111_uncorr_01.ttp: 21817.0 393360.0 1393243.0 140018 201979.65346102224 484334.5594253999 599808
pcb3038_n9111_uncorr_01.ttp: 22824.0 392353.0 1400916.0 140341 203777.20171035893 483918.5923033848 599793
pcb3038_n9111_uncorr_01.ttp: 19295.0 395882.0 1391782.0 140132 201250.42651894756 486155.080664736 599858
pcb3038_n9111_uncorr_01.ttp: 21786.0 393391.0 1406291.0 140179 204231.44175686038 487249.5120941283 599798
pcb3038_n9111_uncorr_01.ttp: 21975.0 393202.0 1392261.0 140319 203280.52639853614 477498.6312065874 599829
pcb3038_n9111_uncorr_01.ttp: 14177.0 401000.0 1384215.0 140039 199150.2372510536 488038.93237025884 599866
pcb3038_n9111_uncorr_01.ttp: 18252.0 396925.0 1404001.0 140240 203726.44189288872 487232.0114820008 599830
pcb3038_n9111_uncorr_01.ttp: 23212.0 391965.0 1395607.0 140239 203270.33243268024 480890.5040529389 599811
pcb3038_n9111_uncorr_01.ttp: 17074.0 398103.0 1402560.0 140251 204141.6731780861 483922.4706986126 599852
pcb3038_n9111_uncorr_01.ttp: 18871.0 396306.0 1401712.0 140158 203198.52098841447 487318.65555213485 599831
pcb3038_n9111_uncorr_01.ttp: 23872.0 391305.0 1403722.0 140058 204024.04341761512 485613.804620732 599822
pcb3038_n9111_uncorr_01.ttp: 21443.0 393734.0 1397298.0 140351 202219.87768790696 487308.5504044187 599791
pcb3038_n9111_uncorr_01.ttp: 22202.0 392975.0 1399067.0 139980 203329.04753407635 484086.28609665646 599841
RESULTS FOR heuristics : 24
pcb3038_n9111_uncorr_01.ttp: 16289.0 398888.0 1402968.0 140123 201598.6700930971 495773.98458106304 597491
pcb3038_n9111_uncorr_01.ttp: 20715.0 394462.0 1400182.0 140015 201042.26899027659 495491.78954375535 596483
pcb3038_n9111_uncorr_01.ttp: 18150.0 397027.0 1405151.0 140155 202206.191405603 495223.13867478655 596556
pcb3038_n9111_uncorr_01.ttp: 20418.0 394759.0 1406132.0 140258 202218.9334051772 496146.7996767026 596856
pcb3038_n9111_uncorr_01.ttp: 15816.0 399361.0 1390566.0 140144 199289.099945421 493765.0502456054 597740
pcb3038_n9111_uncorr_01.ttp: 20114.0 395063.0 1408847.0 140174 202880.49120108888 495884.7895951001 597930
pcb3038_n9111_uncorr_01.ttp: 21209.0 393968.0 1404602.0 140043 202030.6013766799 495464.2938049404 597458
pcb3038_n9111_uncorr_01.ttp: 21531.0 393646.0 1405027.0 139942 202214.39455319496 495062.2245106227 597436
pcb3038_n9111_uncorr_01.ttp: 24848.0 390329.0 1399540.0 140257 201466.49145543462 492940.78845054423 596407
pcb3038_n9111_uncorr_01.ttp: 15413.0 399764.0 1408862.0 140305 202918.35566258532 495729.3995183661 596791
pcb3038_n9111_uncorr_01.ttp: 20434.0 394743.0 1408047.0 140041 202744.74522176626 495695.64650205185 597460
pcb3038_n9111_uncorr_01.ttp: 19879.0 395298.0 1404080.0 140205 202125.67221365703 494514.47503854334 596922
pcb3038_n9111_uncorr_01.ttp: 14934.0 400243.0 1392323.0 140158 199393.5195217699 495052.1621520355 596832
pcb3038_n9111_uncorr_01.ttp: 19351.0 395826.0 1407379.0 140231 202522.42117409088 496028.1047165911 596624
pcb3038_n9111_uncorr_01.ttp: 17472.0 397705.0 1412240.0 139914 203765.85604651485 495293.6477906832 596791
pcb3038_n9111_uncorr_01.ttp: 19393.0 395784.0 1399953.0 139933 201060.53637193496 495180.5863262927 596981
pcb3038_n9111_uncorr_01.ttp: 21034.0 394143.0 1407368.0 140112 202919.2954403496 494231.1705184267 597317
pcb3038_n9111_uncorr_01.ttp: 23259.0 391918.0 1403197.0 140080 201653.85039999007 495754.67320004466 597691
pcb3038_n9111_uncorr_01.ttp: 20277.0 394900.0 1407332.0 140007 202465.04780633614 496239.2848714874 596417
pcb3038_n9111_uncorr_01.ttp: 19795.0 395382.0 1396476.0 140144 200468.2954958726 494368.67026857333 597113
pcb3038_n9111_uncorr_01.ttp: 21717.0 393460.0 1399474.0 140174 200835.77603778566 495713.0078299645 596890
pcb3038_n9111_uncorr_01.ttp: 20174.0 395003.0 1396806.0 140155 200403.22004410662 494991.50980152015 597178
pcb3038_n9111_uncorr_01.ttp: 23283.0 391894.0 1399943.0 140265 201022.20378742894 495343.08295656973 598077
pcb3038_n9111_uncorr_01.ttp: 20391.0 394786.0 1405307.0 140122 202244.36609259134 495207.352583339 596427
pcb3038_n9111_uncorr_01.ttp: 17288.0 397889.0 1404624.0 140039 201918.82659760286 495989.28031078714 597931
pcb3038_n9111_uncorr_01.ttp: 21919.0 393258.0 1402428.0 140058 201848.482189844 494109.830145702 596168
pcb3038_n9111_uncorr_01.ttp: 20203.0 394974.0 1402740.0 140105 201375.29311088467 496551.18100101897 597376
pcb3038_n9111_uncorr_01.ttp: 16436.0 398741.0 1411122.0 139956 203518.05585231137 495290.7486645988 597556
pcb3038_n9111_uncorr_01.ttp: 20683.0 394494.0 1402418.0 140108 201206.41852478654 496989.11663846055 596784
pcb3038_n9111_uncorr_01.ttp: 22819.0 392358.0 1401588.0 140173 201485.67092016252 494902.4808592687 597074
RESULTS FOR heuristics : 25
pcb3038_n9111_uncorr_01.ttp: 16675.0 398502.0 1388431.0 140235 201575.62612424936 481340.6824408779 600030
pcb3038_n9111_uncorr_01.ttp: 14661.0 400516.0 1391529.0 140193 201574.84256994564 484442.2084352446 600029
pcb3038_n9111_uncorr_01.ttp: 15399.0 399778.0 1390513.0 140214 201501.87704651983 483754.5532906607 600029
pcb3038_n9111_uncorr_01.ttp: 17176.0 398001.0 1388041.0 140322 201742.0930290938 480201.5813690778 600039
pcb3038_n9111_uncorr_01.ttp: 15494.0 399683.0 1391029.0 140328 201507.8833009759 484243.52514560847 600029
pcb3038_n9111_uncorr_01.ttp: 15171.0 400006.0 1387457.0 140418 201678.98052512013 479901.5876369594 600029
pcb3038_n9111_uncorr_01.ttp: 14698.0 400479.0 1390441.0 140237 200973.98909234715 486058.0490844378 600031
pcb3038_n9111_uncorr_01.ttp: 18358.0 396819.0 1388352.0 140350 202180.97450646828 478537.61472089274 600029
pcb3038_n9111_uncorr_01.ttp: 16613.0 398564.0 1389951.0 140123 201603.18751176278 482736.65619706747 600029
pcb3038_n9111_uncorr_01.ttp: 14831.0 400346.0 1395013.0 140229 200852.32282164297 491177.54730260663 600029
pcb3038_n9111_uncorr_01.ttp: 14796.0 400381.0 1388626.0 140304 200851.4715934426 484794.3778295083 600029
pcb3038_n9111_uncorr_01.ttp: 19694.0 395483.0 1388086.0 140106 200684.31624217512 485006.57691021194 600036
pcb3038_n9111_uncorr_01.ttp: 16754.0 398423.0 1385362.0 140379 201370.21241103346 479196.04415034945 600029
pcb3038_n9111_uncorr_01.ttp: 14041.0 401136.0 1397680.0 140203 200423.08197894832 495776.13109473255 600029
pcb3038_n9111_uncorr_01.ttp: 16492.0 398685.0 1389776.0 140189 201180.69210309556 484462.88553607 600028
pcb3038_n9111_uncorr_01.ttp: 15592.0 399585.0 1395462.0 140078 200702.00082589147 492302.99628348835 600029
pcb3038_n9111_uncorr_01.ttp: 14454.0 400723.0 1389074.0 140280 201235.20174492034 483515.59214785846 600029
pcb3038_n9111_uncorr_01.ttp: 17990.0 397187.0 1389697.0 140040 201826.03351492278 481479.84918284754 600029
pcb3038_n9111_uncorr_01.ttp: 15431.0 399746.0 1392501.0 140250 200706.19641111817 489323.11614996823 600029
pcb3038_n9111_uncorr_01.ttp: 14785.0 400392.0 1389984.0 140405 201250.77122462483 484355.5294891882 600029
pcb3038_n9111_uncorr_01.ttp: 16641.0 398536.0 1389796.0 140078 201470.90047664882 483176.94785508025 600029
pcb3038_n9111_uncorr_01.ttp: 16214.0 398963.0 1390894.0 140219 200155.7369946389 490193.183524125 600029
pcb3038_n9111_uncorr_01.ttp: 16851.0 398326.0 1392955.0 140009 201537.19039655532 486037.6432155011 600029
pcb3038_n9111_uncorr_01.ttp: 13088.0 402089.0 1392427.0 140345 200291.02539180167 491117.38573689247 600032
pcb3038_n9111_uncorr_01.ttp: 16447.0 398730.0 1390558.0 140132 201724.5878171227 482797.3548229479 600031
pcb3038_n9111_uncorr_01.ttp: 12985.0 402192.0 1390985.0 140128 201079.2240262518 486128.49188186694 600029
pcb3038_n9111_uncorr_01.ttp: 17911.0 397266.0 1388765.0 140021 201240.12006678036 483184.45969948836 600029
pcb3038_n9111_uncorr_01.ttp: 15275.0 399902.0 1389285.0 140167 200875.22879952082 485346.47040215635 600029
pcb3038_n9111_uncorr_01.ttp: 13928.0 401249.0 1393520.0 140476 201502.32120769387 486759.55456537765 600029
pcb3038_n9111_uncorr_01.ttp: 15484.0 399693.0 1391861.0 140163 200495.86057639826 489629.62740620784 600038
RESULTS FOR heuristics : 26
pcb3038_n9111_uncorr_01.ttp: 16622.0 398555.0 1388591.0 140249 201109.01566750635 483600.4294962215 599849
pcb3038_n9111_uncorr_01.ttp: 17121.0 398056.0 1388856.0 140221 200913.5854589722 484744.86543462507 600029
pcb3038_n9111_uncorr_01.ttp: 15671.0 399506.0 1388527.0 140144 200760.8511056973 485103.17002436216 600032
pcb3038_n9111_uncorr_01.ttp: 18868.0 396309.0 1382368.0 140332 200906.02771882125 478290.87526530435 599793
pcb3038_n9111_uncorr_01.ttp: 16044.0 399133.0 1392141.0 140059 200671.40187541323 489119.69156064047 600039
pcb3038_n9111_uncorr_01.ttp: 16417.0 398760.0 1391887.0 140287 201599.14799542713 484690.83402057784 600029
pcb3038_n9111_uncorr_01.ttp: 16086.0 399091.0 1392713.0 140128 201135.51137803754 487603.1987988311 600030
pcb3038_n9111_uncorr_01.ttp: 16834.0 398343.0 1389436.0 140263 200952.46486688434 485149.9080990205 600029
pcb3038_n9111_uncorr_01.ttp: 17237.0 397940.0 1390469.0 139975 200925.20266679538 486305.5879994208 600029
pcb3038_n9111_uncorr_01.ttp: 16042.0 399135.0 1393920.0 140285 201340.9797906222 487885.59094220016 600029
pcb3038_n9111_uncorr_01.ttp: 16404.0 398773.0 1393840.0 140148 200890.05750462422 489834.7412291911 600031
pcb3038_n9111_uncorr_01.ttp: 16037.0 399140.0 1394618.0 140185 200592.69029132611 491950.8936890325 599842
pcb3038_n9111_uncorr_01.ttp: 15613.0 399564.0 1391832.0 140027 200467.74281154887 489727.15734803 600029
pcb3038_n9111_uncorr_01.ttp: 15055.0 400122.0 1389084.0 140092 200398.98074416208 487288.5866512706 599849
pcb3038_n9111_uncorr_01.ttp: 16949.0 398228.0 1390728.0 140025 200773.65888001645 487246.53503992595 600030
pcb3038_n9111_uncorr_01.ttp: 15726.0 399451.0 1394372.0 140252 200670.94520117168 491352.7465947275 600031
pcb3038_n9111_uncorr_01.ttp: 16135.0 399042.0 1394308.0 140205 200695.81733878798 491176.8219754541 600037
pcb3038_n9111_uncorr_01.ttp: 15887.0 399290.0 1392771.0 140191 200732.47142712682 489474.87857792934 599786
pcb3038_n9111_uncorr_01.ttp: 15421.0 399756.0 1390550.0 140173 201255.2682668224 484901.29279929923 600029
pcb3038_n9111_uncorr_01.ttp: 16874.0 398303.0 1384967.0 140251 200986.9250171225 480525.8374229488 600034
pcb3038_n9111_uncorr_01.ttp: 16542.0 398635.0 1391788.0 140193 201351.70343608936 485705.33453759784 600029
pcb3038_n9111_uncorr_01.ttp: 16536.0 398641.0 1388523.0 140113 201286.6534716803 482733.0593774386 599789
pcb3038_n9111_uncorr_01.ttp: 15656.0 399521.0 1392999.0 140113 200335.31380889798 491490.0878599591 600029
pcb3038_n9111_uncorr_01.ttp: 16444.0 398733.0 1389395.0 140254 201282.46566903917 483623.90448932373 600031
pcb3038_n9111_uncorr_01.ttp: 16994.0 398183.0 1389924.0 140006 201241.06309751305 484339.2160611913 600029
pcb3038_n9111_uncorr_01.ttp: 17145.0 398032.0 1395342.0 140190 200717.91954575226 492111.36204411485 600029
pcb3038_n9111_uncorr_01.ttp: 16801.0 398376.0 1389941.0 140229 201335.0926189059 483933.0832149234 600029
pcb3038_n9111_uncorr_01.ttp: 16539.0 398638.0 1390488.0 140047 201502.93439295096 483724.79523172067 600029
pcb3038_n9111_uncorr_01.ttp: 14612.0 400565.0 1389991.0 140341 200903.20268644582 485926.58791099384 600033
pcb3038_n9111_uncorr_01.ttp: 16426.0 398751.0 1392509.0 139862 201658.30598506198 485046.62306722114 600030
RESULTS FOR heuristics : 27
pcb3038_n9111_uncorr_01.ttp: 13293.0 401884.0 1398825.0 139926 200938.68240543557 494600.92917554 600029
pcb3038_n9111_uncorr_01.ttp: 13073.0 402104.0 1395705.0 140306 200750.47089989026 492327.88095049385 600029
pcb3038_n9111_uncorr_01.ttp: 14254.0 400923.0 1395481.0 140310 200557.4107708459 492972.6515311935 600029
pcb3038_n9111_uncorr_01.ttp: 15613.0 399564.0 1394936.0 140074 200380.94562039757 493221.7447082109 600029
pcb3038_n9111_uncorr_01.ttp: 15019.0 400158.0 1397060.0 140257 201524.47268426936 490199.8729207879 600032
pcb3038_n9111_uncorr_01.ttp: 16851.0 398326.0 1394321.0 140061 200335.85281266246 492809.6623430189 600030
pcb3038_n9111_uncorr_01.ttp: 13397.0 401780.0 1392926.0 140204 200066.94353593752 492624.7540882812 600030
pcb3038_n9111_uncorr_01.ttp: 13142.0 402035.0 1397193.0 140239 201422.50301112415 490791.7364499413 600030
pcb3038_n9111_uncorr_01.ttp: 16329.0 398848.0 1397335.0 140167 201369.08101218042 491174.13544518803 600038
pcb3038_n9111_uncorr_01.ttp: 13490.0 401687.0 1397225.0 140018 200792.9009417716 493656.94576202775 600029
pcb3038_n9111_uncorr_01.ttp: 13435.0 401742.0 1397188.0 140082 200722.26242227165 493937.8190997776 600029
pcb3038_n9111_uncorr_01.ttp: 15054.0 400123.0 1395466.0 140057 200610.47269247434 492718.8728838655 600029
pcb3038_n9111_uncorr_01.ttp: 12930.0 402247.0 1399183.0 140018 201059.45903613788 494415.4343373795 600029
pcb3038_n9111_uncorr_01.ttp: 14517.0 400660.0 1397796.0 140125 200982.5288708516 493374.6200811679 600032
pcb3038_n9111_uncorr_01.ttp: 14765.0 400412.0 1396446.0 140069 200814.59935703664 492780.3028933351 600029
pcb3038_n9111_uncorr_01.ttp: 13378.0 401799.0 1400417.0 140107 201126.8088697351 495346.360086192 600032
pcb3038_n9111_uncorr_01.ttp: 13580.0 401597.0 1397211.0 140041 200639.3675986865 494333.84580591065 600029
pcb3038_n9111_uncorr_01.ttp: 14038.0 401139.0 1392810.0 139981 200156.35820582893 492106.38807376986 600029
pcb3038_n9111_uncorr_01.ttp: 13934.0 401243.0 1395329.0 140119 200503.42767739197 493063.5754517361 600030
pcb3038_n9111_uncorr_01.ttp: 18391.0 396786.0 1394462.0 140139 199586.6040502059 496322.2817740734 600029
pcb3038_n9111_uncorr_01.ttp: 12461.0 402716.0 1396899.0 140379 200958.24016186406 492586.9192716117 600029
pcb3038_n9111_uncorr_01.ttp: 15097.0 400080.0 1399664.0 140128 201164.60495882283 494423.2776852972 600030
pcb3038_n9111_uncorr_01.ttp: 13263.0 401914.0 1398423.0 140151 200966.15551051195 494075.30020269623 600030
pcb3038_n9111_uncorr_01.ttp: 15244.0 399933.0 1397361.0 140080 200536.0126856384 494948.94291462726 600030
pcb3038_n9111_uncorr_01.ttp: 13647.0 401530.0 1396255.0 140075 200580.5543557261 493642.5053992325 600029
pcb3038_n9111_uncorr_01.ttp: 14455.0 400722.0 1398937.0 140158 201118.82895567597 493902.26969945815 600029
pcb3038_n9111_uncorr_01.ttp: 13817.0 401360.0 1392824.0 140287 200107.19106736916 492341.64019683877 600032
pcb3038_n9111_uncorr_01.ttp: 13677.0 401500.0 1397126.0 140173 200464.1855635774 495037.16496390174 600030
pcb3038_n9111_uncorr_01.ttp: 14021.0 401156.0 1396020.0 140162 200374.89109429502 494332.9900756724 600030
pcb3038_n9111_uncorr_01.ttp: 13628.0 401549.0 1398051.0 140205 200864.39047850276 494161.2428467376 600030
RESULTS FOR heuristics : 28
pcb3038_n9111_uncorr_01.ttp: 15398.0 399779.0 1394638.0 140248 200166.27542706078 493889.76057822653 600041
pcb3038_n9111_uncorr_01.ttp: 15084.0 400093.0 1397122.0 140186 200170.18508410815 496356.1671215133 600028
pcb3038_n9111_uncorr_01.ttp: 15258.0 399919.0 1396341.0 140184 200557.56603681174 493831.95283434715 600029
pcb3038_n9111_uncorr_01.ttp: 14899.0 400278.0 1398247.0 140059 200150.63738414188 497569.1317713616 599806
pcb3038_n9111_uncorr_01.ttp: 15477.0 399700.0 1393749.0 140159 199692.80624872513 495131.3718807369 600030
pcb3038_n9111_uncorr_01.ttp: 15372.0 399805.0 1394405.0 140187 200281.35318208026 493138.91068063886 600029
pcb3038_n9111_uncorr_01.ttp: 14646.0 400531.0 1398387.0 140159 200150.8371096996 497708.23300635174 600030
pcb3038_n9111_uncorr_01.ttp: 15005.0 400172.0 1396600.0 140233 200413.43291011013 494739.5519045044 600029
pcb3038_n9111_uncorr_01.ttp: 15833.0 399344.0 1395114.0 140148 200580.85523470838 492500.1514438123 600030
pcb3038_n9111_uncorr_01.ttp: 15419.0 399758.0 1396534.0 140183 200259.1482912928 495367.83268918237 600029
pcb3038_n9111_uncorr_01.ttp: 15564.0 399613.0 1397461.0 140051 200085.55030698382 497076.02361857286 600031
pcb3038_n9111_uncorr_01.ttp: 15781.0 399396.0 1395199.0 140174 200489.88774805106 492994.5051337703 600033
pcb3038_n9111_uncorr_01.ttp: 15247.0 399930.0 1396308.0 140051 200066.7901720359 496007.4442258385 600029
pcb3038_n9111_uncorr_01.ttp: 14872.0 400305.0 1396457.0 140003 199881.0980253299 496992.05888601544 600031
pcb3038_n9111_uncorr_01.ttp: 15419.0 399758.0 1393140.0 140127 200016.42202553505 493066.1008850923 600030
pcb3038_n9111_uncorr_01.ttp: 15456.0 399721.0 1396500.0 140161 200610.9750082576 493750.61246284074 599786
pcb3038_n9111_uncorr_01.ttp: 15384.0 399793.0 1395819.0 140094 200093.20514248215 495399.5768588303 599848
pcb3038_n9111_uncorr_01.ttp: 15011.0 400166.0 1398018.0 140183 200621.78232135795 495219.97955388925 600029
pcb3038_n9111_uncorr_01.ttp: 15096.0 400081.0 1396861.0 140264 200279.05845755432 495605.23694100557 600029
pcb3038_n9111_uncorr_01.ttp: 15457.0 399720.0 1396124.0 140144 200798.42535557403 492531.0858999168 600029
pcb3038_n9111_uncorr_01.ttp: 15757.0 399420.0 1392496.0 140211 200458.96731819253 490430.6470681336 600028
pcb3038_n9111_uncorr_01.ttp: 16802.0 398375.0 1392589.0 140161 200168.5421725839 491830.5602233724 600029
pcb3038_n9111_uncorr_01.ttp: 15893.0 399284.0 1396067.0 140149 200261.9259110117 494888.3334004474 600029
pcb3038_n9111_uncorr_01.ttp: 15080.0 400097.0 1396779.0 140052 200292.9362974743 495460.78666136554 599801
pcb3038_n9111_uncorr_01.ttp: 16112.0 399065.0 1394932.0 140252 200249.05973751456 493811.2311811845 599796
pcb3038_n9111_uncorr_01.ttp: 15550.0 399627.0 1397042.0 140280 200238.15986741747 495970.28059662133 600029
pcb3038_n9111_uncorr_01.ttp: 15049.0 400128.0 1396313.0 140176 200563.637871136 493776.6295798881 600031
pcb3038_n9111_uncorr_01.ttp: 15606.0 399571.0 1395732.0 140256 200420.4137014806 493840.1383433372 600030
pcb3038_n9111_uncorr_01.ttp: 15424.0 399753.0 1393028.0 140204 200037.55546596635 492859.0004031514 600029
pcb3038_n9111_uncorr_01.ttp: 16180.0 398997.0 1393856.0 140182 200700.54343612803 490703.5545374239 600030
RESULTS FOR heuristics : 29
pcb3038_n9111_uncorr_01.ttp: 14301.0 400876.0 1398410.0 140009 200826.14027394442 494692.3687672501 600029
pcb3038_n9111_uncorr_01.ttp: 16668.0 398509.0 1389686.0 140113 201456.35777765498 483132.39000055264 600039
pcb3038_n9111_uncorr_01.ttp: 16367.0 398810.0 1392383.0 140317 201023.17539493134 487778.71072280896 600030
pcb3038_n9111_uncorr_01.ttp: 15880.0 399297.0 1387716.0 140412 201383.43726389325 481490.5323124804 600029
pcb3038_n9111_uncorr_01.ttp: 15494.0 399683.0 1391931.0 140290 201881.7790148556 483462.9944331498 600029
pcb3038_n9111_uncorr_01.ttp: 14521.0 400656.0 1392010.0 140389 201575.16721978426 484921.7475109708 600029
pcb3038_n9111_uncorr_01.ttp: 15949.0 399228.0 1394276.0 140118 201180.40660738084 488964.17026678624 600029
pcb3038_n9111_uncorr_01.ttp: 13808.0 401369.0 1395891.0 140266 200822.0943780432 492191.5752988056 600029
pcb3038_n9111_uncorr_01.ttp: 14342.0 400835.0 1394722.0 140389 201251.25328421048 489091.3602210528 600029
pcb3038_n9111_uncorr_01.ttp: 16675.0 398502.0 1388005.0 140034 201723.25203830138 480250.3658276438 600029
pcb3038_n9111_uncorr_01.ttp: 13723.0 401454.0 1389653.0 140160 201124.36868357446 484593.3409239149 600029
pcb3038_n9111_uncorr_01.ttp: 14270.0 400907.0 1388830.0 140142 200693.7710301847 485708.0303641688 600029
pcb3038_n9111_uncorr_01.ttp: 15778.0 399399.0 1395014.0 140193 202086.7858568119 485623.46364434646 600030
pcb3038_n9111_uncorr_01.ttp: 14917.0 400260.0 1394611.0 140224 201258.8406164404 488946.2172260182 600029
pcb3038_n9111_uncorr_01.ttp: 13587.0 401590.0 1395042.0 140414 201146.62318431892 489882.1956705649 600030
pcb3038_n9111_uncorr_01.ttp: 14379.0 400798.0 1393922.0 140088 200967.0353840068 489570.3407719694 600029
pcb3038_n9111_uncorr_01.ttp: 14328.0 400849.0 1393542.0 140067 201729.49673331907 485759.2647000642 600029
pcb3038_n9111_uncorr_01.ttp: 16553.0 398624.0 1392583.0 140298 201411.01128747495 486233.4492063627 600030
pcb3038_n9111_uncorr_01.ttp: 14533.0 400644.0 1393543.0 139890 200610.0718129063 490797.67684192164 600029
pcb3038_n9111_uncorr_01.ttp: 15067.0 400110.0 1396362.0 140144 201480.55676777376 489699.49454501807 600031
pcb3038_n9111_uncorr_01.ttp: 13642.0 401535.0 1393867.0 140285 200823.82863783135 490159.7711297589 600029
pcb3038_n9111_uncorr_01.ttp: 13533.0 401644.0 1393652.0 140083 200607.4174737638 490918.6213680629 600029
pcb3038_n9111_uncorr_01.ttp: 15618.0 399559.0 1392271.0 140201 201421.4733861136 485874.3697624889 600031
pcb3038_n9111_uncorr_01.ttp: 13662.0 401515.0 1398180.0 140131 201234.64903973183 492624.0793212068 600029
pcb3038_n9111_uncorr_01.ttp: 13705.0 401472.0 1390075.0 140329 201194.10660206634 484701.5202907014 600029
pcb3038_n9111_uncorr_01.ttp: 15861.0 399316.0 1394144.0 140304 202155.11404503533 484445.98679734103 600029
pcb3038_n9111_uncorr_01.ttp: 14798.0 400379.0 1393220.0 140329 201563.21992853633 486185.5103215865 600029
pcb3038_n9111_uncorr_01.ttp: 14014.0 401163.0 1389630.0 140113 200602.8561742846 486917.14721571933 600029
pcb3038_n9111_uncorr_01.ttp: 16244.0 398933.0 1385616.0 140184 201078.40588170124 480763.1735323444 600029
pcb3038_n9111_uncorr_01.ttp: 16424.0 398753.0 1389868.0 140191 201736.38624033655 482054.2619184855 600032
RESULTS FOR heuristics : 30
pcb3038_n9111_uncorr_01.ttp: 17267.0 397910.0 1388877.0 140351 200866.68925228107 484976.8983647352 600029
pcb3038_n9111_uncorr_01.ttp: 17020.0 398157.0 1388502.0 140269 200960.8814459971 484178.033493013 600029
pcb3038_n9111_uncorr_01.ttp: 17073.0 398104.0 1390080.0 140280 202173.11595861448 480300.97818623483 600029
pcb3038_n9111_uncorr_01.ttp: 16329.0 398848.0 1394128.0 140191 201081.10432821538 489263.0305230308 600029
pcb3038_n9111_uncorr_01.ttp: 15438.0 399739.0 1388191.0 140139 200446.45624264452 486181.9469080997 600031
pcb3038_n9111_uncorr_01.ttp: 16289.0 398888.0 1392772.0 140124 200831.1156858749 489031.97941356304 600033
pcb3038_n9111_uncorr_01.ttp: 16325.0 398852.0 1392200.0 140366 201535.30320299027 485291.1355865438 600029
pcb3038_n9111_uncorr_01.ttp: 16612.0 398565.0 1391363.0 140182 201565.06809736864 484320.19356184115 600029
pcb3038_n9111_uncorr_01.ttp: 16257.0 398920.0 1390939.0 140136 200427.01461586164 489017.4342286226 600031
pcb3038_n9111_uncorr_01.ttp: 16319.0 398858.0 1390865.0 140014 200579.10025086484 488259.0488711082 600029
pcb3038_n9111_uncorr_01.ttp: 17040.0 398137.0 1394543.0 140437 201256.39838952306 488889.2072471462 600030
pcb3038_n9111_uncorr_01.ttp: 16998.0 398179.0 1390707.0 140158 200836.3883214956 486943.25255326985 600029
pcb3038_n9111_uncorr_01.ttp: 16707.0 398470.0 1389931.0 140214 200886.20586750985 485943.0735962057 600029
pcb3038_n9111_uncorr_01.ttp: 16066.0 399111.0 1393817.0 140340 201379.5765458444 487608.9055437002 600029
pcb3038_n9111_uncorr_01.ttp: 18754.0 396423.0 1391654.0 140205 201392.96352105783 485385.6641552398 600030
pcb3038_n9111_uncorr_01.ttp: 15266.0 399911.0 1395720.0 140327 200656.75595548793 492764.5982003043 600029
pcb3038_n9111_uncorr_01.ttp: 16931.0 398246.0 1386638.0 140125 200555.2990438359 484139.1543027385 600030
pcb3038_n9111_uncorr_01.ttp: 15111.0 400066.0 1387492.0 140224 200717.90862168296 484261.41120242665 600030
pcb3038_n9111_uncorr_01.ttp: 15527.0 399650.0 1393976.0 140198 200906.78312788217 489895.4759245303 600030
pcb3038_n9111_uncorr_01.ttp: 17124.0 398053.0 1390701.0 140189 201240.52796884585 485118.6241401937 600042
pcb3038_n9111_uncorr_01.ttp: 17573.0 397604.0 1392644.0 140110 200816.7707614913 488968.5315732892 600032
pcb3038_n9111_uncorr_01.ttp: 18384.0 396793.0 1389948.0 140283 200824.99004910045 486235.54477904795 600029
pcb3038_n9111_uncorr_01.ttp: 16232.0 398945.0 1393843.0 140051 201703.80017447352 486175.89921486913 600031
pcb3038_n9111_uncorr_01.ttp: 15873.0 399304.0 1392270.0 140424 200907.74956701204 488185.1269484458 601686
pcb3038_n9111_uncorr_01.ttp: 16563.0 398614.0 1392430.0 139994 201110.19477962333 487434.12349169503 600027
pcb3038_n9111_uncorr_01.ttp: 15345.0 399832.0 1394745.0 140251 200631.20268022452 491904.5879389896 600027
pcb3038_n9111_uncorr_01.ttp: 16154.0 399023.0 1390442.0 140235 200970.82678047274 486073.2794878727 600027
pcb3038_n9111_uncorr_01.ttp: 15454.0 399723.0 1393720.0 140253 201485.88496428204 487033.51766073075 600027
pcb3038_n9111_uncorr_01.ttp: 16101.0 399076.0 1394756.0 140314 201054.04904889307 490012.77927998116 600026
pcb3038_n9111_uncorr_01.ttp: 15381.0 399796.0 1392323.0 140146 200220.82633549362 491329.28149027866 600025
