enter number of instance to run
Enter TTP instance file:
Enter TTP instance file:
Enter TTP instance file:
Instance :pla85900_n85899_uncorr_01.ttp
RESULTS FOR heuristics : 20
pla85900_n85899_uncorr_01.ttp: 317070.0 3591098.0 1.3090829E7 142630961 2.0797726408339268E8 4771738.436664293 206913
pla85900_n85899_uncorr_01.ttp: 249117.0 3659051.0 1.3183504E7 142712468 2.081153191492039E8 4858891.234031844 215232
pla85900_n85899_uncorr_01.ttp: 310624.0 3597544.0 1.3103657E7 142661126 2.0902156813516772E8 4742794.274593291 201851
pla85900_n85899_uncorr_01.ttp: 297223.0 3610945.0 1.307069E7 142743037 2.0708364342327812E8 4787344.263068875 206448
pla85900_n85899_uncorr_01.ttp: 202787.0 3705381.0 1.32583E7 142687106 2.0907215900049317E8 4895413.639980273 220630
pla85900_n85899_uncorr_01.ttp: 295638.0 3612530.0 1.3103038E7 142615622 2.0899891433150685E8 4743081.426739726 206950
pla85900_n85899_uncorr_01.ttp: 292408.0 3615760.0 1.3106184E7 142681032 2.0866783931614387E8 4759470.427354245 219705
pla85900_n85899_uncorr_01.ttp: 149938.0 3758230.0 1.3377722E7 142762904 2.1170957991727594E8 4909338.803308962 208415
pla85900_n85899_uncorr_01.ttp: 308810.0 3599358.0 1.3070443E7 142702653 2.080905483228916E8 4746821.067084336 209907
pla85900_n85899_uncorr_01.ttp: 296092.0 3612076.0 1.3099443E7 142600403 2.0869214121083045E8 4751757.351566782 207341
pla85900_n85899_uncorr_01.ttp: 243746.0 3664422.0 1.3200761E7 142727635 2.0887783229678345E8 4845647.708128662 204129
pla85900_n85899_uncorr_01.ttp: 307277.0 3600891.0 1.3078779E7 142666618 2.080914730868051E8 4755120.076527796 213911
pla85900_n85899_uncorr_01.ttp: 344410.0 3563758.0 1.3101812E7 142733625 2.09996165848241E8 4701965.36607036 208920
pla85900_n85899_uncorr_01.ttp: 289430.0 3618738.0 1.3102161E7 142711419 2.0753824799990788E8 4800631.080003684 213672
pla85900_n85899_uncorr_01.ttp: 304733.0 3603435.0 1.3109054E7 142728987 2.0884207784798416E8 4755370.886080633 209043
pla85900_n85899_uncorr_01.ttp: 217928.0 3690240.0 1.3223822E7 142715258 2.103862461116605E8 4808372.15553358 212419
pla85900_n85899_uncorr_01.ttp: 308386.0 3599782.0 1.3080046E7 142714930 2.076720805905141E8 4773162.776379436 216469
pla85900_n85899_uncorr_01.ttp: 294877.0 3613291.0 1.3086843E7 142685269 2.0814960706330562E8 4760858.717467776 214227
pla85900_n85899_uncorr_01.ttp: 300782.0 3607386.0 1.3088707E7 142639973 2.0829343256285655E8 4756969.6974857375 209205
pla85900_n85899_uncorr_01.ttp: 196861.0 3711307.0 1.3267069E7 142660280 2.0954920711913744E8 4885100.715234502 211526
pla85900_n85899_uncorr_01.ttp: 294581.0 3613587.0 1.3101892E7 142788866 2.0771324926945588E8 4793362.029221765 204304
pla85900_n85899_uncorr_01.ttp: 245761.0 3662407.0 1.3191788E7 142711255 2.0876848272859633E8 4841048.690856147 214924
pla85900_n85899_uncorr_01.ttp: 204359.0 3703809.0 1.3264583E7 142694199 2.0856311233693612E8 4922058.506522555 214695
pla85900_n85899_uncorr_01.ttp: 274737.0 3633431.0 1.3141814E7 142687779 2.0826810899149737E8 4811089.640340105 208817
pla85900_n85899_uncorr_01.ttp: 148455.0 3759713.0 1.3386088E7 142658773 2.1212151182568613E8 4901227.526972555 213287
pla85900_n85899_uncorr_01.ttp: 320874.0 3587294.0 1.3091022E7 142707844 2.1221802423793888E8 4602301.030482445 210673
pla85900_n85899_uncorr_01.ttp: 244900.0 3663268.0 1.317671E7 142783589 2.090264234980572E8 4815653.060077712 268162
pla85900_n85899_uncorr_01.ttp: 203954.0 3704214.0 1.3255673E7 142751675 2.0900149155542365E8 4895613.3377830535 358769
pla85900_n85899_uncorr_01.ttp: 208345.0 3699823.0 1.3281551E7 142693059 2.0984091212786594E8 4887914.514885362 360779
pla85900_n85899_uncorr_01.ttp: 147502.0 3760666.0 1.3374037E7 142746190 2.1157916175334767E8 4910870.529866094 364558
RESULTS FOR heuristics : 24
pla85900_n85899_uncorr_01.ttp: 291327.0 3616841.0 1.3108115E7 142707965 2.0873414130722198E8 4758749.347711121 368101
pla85900_n85899_uncorr_01.ttp: 290590.0 3617578.0 1.3103572E7 142760338 2.1001036091323036E8 4703157.563470785 370722
pla85900_n85899_uncorr_01.ttp: 295247.0 3612921.0 1.3084843E7 142699060 2.0733165247394124E8 4791576.901042351 364776
pla85900_n85899_uncorr_01.ttp: 203648.0 3704520.0 1.3264796E7 142692799 2.0951524028226283E8 4884186.388709486 388639
pla85900_n85899_uncorr_01.ttp: 305293.0 3602875.0 1.30991E7 142751356 2.1170207459940302E8 4631017.016023878 374477
pla85900_n85899_uncorr_01.ttp: 204277.0 3703891.0 1.3257676E7 142661346 2.092141714559762E8 4889109.141760952 506396
pla85900_n85899_uncorr_01.ttp: 308457.0 3599711.0 1.309361E7 142689804 2.084788191016855E8 4754457.23593258 460473
pla85900_n85899_uncorr_01.ttp: 204250.0 3703918.0 1.3235968E7 142630466 2.085891397705693E8 4892402.409177228 529093
pla85900_n85899_uncorr_01.ttp: 206165.0 3702003.0 1.3263413E7 142696500 2.0965955515093985E8 4877030.793962406 563849
pla85900_n85899_uncorr_01.ttp: 205821.0 3702347.0 1.3252659E7 142828491 2.092377294394647E8 4883149.822421412 520925
pla85900_n85899_uncorr_01.ttp: 149204.0 3758964.0 1.3378566E7 142701085 2.1138084370707843E8 4923332.251716863 530356
pla85900_n85899_uncorr_01.ttp: 143656.0 3764512.0 1.3353041E7 142610523 2.108800336955558E8 4917839.652177768 514581
pla85900_n85899_uncorr_01.ttp: 251446.0 3656722.0 1.3173461E7 142691802 2.089238208089211E8 4816508.167643156 523549
pla85900_n85899_uncorr_01.ttp: 299360.0 3608808.0 1.3085449E7 142675798 2.0833268291924307E8 4752141.683230277 533361
pla85900_n85899_uncorr_01.ttp: 400946.0 3507222.0 1.2840862E7 142664435 2.080009934094259E8 4520822.263622963 519169
pla85900_n85899_uncorr_01.ttp: 300684.0 3607484.0 1.3095374E7 142687238 2.0825749635967216E8 4765074.145613113 557998
pla85900_n85899_uncorr_01.ttp: 137499.0 3770669.0 1.3368351E7 142707138 2.1162531408085418E8 4903338.436765833 445215
pla85900_n85899_uncorr_01.ttp: 210424.0 3697744.0 1.3257442E7 142727104 2.0986133871119177E8 4862988.45155233 524641
pla85900_n85899_uncorr_01.ttp: 208797.0 3699371.0 1.3251614E7 142715838 2.09361082138346E8 4877170.71446616 453882
pla85900_n85899_uncorr_01.ttp: 146463.0 3761705.0 1.338282E7 142627586 2.1209488555439016E8 4899024.577824393 352893
pla85900_n85899_uncorr_01.ttp: 295948.0 3612220.0 1.3104097E7 142746491 2.080279891033369E8 4782977.4358665235 362709
pla85900_n85899_uncorr_01.ttp: 299998.0 3608170.0 1.3103885E7 142635535 2.0797390650396553E8 4784928.739841378 366747
pla85900_n85899_uncorr_01.ttp: 332653.0 3575515.0 1.307886E7 142655329 2.1097593633056095E8 4639822.546777561 359260
pla85900_n85899_uncorr_01.ttp: 201684.0 3706484.0 1.3260936E7 142718034 2.086769863648851E8 4913856.545404596 369309
pla85900_n85899_uncorr_01.ttp: 237906.0 3670262.0 1.3178045E7 142708342 2.0783262049545148E8 4864740.180181941 364276
pla85900_n85899_uncorr_01.ttp: 295171.0 3612997.0 1.3108725E7 142624869 2.0876788571778303E8 4758009.571288679 361432
pla85900_n85899_uncorr_01.ttp: 307295.0 3600873.0 1.3095296E7 142634162 2.0782908528865373E8 4782132.588453851 374915
pla85900_n85899_uncorr_01.ttp: 386119.0 3522049.0 1.2835096E7 142671467 2.075238401964777E8 4534142.392140891 367353
pla85900_n85899_uncorr_01.ttp: 294320.0 3613848.0 1.3098575E7 142776846 2.0843724705397215E8 4761085.117841113 368370
pla85900_n85899_uncorr_01.ttp: 211846.0 3696322.0 1.3268824E7 142687352 2.0998577718595698E8 4869392.91256172 358252
Instance :pla85900_n85899_uncorr-similar-weights_01.ttp
RESULTS FOR heuristics : 20
pla85900_n85899_uncorr-similar-weights_01.ttp: 801.0 7843323.0 6745956.0 142780884 1.9716784830164224E8 2802599.033967155 376217
pla85900_n85899_uncorr-similar-weights_01.ttp: 281.0 7843843.0 6793574.0 142706684 2.045511204467338E8 2702551.591065324 369366
pla85900_n85899_uncorr-similar-weights_01.ttp: 662.0 7843462.0 6749981.0 142582538 1.9717023525137258E8 2806576.2949725483 374443
pla85900_n85899_uncorr-similar-weights_01.ttp: 170.0 7843954.0 6780544.0 142674073 2.0360647134396967E8 2708414.5731206066 362069
pla85900_n85899_uncorr-similar-weights_01.ttp: 512.0 7843612.0 6736463.0 142645652 2.0797213517221764E8 2577020.296555647 363933
pla85900_n85899_uncorr-similar-weights_01.ttp: 409.0 7843715.0 6774256.0 142779151 2.046793132728902E8 2680669.7345421957 365573
pla85900_n85899_uncorr-similar-weights_01.ttp: 730.0 7843394.0 6753287.0 142632070 2.0139835669561365E8 2725319.866087727 361507
pla85900_n85899_uncorr-similar-weights_01.ttp: 323.0 7843801.0 6788228.0 142734583 2.056081749247208E8 2676064.501505584 378751
pla85900_n85899_uncorr-similar-weights_01.ttp: 105.0 7844019.0 6782933.0 142718913 2.01435946559236E8 2754214.06881528 365373
pla85900_n85899_uncorr-similar-weights_01.ttp: 446.0 7843678.0 6705909.0 142695347 2.0892519243818623E8 2527405.151236275 367422
pla85900_n85899_uncorr-similar-weights_01.ttp: 226.0 7843898.0 6758042.0 142708963 2.0234827614530915E8 2711076.4770938167 383812
pla85900_n85899_uncorr-similar-weights_01.ttp: 428.0 7843696.0 6731837.0 142724196 1.9986256673757342E8 2734585.665248532 363927
pla85900_n85899_uncorr-similar-weights_01.ttp: 886.0 7843238.0 6763699.0 142660361 2.025321204203073E8 2713056.5915938537 379293
pla85900_n85899_uncorr-similar-weights_01.ttp: 436.0 7843688.0 6753842.0 142687123 2.0905485955637625E8 2572744.808872475 363676
pla85900_n85899_uncorr-similar-weights_01.ttp: 520.0 7843604.0 6744952.0 142715894 2.0267375991407064E8 2691476.801718587 367468
pla85900_n85899_uncorr-similar-weights_01.ttp: 568.0 7843556.0 6764239.0 142740351 1.991121589450601E8 2781995.821098798 370159
pla85900_n85899_uncorr-similar-weights_01.ttp: 120.0 7844004.0 6792067.0 142643677 2.0426273325564894E8 2706812.334887021 360383
pla85900_n85899_uncorr-similar-weights_01.ttp: 165.0 7843959.0 6748761.0 142747230 2.027774338308108E8 2693212.3233837844 375092
pla85900_n85899_uncorr-similar-weights_01.ttp: 174.0 7843950.0 6756265.0 142704449 2.0152357769730213E8 2725793.446053957 362349
pla85900_n85899_uncorr-similar-weights_01.ttp: 230.0 7843894.0 6757472.0 142728422 1.9719538979070386E8 2813564.2041859226 367888
pla85900_n85899_uncorr-similar-weights_01.ttp: 306.0 7843818.0 6756839.0 142620774 2.0884374370249373E8 2579964.1259501255 359773
pla85900_n85899_uncorr-similar-weights_01.ttp: 584.0 7843540.0 6703201.0 142663167 2.124224829259739E8 2454751.3414805224 384571
pla85900_n85899_uncorr-similar-weights_01.ttp: 331.0 7843793.0 6776660.0 142650126 2.039644263621776E8 2697371.4727564477 369026
pla85900_n85899_uncorr-similar-weights_01.ttp: 401.0 7843723.0 6776671.0 142657634 2.0395319837965342E8 2697607.0324069313 358711
pla85900_n85899_uncorr-similar-weights_01.ttp: 285.0 7843839.0 6755221.0 142700585 1.9876940560453352E8 2779832.8879093295 363691
pla85900_n85899_uncorr-similar-weights_01.ttp: 131.0 7843993.0 6783871.0 142711747 2.042940150159062E8 2697990.6996818758 358621
pla85900_n85899_uncorr-similar-weights_01.ttp: 405.0 7843719.0 6776283.0 142700457 2.045725607775328E8 2684831.784449344 360472
pla85900_n85899_uncorr-similar-weights_01.ttp: 610.0 7843514.0 6772239.0 142641679 2.041323414924954E8 2689592.1701500923 356829
pla85900_n85899_uncorr-similar-weights_01.ttp: 459.0 7843665.0 6793914.0 142628981 2.0509406588292202E8 2692032.6823415593 378026
pla85900_n85899_uncorr-similar-weights_01.ttp: 390.0 7843734.0 6762346.0 142668475 2.1003439080640852E8 2561658.18387183 379442
RESULTS FOR heuristics : 24
pla85900_n85899_uncorr-similar-weights_01.ttp: 465.0 7843659.0 6731131.0 142660800 2.0477276525743195E8 2635675.6948513607 371131
pla85900_n85899_uncorr-similar-weights_01.ttp: 648.0 7843476.0 6753046.0 142666941 1.9783672175913146E8 2796311.564817371 354991
pla85900_n85899_uncorr-similar-weights_01.ttp: 264.0 7843860.0 6783098.0 142711587 2.038227142681066E8 2706643.7146378676 368870
pla85900_n85899_uncorr-similar-weights_01.ttp: 333.0 7843791.0 6745593.0 142728955 1.9703058741260582E8 2804981.2517478834 363754
pla85900_n85899_uncorr-similar-weights_01.ttp: 49.0 7844075.0 6782980.0 142684884 2.038193611826742E8 2706592.776346516 360833
pla85900_n85899_uncorr-similar-weights_01.ttp: 349.0 7843775.0 6758239.0 142732663 1.973703511253835E8 2810831.97749233 360380
pla85900_n85899_uncorr-similar-weights_01.ttp: 315.0 7843809.0 6741437.0 142647233 2.043957423297227E8 2653522.1534055457 372712
pla85900_n85899_uncorr-similar-weights_01.ttp: 250.0 7843874.0 6778957.0 142647480 1.9774730350001484E8 2824010.929999703 368846
pla85900_n85899_uncorr-similar-weights_01.ttp: 503.0 7843621.0 6757879.0 142708435 1.9787068350905463E8 2800465.329818907 373018
pla85900_n85899_uncorr-similar-weights_01.ttp: 222.0 7843902.0 6766292.0 142715894 1.964489999041005E8 2837312.00191799 382340
pla85900_n85899_uncorr-similar-weights_01.ttp: 330.0 7843794.0 6749179.0 142648550 2.077722080684566E8 2593734.838630868 369699
pla85900_n85899_uncorr-similar-weights_01.ttp: 94.0 7844030.0 6759153.0 142714011 1.9846601433301994E8 2789832.713339601 358741
pla85900_n85899_uncorr-similar-weights_01.ttp: 458.0 7843666.0 6763870.0 142736369 2.02539658580697E8 2713076.82838606 362841
pla85900_n85899_uncorr-similar-weights_01.ttp: 541.0 7843583.0 6726046.0 142679579 1.971029327949783E8 2783987.3441004343 368232
pla85900_n85899_uncorr-similar-weights_01.ttp: 329.0 7843795.0 6718181.0 142723827 2.1260892633156624E8 2466002.4733686754 372762
pla85900_n85899_uncorr-similar-weights_01.ttp: 449.0 7843675.0 6768976.0 142681393 2.0364237616817504E8 2696128.476636499 379800
pla85900_n85899_uncorr-similar-weights_01.ttp: 565.0 7843559.0 6729759.0 142728916 2.024936442005783E8 2679886.115988434 359137
pla85900_n85899_uncorr-similar-weights_01.ttp: 315.0 7843809.0 6785221.0 142716832 1.970775491534601E8 2843670.016930798 358844
pla85900_n85899_uncorr-similar-weights_01.ttp: 584.0 7843540.0 6762232.0 142693849 2.0329710915547672E8 2696289.8168904656 368950
pla85900_n85899_uncorr-similar-weights_01.ttp: 314.0 7843810.0 6783952.0 142649822 2.0417454017110053E8 2700461.1965779895 370946
pla85900_n85899_uncorr-similar-weights_01.ttp: 218.0 7843906.0 6770592.0 142694477 2.0141799367023993E8 2742232.1265952014 372427
pla85900_n85899_uncorr-similar-weights_01.ttp: 283.0 7843841.0 6713054.0 142690528 2.0894636500323325E8 2534126.6999353347 365749
pla85900_n85899_uncorr-similar-weights_01.ttp: 540.0 7843584.0 6723100.0 142686243 2.138085392497995E8 2446929.21500401 362322
pla85900_n85899_uncorr-similar-weights_01.ttp: 398.0 7843726.0 6789564.0 142666844 2.0407731262597266E8 2708017.7474805466 364030
pla85900_n85899_uncorr-similar-weights_01.ttp: 688.0 7843436.0 6755247.0 142730607 1.9833652035829297E8 2788516.5928341406 364660
pla85900_n85899_uncorr-similar-weights_01.ttp: 141.0 7843983.0 6773058.0 142648584 1.9789236209471616E8 2815210.7581056766 359395
pla85900_n85899_uncorr-similar-weights_01.ttp: 272.0 7843852.0 6767992.0 142714122 2.0350007419021046E8 2697990.516195791 376380
pla85900_n85899_uncorr-similar-weights_01.ttp: 551.0 7843573.0 6744097.0 142687242 1.9686636304926944E8 2806769.739014611 363177
pla85900_n85899_uncorr-similar-weights_01.ttp: 524.0 7843600.0 6745890.0 142644280 2.035733595144218E8 2674422.809711564 379303
pla85900_n85899_uncorr-similar-weights_01.ttp: 202.0 7843922.0 6746960.0 142715693 1.986725414383061E8 2773509.171233878 375215
Instance :pla85900_n85899_bounded-strongly-corr_01.ttp
RESULTS FOR heuristics : 20
pla85900_n85899_bounded-strongly-corr_01.ttp: 2.0 7394809.0 1.1288509E7 142861544 1.9029673513571942E8 5579606.945928418 373513
pla85900_n85899_bounded-strongly-corr_01.ttp: 64.0 7394747.0 1.1355447E7 142700714 1.8794556811776766E8 5717079.95646697 363312
pla85900_n85899_bounded-strongly-corr_01.ttp: 44.0 7394767.0 1.1373067E7 142739274 1.884242646116367E8 5720339.061650899 358858
pla85900_n85899_bounded-strongly-corr_01.ttp: 56.0 7394755.0 1.1363955E7 142695080 1.923047543944171E8 5594812.368167487 382193
pla85900_n85899_bounded-strongly-corr_01.ttp: 79.0 7394732.0 1.1355132E7 142677442 1.9203926873156464E8 5593953.938053061 379327
pla85900_n85899_bounded-strongly-corr_01.ttp: 9.0 7394802.0 1.1295502E7 142722870 1.8927767879729638E8 5617171.636081109 362255
pla85900_n85899_bounded-strongly-corr_01.ttp: 9.0 7394802.0 1.1344302E7 142661296 1.960912683939065E8 5461563.948182805 356657
pla85900_n85899_bounded-strongly-corr_01.ttp: 103.0 7394708.0 1.1299508E7 142694913 1.9009308843553793E8 5596715.346933862 364696
pla85900_n85899_bounded-strongly-corr_01.ttp: 23.0 7394788.0 1.1340188E7 142712714 1.8799124849709788E8 5700450.545087064 363694
pla85900_n85899_bounded-strongly-corr_01.ttp: 41.0 7394770.0 1.134737E7 142749488 1.887409432641581E8 5685141.702075257 364621
pla85900_n85899_bounded-strongly-corr_01.ttp: 18.0 7394793.0 1.1353693E7 142629722 1.9247012065995738E8 5579589.380201279 377541
pla85900_n85899_bounded-strongly-corr_01.ttp: 73.0 7394738.0 1.1352638E7 142698509 1.9612120182294086E8 5469001.9453117745 373934
pla85900_n85899_bounded-strongly-corr_01.ttp: 95.0 7394716.0 1.1359716E7 142760087 1.9363991832832307E8 5550518.450150308 352782
pla85900_n85899_bounded-strongly-corr_01.ttp: 47.0 7394764.0 1.1300864E7 142648019 1.8809400682887048E8 5658043.795133886 353569
pla85900_n85899_bounded-strongly-corr_01.ttp: 105.0 7394706.0 1.1336606E7 142794991 1.9310413058148342E8 5543482.082555497 371040
pla85900_n85899_bounded-strongly-corr_01.ttp: 7.0 7394804.0 1.1382604E7 142700285 1.919322001135398E8 5624637.996593807 354925
pla85900_n85899_bounded-strongly-corr_01.ttp: 11.0 7394800.0 1.13284E7 142640852 1.876050599831764E8 5700248.200504708 363015
pla85900_n85899_bounded-strongly-corr_01.ttp: 56.0 7394755.0 1.1357855E7 142651600 1.917769551659065E8 5604546.345022806 370353
pla85900_n85899_bounded-strongly-corr_01.ttp: 17.0 7394794.0 1.1333694E7 142696835 1.8776986955375835E8 5700597.913387249 380430
pla85900_n85899_bounded-strongly-corr_01.ttp: 78.0 7394733.0 1.1354533E7 142617250 1.9161358893171707E8 5606125.332048488 361676
pla85900_n85899_bounded-strongly-corr_01.ttp: 55.0 7394756.0 1.1353456E7 142690642 1.8870560449533212E8 5692287.865140037 359468
pla85900_n85899_bounded-strongly-corr_01.ttp: 3.0 7394808.0 1.1363008E7 142695255 1.9129792455282336E8 5624070.263415299 364931
pla85900_n85899_bounded-strongly-corr_01.ttp: 27.0 7394784.0 1.1347984E7 142760913 1.887619561913033E8 5685125.314260901 362793
pla85900_n85899_bounded-strongly-corr_01.ttp: 2.0 7394809.0 1.1334809E7 142625223 1.8820960950072932E8 5688520.71497812 375658
pla85900_n85899_bounded-strongly-corr_01.ttp: 106.0 7394705.0 1.1365905E7 142623719 1.8790139560186976E8 5728863.131943908 359789
pla85900_n85899_bounded-strongly-corr_01.ttp: 20.0 7394791.0 1.1351691E7 142694052 1.9689965155047125E8 5444701.453485863 379541
pla85900_n85899_bounded-strongly-corr_01.ttp: 9.0 7394802.0 1.1368002E7 142720274 1.91922664272587E8 5610322.07182239 365631
pla85900_n85899_bounded-strongly-corr_01.ttp: 3.0 7394808.0 1.1362508E7 142775498 1.8852899936064526E8 5706638.019180642 373012
pla85900_n85899_bounded-strongly-corr_01.ttp: 40.0 7394771.0 1.1353871E7 142649588 1.923438554202385E8 5583555.337392845 360642
pla85900_n85899_bounded-strongly-corr_01.ttp: 1.0 7394810.0 1.134831E7 142619923 1.9166302535921425E8 5598419.239223572 357625
RESULTS FOR heuristics : 24
pla85900_n85899_bounded-strongly-corr_01.ttp: 27.0 7394784.0 1.1368884E7 142736641 1.8828008951180327E8 5720481.314645902 356014
pla85900_n85899_bounded-strongly-corr_01.ttp: 18.0 7394793.0 1.1313393E7 142689672 1.8797013376330644E8 5674288.987100807 380444
pla85900_n85899_bounded-strongly-corr_01.ttp: 14.0 7394797.0 1.1322097E7 142623622 1.8958790768653044E8 5634459.769404087 374878
pla85900_n85899_bounded-strongly-corr_01.ttp: 13.0 7394798.0 1.1351198E7 142775912 1.9182010199675667E8 5596594.9400973 380929
pla85900_n85899_bounded-strongly-corr_01.ttp: 16.0 7394795.0 1.1335795E7 142678849 1.8884015190276393E8 5670590.442917082 367424
pla85900_n85899_bounded-strongly-corr_01.ttp: 52.0 7394759.0 1.1350759E7 142811173 1.9707294047223616E8 5438570.785832915 362992
pla85900_n85899_bounded-strongly-corr_01.ttp: 37.0 7394774.0 1.1358074E7 142679607 1.916181737579537E8 5609528.787261389 379968
pla85900_n85899_bounded-strongly-corr_01.ttp: 13.0 7394798.0 1.1372498E7 142698137 1.9247222220179823E8 5598331.333946053 368379
pla85900_n85899_bounded-strongly-corr_01.ttp: 0.0 7394811.0 1.1350411E7 142625909 1.9181009508286318E8 5596108.147514105 365436
pla85900_n85899_bounded-strongly-corr_01.ttp: 12.0 7394799.0 1.1315399E7 142739211 1.9060323013789895E8 5597302.095863031 361383
pla85900_n85899_bounded-strongly-corr_01.ttp: 24.0 7394787.0 1.1371787E7 142687579 1.8919645962867364E8 5695893.211139791 382555
pla85900_n85899_bounded-strongly-corr_01.ttp: 45.0 7394766.0 1.1356766E7 142618947 1.9172820914229885E8 5604919.725731035 379909
pla85900_n85899_bounded-strongly-corr_01.ttp: 4.0 7394807.0 1.1385407E7 142655242 1.9266623326273364E8 5605420.002117991 372681
pla85900_n85899_bounded-strongly-corr_01.ttp: 110.0 7394701.0 1.1344101E7 142704804 1.9123570953114343E8 5607029.714065697 356138
pla85900_n85899_bounded-strongly-corr_01.ttp: 5.0 7394806.0 1.1319306E7 142658012 1.887910976282293E8 5655573.071153121 372035
pla85900_n85899_bounded-strongly-corr_01.ttp: 49.0 7394762.0 1.1350162E7 142679880 1.905534227589404E8 5633559.317231788 364769
pla85900_n85899_bounded-strongly-corr_01.ttp: 47.0 7394764.0 1.1301164E7 142749692 1.9047401161177474E8 5586943.6516467575 379549
pla85900_n85899_bounded-strongly-corr_01.ttp: 7.0 7394804.0 1.1340804E7 142702396 1.8841401709862345E8 5688383.487041296 355158
pla85900_n85899_bounded-strongly-corr_01.ttp: 21.0 7394790.0 1.134809E7 142625146 1.921665517049903E8 5583093.448850291 365310
pla85900_n85899_bounded-strongly-corr_01.ttp: 22.0 7394789.0 1.1391289E7 142709023 1.8872851979755524E8 5729433.406073343 363370
pla85900_n85899_bounded-strongly-corr_01.ttp: 8.0 7394803.0 1.1350103E7 142707167 1.92146888796757E8 5585696.33609729 372629
pla85900_n85899_bounded-strongly-corr_01.ttp: 1.0 7394810.0 1.136011E7 142687810 1.9055479628676206E8 5643466.111397139 371175
pla85900_n85899_bounded-strongly-corr_01.ttp: 1.0 7394810.0 1.133221E7 142719894 1.896420288714218E8 5642949.133857346 364866
pla85900_n85899_bounded-strongly-corr_01.ttp: 0.0 7394811.0 1.1335911E7 142662778 1.9076377765908822E8 5612997.670227353 364937
pla85900_n85899_bounded-strongly-corr_01.ttp: 49.0 7394762.0 1.1315162E7 142703606 1.9044841662149507E8 5601709.501355148 366906
pla85900_n85899_bounded-strongly-corr_01.ttp: 0.0 7394811.0 1.1345711E7 142636937 1.9151443084218472E8 5600278.074734459 357112
pla85900_n85899_bounded-strongly-corr_01.ttp: 47.0 7394764.0 1.1370564E7 142751300 1.8848330597879982E8 5716064.820636006 358318
pla85900_n85899_bounded-strongly-corr_01.ttp: 111.0 7394700.0 1.13352E7 142676257 1.8794444796036735E8 5696866.56118898 358933
pla85900_n85899_bounded-strongly-corr_01.ttp: 16.0 7394795.0 1.1357295E7 142732676 1.9160374527234977E8 5609182.641829507 359980
pla85900_n85899_bounded-strongly-corr_01.ttp: 126.0 7394685.0 1.1341785E7 142699423 1.9103823679305437E8 5610637.896208369 362723
