enter number of instance to run
Enter TTP instance file:
Instance :pla33810_n338090_uncorr_01.ttp
RESULTS FOR heuristics : 20
pla33810_n338090_uncorr_01.ttp: 1169317.0 1.4226687E7 5.1669404E7 66305512 9.717487801634666E7 1.96016942546056E7 192596
pla33810_n338090_uncorr_01.ttp: 1185205.0 1.4210799E7 5.1629268E7 66227580 9.845088992429227E7 1.9140474324983552E7 320040
pla33810_n338090_uncorr_01.ttp: 1170740.0 1.4225264E7 5.1692703E7 66324705 9.721739891844298E7 1.9610961356913816E7 378085
pla33810_n338090_uncorr_01.ttp: 863652.0 1.4532352E7 5.2235457E7 66189108 9.845338636324637E7 1.9745839500128698E7 376511
pla33810_n338090_uncorr_01.ttp: 1193001.0 1.4203003E7 5.1663474E7 66295903 9.721366264742711E7 1.958296532634905E7 372312
pla33810_n338090_uncorr_01.ttp: 1203988.0 1.4192016E7 5.1586272E7 66276052 9.93449798525279E7 1.880242864866579E7 375287
pla33810_n338090_uncorr_01.ttp: 887437.0 1.4508567E7 5.2220877E7 66307850 9.755694059339322E7 2.0027086604180235E7 376441
pla33810_n338090_uncorr_01.ttp: 1169748.0 1.4226256E7 5.1667594E7 66344240 9.712707058186151E7 1.96156607079857E7 375992
pla33810_n338090_uncorr_01.ttp: 1178131.0 1.4217873E7 5.1570897E7 66286959 9.808707793332843E7 1.9202161282001615E7 379002
pla33810_n338090_uncorr_01.ttp: 1171481.0 1.4224523E7 5.1688074E7 66253668 9.770028965788896E7 1.944697841289664E7 368090
pla33810_n338090_uncorr_01.ttp: 1179595.0 1.4216409E7 5.1697754E7 66336458 9.779487070594472E7 1.9425446667038243E7 384323
pla33810_n338090_uncorr_01.ttp: 1316447.0 1.4079557E7 5.1658451E7 66258441 9.929292124843997E7 1.889178698801481E7 373870
pla33810_n338090_uncorr_01.ttp: 1247020.0 1.4148984E7 5.1630973E7 66344771 9.898586388702224E7 1.896563791728266E7 388360
pla33810_n338090_uncorr_01.ttp: 1048534.0 1.434747E7 5.1833615E7 66304398 9.803735951568213E7 1.9481286359824896E7 374014
pla33810_n338090_uncorr_01.ttp: 876076.0 1.4519928E7 5.2190854E7 66286819 9.77251220259417E7 1.9941563731439237E7 366718
pla33810_n338090_uncorr_01.ttp: 1183527.0 1.4212477E7 5.1658728E7 66347574 9.813755649666902E7 1.927333435609922E7 381240
pla33810_n338090_uncorr_01.ttp: 1182370.0 1.4213634E7 5.1641367E7 66298817 9.723982924847709E7 1.955222334800256E7 369092
pla33810_n338090_uncorr_01.ttp: 1151080.0 1.4244924E7 5.1732852E7 66286541 9.689949807512613E7 1.9756017635208376E7 375852
pla33810_n338090_uncorr_01.ttp: 1177832.0 1.4218172E7 5.1762039E7 66393954 9.729706902118665E7 1.9654006223008405E7 382166
pla33810_n338090_uncorr_01.ttp: 883731.0 1.4512273E7 5.2183713E7 66272578 9.865124583084008E7 1.962880187582277E7 368335
pla33810_n338090_uncorr_01.ttp: 1189301.0 1.4206703E7 5.1569421E7 66314515 9.782732196675897E7 1.928640475096954E7 369972
pla33810_n338090_uncorr_01.ttp: 1195598.0 1.4200406E7 5.1585754E7 66295738 1.002453980906657E8 1.850477263008032E7 383882
pla33810_n338090_uncorr_01.ttp: 1127088.0 1.4268916E7 5.1701E7 66327942 9.797238448799376E7 1.9370113118962057E7 368993
pla33810_n338090_uncorr_01.ttp: 884103.0 1.4511901E7 5.2186904E7 66264013 9.814355058556128E7 1.9799532306764778E7 368286
pla33810_n338090_uncorr_01.ttp: 1181396.0 1.4214608E7 5.1642028E7 66332202 9.70590819480335E7 1.9612530957148943E7 382239
pla33810_n338090_uncorr_01.ttp: 1144074.0 1.425193E7 5.177773E7 66334291 9.760579949866027E7 1.956781616544211E7 376404
pla33810_n338090_uncorr_01.ttp: 1153214.0 1.424279E7 5.1586197E7 66294535 9.92213188666097E7 1.88431617740188E7 372367
pla33810_n338090_uncorr_01.ttp: 991647.0 1.4404357E7 5.195982E7 66225362 9.769183058498548E7 1.972151590695479E7 362289
pla33810_n338090_uncorr_01.ttp: 1096921.0 1.4299083E7 5.1840355E7 66224856 9.725844687048249E7 1.9745067532740775E7 376027
pla33810_n338090_uncorr_01.ttp: 1154170.0 1.4241834E7 5.1568864E7 66345249 9.873651003151385E7 1.8985815689600427E7 376106
RESULTS FOR heuristics : 24
pla33810_n338090_uncorr_01.ttp: 1154627.0 1.4241377E7 5.1560678E7 66335082 9.889913323011045E7 1.8923964034063548E7 380192
pla33810_n338090_uncorr_01.ttp: 1200427.0 1.4195577E7 5.1680304E7 66298823 9.701416000728782E7 1.966563119759502E7 369662
pla33810_n338090_uncorr_01.ttp: 1181894.0 1.421411E7 5.1590414E7 66303817 9.807097309809744E7 1.9226992877627842E7 375330
pla33810_n338090_uncorr_01.ttp: 1101251.0 1.4294753E7 5.1758082E7 66227737 9.785498700449117E7 1.9465936288517915E7 367279
pla33810_n338090_uncorr_01.ttp: 1171902.0 1.4224102E7 5.1537262E7 66336441 1.003557151229909E8 1.8419876009413E7 383465
pla33810_n338090_uncorr_01.ttp: 884369.0 1.4511635E7 5.2223574E7 66282660 9.750094849911475E7 2.004826099529213E7 382229
pla33810_n338090_uncorr_01.ttp: 1107279.0 1.4288725E7 5.1781288E7 66230428 9.669933048729564E7 1.9870508939192437E7 371700
pla33810_n338090_uncorr_01.ttp: 1152676.0 1.4243328E7 5.1712514E7 66246417 9.762517888458906E7 1.949620496808561E7 372627
pla33810_n338090_uncorr_01.ttp: 1153729.0 1.4242275E7 5.1695935E7 66352114 9.72424735435009E7 1.9605918730644703E7 372474
pla33810_n338090_uncorr_01.ttp: 1385955.0 1.4010049E7 5.0594346E7 66265450 9.67432254374838E7 1.8669081605630342E7 369350
pla33810_n338090_uncorr_01.ttp: 1644371.0 1.3751633E7 5.0615983E7 66331149 9.725749697028938E7 1.8521008999804504E7 381480
pla33810_n338090_uncorr_01.ttp: 1183014.0 1.421299E7 5.16754E7 66421317 9.793096763895872E7 1.935818067914362E7 382773
pla33810_n338090_uncorr_01.ttp: 1107881.0 1.4288123E7 5.17109E7 66356277 9.729374433763643E7 1.9603964368579976E7 367117
pla33810_n338090_uncorr_01.ttp: 876980.0 1.4519024E7 5.2163431E7 66313052 9.828318216448344E7 1.972998088572046E7 379059
pla33810_n338090_uncorr_01.ttp: 1097474.0 1.429853E7 5.1866993E7 66302029 9.712276875596505E7 1.981647931053153E7 372599
pla33810_n338090_uncorr_01.ttp: 1471907.0 1.3924097E7 5.0578957E7 66317912 9.697462171415713E7 1.8577331834328145E7 368090
pla33810_n338090_uncorr_01.ttp: 863448.0 1.4532556E7 5.2216689E7 66318736 9.839687185243097E7 1.974572128869778E7 374958
pla33810_n338090_uncorr_01.ttp: 1167232.0 1.4228772E7 5.1563677E7 66318695 9.859349738674589E7 1.9027822862373855E7 371596
pla33810_n338090_uncorr_01.ttp: 883197.0 1.4512807E7 5.2185728E7 66267948 9.760063891104938E7 1.9977517159353703E7 273889
pla33810_n338090_uncorr_01.ttp: 1191365.0 1.4204639E7 5.1661141E7 66289196 9.773918070095839E7 1.940721136868373E7 387627
pla33810_n338090_uncorr_01.ttp: 1147723.0 1.4248281E7 5.1730105E7 66418807 9.709975198917253E7 1.9687186843573064E7 356794
pla33810_n338090_uncorr_01.ttp: 1108456.0 1.4287548E7 5.1787631E7 66256721 9.706217436240578E7 1.975711346040609E7 358263
pla33810_n338090_uncorr_01.ttp: 1178725.0 1.4217279E7 5.1673696E7 66329692 9.765758492724727E7 1.94466929740084E7 362305
pla33810_n338090_uncorr_01.ttp: 592594.0 1.480341E7 5.2712608E7 66330888 9.845777158143124E7 2.022154337812769E7 350366
pla33810_n338090_uncorr_01.ttp: 1193258.0 1.4202746E7 5.1692423E7 66198357 9.722570203740512E7 1.960794132765631E7 356205
pla33810_n338090_uncorr_01.ttp: 892268.0 1.4503736E7 5.225095E7 66378396 9.760935185456052E7 2.0039863887995027E7 368366
pla33810_n338090_uncorr_01.ttp: 995770.0 1.4400234E7 5.1976171E7 66420300 9.86525172365769E7 1.942084031192962E7 366253
pla33810_n338090_uncorr_01.ttp: 992638.0 1.4403366E7 5.1975672E7 66467587 9.842477286715251E7 1.949549695383967E7 362191
pla33810_n338090_uncorr_01.ttp: 993317.0 1.4402687E7 5.197505E7 66317201 9.827428912905073E7 1.954453458741326E7 351542
pla33810_n338090_uncorr_01.ttp: 1193235.0 1.4202769E7 5.1670681E7 66335093 9.71003789535133E7 1.962755594534061E7 357210
