enter number of instance to run
Enter TTP instance file:
Enter TTP instance file:
Enter TTP instance file:
Enter TTP instance file:
Enter TTP instance file:
Enter TTP instance file:
Instance :pcb3038_n9111_uncorr_01.ttp
RESULTS FOR heuristics : 20
pcb3038_n9111_uncorr_01.ttp: 22091.0 393086.0 1392981.0 140265 201735.27083029688 485172.281263664 15659
pcb3038_n9111_uncorr_01.ttp: 20329.0 394848.0 1395902.0 140205 202834.79724881361 483145.41238033876 14705
pcb3038_n9111_uncorr_01.ttp: 22631.0 392546.0 1400968.0 140240 203865.21796307684 483574.5191661542 14274
pcb3038_n9111_uncorr_01.ttp: 18404.0 396773.0 1398190.0 140175 203007.58907510777 484655.849162015 14592
pcb3038_n9111_uncorr_01.ttp: 19464.0 395713.0 1403763.0 140149 202967.76767089745 490408.04548096145 14535
pcb3038_n9111_uncorr_01.ttp: 20835.0 394342.0 1392501.0 140089 201216.15922889538 487028.2834699708 14410
pcb3038_n9111_uncorr_01.ttp: 20735.0 394442.0 1390782.0 140084 201835.27216204169 482523.27527081245 14283
pcb3038_n9111_uncorr_01.ttp: 19392.0 395785.0 1399590.0 140138 202908.09480296538 486503.5733866558 14607
pcb3038_n9111_uncorr_01.ttp: 19906.0 395271.0 1397554.0 140227 202931.13232253966 484363.90454857156 14097
pcb3038_n9111_uncorr_01.ttp: 19818.0 395359.0 1392649.0 140188 201939.4324932663 483921.5537803017 13820
pcb3038_n9111_uncorr_01.ttp: 20660.0 394517.0 1392985.0 140133 201691.85154218084 485371.6680601862 14632
pcb3038_n9111_uncorr_01.ttp: 20061.0 395116.0 1404375.0 140186 204379.14741162575 484668.8366476841 13874
pcb3038_n9111_uncorr_01.ttp: 21805.0 393372.0 1402752.0 140068 204057.43402622695 484493.54688197875 14111
pcb3038_n9111_uncorr_01.ttp: 21155.0 394022.0 1398475.0 140008 202121.94525962858 488926.24633167137 13977
pcb3038_n9111_uncorr_01.ttp: 18576.0 396601.0 1401553.0 140203 202188.39788145781 491705.20953343983 14193
pcb3038_n9111_uncorr_01.ttp: 21371.0 393806.0 1401339.0 140313 203510.09814806242 485543.55833371915 13929
pcb3038_n9111_uncorr_01.ttp: 24746.0 390431.0 1390727.0 140113 202205.8605050291 480800.6277273691 13899
pcb3038_n9111_uncorr_01.ttp: 15632.0 399545.0 1391913.0 140117 199649.94717298786 493488.2377215547 14010
pcb3038_n9111_uncorr_01.ttp: 25178.0 389999.0 1398996.0 140070 203481.36886569008 483329.8401043946 13728
pcb3038_n9111_uncorr_01.ttp: 20884.0 394293.0 1391736.0 140021 201470.3097198466 485119.60626069026 14359
pcb3038_n9111_uncorr_01.ttp: 21732.0 393445.0 1394222.0 140246 202153.4950046005 484531.2724792978 14179
pcb3038_n9111_uncorr_01.ttp: 24986.0 390191.0 1392383.0 140063 202156.79459555665 482677.4243199951 14306
pcb3038_n9111_uncorr_01.ttp: 21578.0 393599.0 1394635.0 140093 202224.429401446 484625.0676934931 14459
pcb3038_n9111_uncorr_01.ttp: 21658.0 393519.0 1400139.0 140195 204093.41430680206 481718.63561939076 14281
pcb3038_n9111_uncorr_01.ttp: 21177.0 394000.0 1394735.0 140074 202370.28843482333 484068.702043295 14289
pcb3038_n9111_uncorr_01.ttp: 18541.0 396636.0 1395397.0 140225 202858.06074758983 482535.7266358457 14556
pcb3038_n9111_uncorr_01.ttp: 20835.0 394342.0 1393752.0 140101 201636.79421203613 486386.42604583746 14372
pcb3038_n9111_uncorr_01.ttp: 20694.0 394483.0 1404321.0 140280 203937.27048490237 486603.2828179393 13953
pcb3038_n9111_uncorr_01.ttp: 0.0 415177.0 1412928.0 140167 205681.6288978208 487360.6699598064 14197
pcb3038_n9111_uncorr_01.ttp: 22231.0 392946.0 1404307.0 140111 204683.77383968877 483230.0177214005 14158
RESULTS FOR heuristics : 24
pcb3038_n9111_uncorr_01.ttp: 19556.0 395621.0 1402348.0 140234 201863.00760140768 493964.4657936655 575071
pcb3038_n9111_uncorr_01.ttp: 12674.0 402503.0 1386437.0 140296 199351.14482755485 489356.84827600315 578827
pcb3038_n9111_uncorr_01.ttp: 21288.0 393889.0 1398399.0 140127 201234.49959381457 492843.7518278344 579453
pcb3038_n9111_uncorr_01.ttp: 18141.0 397036.0 1406643.0 140183 202974.94150760083 493255.7632157963 576518
pcb3038_n9111_uncorr_01.ttp: 18658.0 396519.0 1405161.0 140094 202781.4234209486 492644.5946057313 586881
pcb3038_n9111_uncorr_01.ttp: 19552.0 395625.0 1405118.0 140044 202006.4370016056 496089.0334927748 577531
pcb3038_n9111_uncorr_01.ttp: 19005.0 396172.0 1400868.0 140230 201591.54320620158 493706.0555720929 575905
pcb3038_n9111_uncorr_01.ttp: 22800.0 392377.0 1403926.0 140119 202009.96256114214 494881.1684748604 577889
pcb3038_n9111_uncorr_01.ttp: 20173.0 395004.0 1406792.0 140077 203447.26168198884 491279.32243105024 575265
pcb3038_n9111_uncorr_01.ttp: 22478.0 392699.0 1401634.0 140234 201609.3456577423 494391.94454015966 575995
pcb3038_n9111_uncorr_01.ttp: 17773.0 397404.0 1403482.0 140182 202229.21735436635 493450.52190535143 576270
pcb3038_n9111_uncorr_01.ttp: 19723.0 395454.0 1401136.0 140041 201728.16218803168 493359.2701538574 575571
pcb3038_n9111_uncorr_01.ttp: 22836.0 392341.0 1403656.0 140157 202452.75263516407 492618.6131417616 586374
pcb3038_n9111_uncorr_01.ttp: 17038.0 398139.0 1405137.0 139984 202138.77922142486 495512.49350358814 576506
pcb3038_n9111_uncorr_01.ttp: 21502.0 393675.0 1406904.0 140099 203022.3436799677 493303.45344014536 577236
pcb3038_n9111_uncorr_01.ttp: 19879.0 395298.0 1396425.0 140158 200774.31652086534 492940.575656106 587802
pcb3038_n9111_uncorr_01.ttp: 11.0 415166.0 1413664.0 140105 204694.09664264641 492540.5651080911 576130
pcb3038_n9111_uncorr_01.ttp: 18473.0 396704.0 1402082.0 140189 202620.3143785676 490290.5852964459 578824
pcb3038_n9111_uncorr_01.ttp: 19370.0 395807.0 1405681.0 140201 202525.23019477093 494317.4641235308 577699
pcb3038_n9111_uncorr_01.ttp: 16162.0 399015.0 1394064.0 140186 199729.27105377195 495282.2802580262 577641
pcb3038_n9111_uncorr_01.ttp: 16903.0 398274.0 1407229.0 140232 202559.53491867942 495711.0928659426 575677
pcb3038_n9111_uncorr_01.ttp: 22399.0 392778.0 1397758.0 139884 201473.66749555554 491126.4962700001 587310
pcb3038_n9111_uncorr_01.ttp: 20055.0 395122.0 1401984.0 140240 202225.50218137345 491969.24018381943 576115
pcb3038_n9111_uncorr_01.ttp: 17959.0 397218.0 1405655.0 140141 201955.18041597353 496856.6881281191 578287
pcb3038_n9111_uncorr_01.ttp: 20456.0 394721.0 1399528.0 140213 202045.76129459616 490322.0741743173 579743
pcb3038_n9111_uncorr_01.ttp: 20929.0 394248.0 1401957.0 140306 202263.98867705552 491769.05095325015 578499
pcb3038_n9111_uncorr_01.ttp: 22676.0 392501.0 1405260.0 140354 202713.52564939173 493049.1345777372 575812
pcb3038_n9111_uncorr_01.ttp: 17641.0 397536.0 1388248.0 140254 198993.3485219373 492777.9316512821 585931
pcb3038_n9111_uncorr_01.ttp: 22550.0 392627.0 1401928.0 140170 201969.9052180176 493063.4265189208 576973
pcb3038_n9111_uncorr_01.ttp: 18520.0 396657.0 1402165.0 140313 201974.7264834653 493278.73082440626 575794
Instance :pcb3038_n9111_uncorr-similar-weights_01.ttp
RESULTS FOR heuristics : 20
pcb3038_n9111_uncorr-similar-weights_01.ttp: 364.0 831630.0 715854.0 140008 193032.9148241996 310484.8788691808 9268
pcb3038_n9111_uncorr-similar-weights_01.ttp: 309.0 831685.0 715633.0 140156 190244.1072689012 316120.3747353075 9516
pcb3038_n9111_uncorr-similar-weights_01.ttp: 394.0 831600.0 713078.0 140189 193062.82070229438 307646.07652518176 10043
pcb3038_n9111_uncorr-similar-weights_01.ttp: 406.0 831588.0 715418.0 140082 193558.08364118577 308946.0243535099 9466
pcb3038_n9111_uncorr-similar-weights_01.ttp: 370.0 831624.0 716944.0 140288 194707.7480767155 308057.72903889744 9228
pcb3038_n9111_uncorr-similar-weights_01.ttp: 367.0 831627.0 717184.0 140089 190577.8625270917 316970.48869310744 9470
pcb3038_n9111_uncorr-similar-weights_01.ttp: 252.0 831742.0 718715.0 140217 190850.59747804012 317928.74529611575 9945
pcb3038_n9111_uncorr-similar-weights_01.ttp: 212.0 831782.0 717673.0 140218 191376.30285679063 315782.76400073967 9654
pcb3038_n9111_uncorr-similar-weights_01.ttp: 400.0 831594.0 713872.0 140296 193167.9237226773 308219.3601823776 10192
pcb3038_n9111_uncorr-similar-weights_01.ttp: 307.0 831687.0 718414.0 140214 191142.30398503362 317015.1616314294 10482
pcb3038_n9111_uncorr-similar-weights_01.ttp: 298.0 831696.0 722999.0 140205 190013.726240764 323970.1748943956 9555
pcb3038_n9111_uncorr-similar-weights_01.ttp: 261.0 831733.0 718615.0 140260 191010.15415135204 317493.6762821607 10131
pcb3038_n9111_uncorr-similar-weights_01.ttp: 392.0 831602.0 714330.0 140342 193345.29907213102 308304.87194852484 10490
pcb3038_n9111_uncorr-similar-weights_01.ttp: 309.0 831685.0 719524.0 140207 191581.94784669357 317201.9095219435 9874
pcb3038_n9111_uncorr-similar-weights_01.ttp: 249.0 831745.0 719794.0 140274 191731.922591034 317156.9625588286 10384
pcb3038_n9111_uncorr-similar-weights_01.ttp: 273.0 831721.0 715709.0 140220 190762.11132057203 315108.5662267987 9359
pcb3038_n9111_uncorr-similar-weights_01.ttp: 328.0 831666.0 717316.0 140412 191931.68263616873 314259.46646404563 9533
pcb3038_n9111_uncorr-similar-weights_01.ttp: 330.0 831664.0 719299.0 140327 194236.33645960712 311402.69343482505 9921
pcb3038_n9111_uncorr-similar-weights_01.ttp: 230.0 831764.0 720705.0 140353 190718.99958405943 320195.1008734752 10364
pcb3038_n9111_uncorr-similar-weights_01.ttp: 191.0 831803.0 722771.0 140199 191157.84177007157 321339.5322828497 9671
pcb3038_n9111_uncorr-similar-weights_01.ttp: 293.0 831701.0 720624.0 140250 191912.2326438707 317608.3114478715 9136
pcb3038_n9111_uncorr-similar-weights_01.ttp: 309.0 831685.0 715656.0 140303 193463.29011714045 309383.090754005 9856
pcb3038_n9111_uncorr-similar-weights_01.ttp: 412.0 831582.0 716399.0 140086 194692.11533919084 307545.5577876992 9001
pcb3038_n9111_uncorr-similar-weights_01.ttp: 312.0 831682.0 722926.0 140231 191263.5570781509 321272.53013588313 9533
pcb3038_n9111_uncorr-similar-weights_01.ttp: 257.0 831737.0 719809.0 140376 192819.96106710722 314887.0817590748 9521
pcb3038_n9111_uncorr-similar-weights_01.ttp: 193.0 831801.0 716767.0 140125 190137.62905601793 317477.9789823623 9866
pcb3038_n9111_uncorr-similar-weights_01.ttp: 412.0 831582.0 713535.0 140137 192779.83635880597 308697.3436465074 9655
pcb3038_n9111_uncorr-similar-weights_01.ttp: 319.0 831675.0 716862.0 139969 193803.52028806388 309874.60739506583 10380
pcb3038_n9111_uncorr-similar-weights_01.ttp: 283.0 831711.0 715736.0 139938 189077.3813739761 318673.4991146502 9960
pcb3038_n9111_uncorr-similar-weights_01.ttp: 347.0 831647.0 720092.0 140322 191065.8809880612 318853.64992507146 9599
RESULTS FOR heuristics : 24
pcb3038_n9111_uncorr-similar-weights_01.ttp: 282.0 831712.0 720965.0 140185 189685.07152355934 322626.34980052535 585954
pcb3038_n9111_uncorr-similar-weights_01.ttp: 348.0 831646.0 722522.0 140183 190153.25754878877 323200.1591475436 586348
pcb3038_n9111_uncorr-similar-weights_01.ttp: 274.0 831720.0 719958.0 140065 189662.99577933745 321665.70886339137 584432
pcb3038_n9111_uncorr-similar-weights_01.ttp: 326.0 831668.0 721052.0 140164 189841.38596651243 322385.0894703239 587706
pcb3038_n9111_uncorr-similar-weights_01.ttp: 205.0 831789.0 720934.0 140279 189868.2208637192 322210.73618618964 589999
pcb3038_n9111_uncorr-similar-weights_01.ttp: 270.0 831724.0 721549.0 140161 190648.7265763778 321186.67418960657 585244
pcb3038_n9111_uncorr-similar-weights_01.ttp: 271.0 831723.0 723504.0 140253 190886.88668521593 322641.53796104656 588561
pcb3038_n9111_uncorr-similar-weights_01.ttp: 306.0 831688.0 723204.0 140366 190860.7108746223 322396.50716329314 585113
pcb3038_n9111_uncorr-similar-weights_01.ttp: 329.0 831665.0 722257.0 140121 190595.98802016999 322005.42515764304 588165
pcb3038_n9111_uncorr-similar-weights_01.ttp: 314.0 831680.0 720981.0 140279 189878.2200709671 322236.7378509691 591831
pcb3038_n9111_uncorr-similar-weights_01.ttp: 211.0 831783.0 719597.0 140115 189288.81824764208 322090.4816799516 584785
pcb3038_n9111_uncorr-similar-weights_01.ttp: 228.0 831766.0 720816.0 140118 190214.94906138338 321364.6069710949 587616
pcb3038_n9111_uncorr-similar-weights_01.ttp: 264.0 831730.0 721382.0 140249 189741.117466764 322925.65331979556 586830
pcb3038_n9111_uncorr-similar-weights_01.ttp: 214.0 831780.0 720704.0 140042 189923.66887899514 321864.2953541102 586486
pcb3038_n9111_uncorr-similar-weights_01.ttp: 337.0 831657.0 720053.0 140226 189790.73166657152 321492.4635001998 591099
pcb3038_n9111_uncorr-similar-weights_01.ttp: 260.0 831734.0 719707.0 140097 189547.60469351948 321657.0301436091 590530
pcb3038_n9111_uncorr-similar-weights_01.ttp: 305.0 831689.0 722980.0 140085 190579.888747498 322762.2336302542 585331
pcb3038_n9111_uncorr-similar-weights_01.ttp: 202.0 831792.0 719207.0 140134 189519.66074613747 321215.71243311133 586235
pcb3038_n9111_uncorr-similar-weights_01.ttp: 234.0 831760.0 721634.0 140166 190024.4945710546 322582.56140078534 591334
pcb3038_n9111_uncorr-similar-weights_01.ttp: 300.0 831694.0 719960.0 140203 189823.67030751216 321330.2923542244 588581
pcb3038_n9111_uncorr-similar-weights_01.ttp: 329.0 831665.0 719980.0 140187 189096.49593311496 322877.35854045855 585679
pcb3038_n9111_uncorr-similar-weights_01.ttp: 355.0 831639.0 720864.0 140143 189563.10892957193 322781.47124789894 590657
pcb3038_n9111_uncorr-similar-weights_01.ttp: 306.0 831688.0 720119.0 140097 189357.8626493098 322467.48843644944 586499
pcb3038_n9111_uncorr-similar-weights_01.ttp: 295.0 831699.0 719614.0 140239 189591.83991224645 321471.1361842824 585616
pcb3038_n9111_uncorr-similar-weights_01.ttp: 346.0 831648.0 720420.0 140163 189657.39524018622 322139.4699956089 588395
pcb3038_n9111_uncorr-similar-weights_01.ttp: 307.0 831687.0 717908.0 140055 188034.95024334578 323034.60448897386 586697
pcb3038_n9111_uncorr-similar-weights_01.ttp: 338.0 831656.0 723719.0 140157 191224.4938772574 322147.5628577595 591102
pcb3038_n9111_uncorr-similar-weights_01.ttp: 277.0 831717.0 723223.0 140278 191023.09621527768 322074.49794791685 589818
pcb3038_n9111_uncorr-similar-weights_01.ttp: 235.0 831759.0 720965.0 140088 190437.39061614635 321046.4797060926 586802
pcb3038_n9111_uncorr-similar-weights_01.ttp: 273.0 831721.0 719278.0 140147 189562.29403559465 321197.18252525124 590394
Instance :pcb3038_n9111_bounded-strongly-corr_01.ttp
RESULTS FOR heuristics : 20
pcb3038_n9111_bounded-strongly-corr_01.ttp: 0.0 783064.0 1187864.0 140213 179032.87476634877 507539.0758878747 11380
pcb3038_n9111_bounded-strongly-corr_01.ttp: 43.0 783021.0 1175121.0 140058 177004.6719105461 502503.24673992477 11463
pcb3038_n9111_bounded-strongly-corr_01.ttp: 29.0 783035.0 1181535.0 140053 177932.92602389323 505389.8811092058 10495
pcb3038_n9111_bounded-strongly-corr_01.ttp: 34.0 783030.0 1178730.0 140259 176885.94768590134 506563.398793575 10524
pcb3038_n9111_bounded-strongly-corr_01.ttp: 10.0 783054.0 1183754.0 140021 177582.74830558404 508939.5564387806 11379
pcb3038_n9111_bounded-strongly-corr_01.ttp: 53.0 783011.0 1187111.0 140349 179378.1810396772 505473.9120492267 10649
pcb3038_n9111_bounded-strongly-corr_01.ttp: 53.0 783011.0 1183511.0 140241 177181.16521618987 510222.5721784786 10242
pcb3038_n9111_bounded-strongly-corr_01.ttp: 18.0 783046.0 1185846.0 140308 178086.2273447136 509118.33609008836 11778
pcb3038_n9111_bounded-strongly-corr_01.ttp: 18.0 783046.0 1186146.0 140208 178190.95556583288 509020.3688498351 12111
pcb3038_n9111_bounded-strongly-corr_01.ttp: 22.0 783042.0 1191942.0 140276 179083.3024534421 511425.45067692 11268
pcb3038_n9111_bounded-strongly-corr_01.ttp: 41.0 783023.0 1187723.0 140410 179335.71299682214 506247.29061207594 11365
pcb3038_n9111_bounded-strongly-corr_01.ttp: 62.0 783002.0 1188502.0 140181 179353.19631837422 506959.853990178 10618
pcb3038_n9111_bounded-strongly-corr_01.ttp: 70.0 782994.0 1182994.0 140044 177841.48200505128 507196.3683808051 10567
pcb3038_n9111_bounded-strongly-corr_01.ttp: 1.0 783063.0 1192563.0 140326 180265.008846253 507555.96638423856 11226
pcb3038_n9111_bounded-strongly-corr_01.ttp: 52.0 783012.0 1190112.0 140215 179712.16080156437 507205.7889540554 10974
pcb3038_n9111_bounded-strongly-corr_01.ttp: 4.0 783060.0 1190260.0 140193 179545.14295173835 507988.45678339433 10977
pcb3038_n9111_bounded-strongly-corr_01.ttp: 8.0 783056.0 1192256.0 140213 180261.5631240501 507262.06012860965 10617
pcb3038_n9111_bounded-strongly-corr_01.ttp: 30.0 783034.0 1196634.0 140039 179848.47755700364 513209.78528338624 10467
pcb3038_n9111_bounded-strongly-corr_01.ttp: 37.0 783027.0 1189427.0 140153 177922.68384361046 513320.8013942803 10510
pcb3038_n9111_bounded-strongly-corr_01.ttp: 11.0 783053.0 1180153.0 140232 176305.4436710413 510192.314050043 10694
pcb3038_n9111_bounded-strongly-corr_01.ttp: 5.0 783059.0 1183159.0 140249 178706.62851606452 504073.8116389549 10220
pcb3038_n9111_bounded-strongly-corr_01.ttp: 3.0 783061.0 1191161.0 140027 179853.7018562548 507716.9329462318 11203
pcb3038_n9111_bounded-strongly-corr_01.ttp: 38.0 783026.0 1180426.0 140229 177763.3864670811 504925.1314250919 11161
pcb3038_n9111_bounded-strongly-corr_01.ttp: 10.0 783054.0 1190154.0 140193 180232.52371878573 505270.4098686143 11592
pcb3038_n9111_bounded-strongly-corr_01.ttp: 16.0 783048.0 1180948.0 140111 178753.93768619816 501683.036792447 10658
pcb3038_n9111_bounded-strongly-corr_01.ttp: 11.0 783053.0 1190753.0 140086 178649.21436870325 511885.9853989277 12061
pcb3038_n9111_bounded-strongly-corr_01.ttp: 35.0 783029.0 1192329.0 139979 180154.5475339201 507741.7193711037 11324
pcb3038_n9111_bounded-strongly-corr_01.ttp: 5.0 783059.0 1192359.0 140346 179361.7832832606 510784.2235236098 11314
pcb3038_n9111_bounded-strongly-corr_01.ttp: 81.0 782983.0 1184283.0 140373 178125.76201815868 507405.104330997 11349
pcb3038_n9111_bounded-strongly-corr_01.ttp: 11.0 783053.0 1183453.0 140090 177927.56015730198 507328.2714022525 10466
RESULTS FOR heuristics : 24
pcb3038_n9111_bounded-strongly-corr_01.ttp: 11.0 783053.0 1193853.0 140203 178990.28894880303 513689.9019945485 583082
pcb3038_n9111_bounded-strongly-corr_01.ttp: 18.0 783046.0 1195546.0 140068 179549.99403471366 513256.0226680881 589470
pcb3038_n9111_bounded-strongly-corr_01.ttp: 19.0 783045.0 1193445.0 140222 178789.66361600716 514044.2782591728 584973
pcb3038_n9111_bounded-strongly-corr_01.ttp: 19.0 783045.0 1195445.0 140401 179618.65169537585 512894.1235575718 584398
pcb3038_n9111_bounded-strongly-corr_01.ttp: 22.0 783042.0 1200142.0 140136 180741.62517312597 513323.82434212137 583244
pcb3038_n9111_bounded-strongly-corr_01.ttp: 12.0 783052.0 1195352.0 140227 179759.9019619945 512264.3725444209 587954
pcb3038_n9111_bounded-strongly-corr_01.ttp: 5.0 783059.0 1194359.0 140085 179165.3931220162 513530.50613633846 588820
pcb3038_n9111_bounded-strongly-corr_01.ttp: 6.0 783058.0 1194358.0 140282 179465.43642827365 512389.34157256014 590601
pcb3038_n9111_bounded-strongly-corr_01.ttp: 4.0 783060.0 1198660.0 140123 180324.40450882495 513427.26286646526 581488
pcb3038_n9111_bounded-strongly-corr_01.ttp: 55.0 783009.0 1186009.0 140065 177330.13627370822 512154.48215990874 584144
pcb3038_n9111_bounded-strongly-corr_01.ttp: 6.0 783058.0 1187658.0 140022 177586.99448202737 512827.420968296 589432
pcb3038_n9111_bounded-strongly-corr_01.ttp: 5.0 783059.0 1190559.0 140186 178162.17271412327 513542.74368633155 584708
pcb3038_n9111_bounded-strongly-corr_01.ttp: 21.0 783043.0 1189343.0 140383 178119.30174890556 512489.65335415886 583575
pcb3038_n9111_bounded-strongly-corr_01.ttp: 18.0 783046.0 1187146.0 139956 177307.25126521496 513378.44519218314 589193
pcb3038_n9111_bounded-strongly-corr_01.ttp: 75.0 782989.0 1194689.0 139914 179053.6538439657 514285.11539293034 581994
pcb3038_n9111_bounded-strongly-corr_01.ttp: 2.0 783062.0 1186662.0 140261 177302.77080580575 512911.4709379382 587251
pcb3038_n9111_bounded-strongly-corr_01.ttp: 12.0 783052.0 1196352.0 140082 179570.60192417787 513983.71268812416 587743
pcb3038_n9111_bounded-strongly-corr_01.ttp: 0.0 783064.0 1194864.0 139988 179429.59539134635 513031.5375128839 582818
pcb3038_n9111_bounded-strongly-corr_01.ttp: 47.0 783017.0 1185117.0 140243 176917.23015208484 512831.5254220776 586079
pcb3038_n9111_bounded-strongly-corr_01.ttp: 17.0 783047.0 1194847.0 140163 179368.72417803734 513245.8481234581 583102
pcb3038_n9111_bounded-strongly-corr_01.ttp: 1.0 783063.0 1184963.0 140107 177022.13025388826 512278.9050352246 582468
pcb3038_n9111_bounded-strongly-corr_01.ttp: 43.0 783021.0 1192421.0 140221 178870.94169243553 512711.42156874505 586833
pcb3038_n9111_bounded-strongly-corr_01.ttp: 7.0 783057.0 1198757.0 140394 180106.19516033735 514353.4583907181 588449
pcb3038_n9111_bounded-strongly-corr_01.ttp: 51.0 783013.0 1194013.0 140155 179242.2767043324 512892.3485235368 583698
pcb3038_n9111_bounded-strongly-corr_01.ttp: 17.0 783047.0 1193347.0 140266 179128.21576701396 512659.780085347 583965
pcb3038_n9111_bounded-strongly-corr_01.ttp: 58.0 783006.0 1197406.0 140114 179740.9436746515 514390.41403632436 584873
pcb3038_n9111_bounded-strongly-corr_01.ttp: 8.0 783056.0 1194756.0 140219 179364.84264160172 513169.59796191356 591078
pcb3038_n9111_bounded-strongly-corr_01.ttp: 1.0 783063.0 1189863.0 140178 178280.3451874687 512397.68828761904 582554
pcb3038_n9111_bounded-strongly-corr_01.ttp: 1.0 783063.0 1198063.0 140094 179886.97332901906 514492.5013497276 582368
pcb3038_n9111_bounded-strongly-corr_01.ttp: 11.0 783053.0 1193753.0 140245 179302.16807052254 512404.76133201434 586735
Instance :rat783_n782_uncorr_01.ttp
RESULTS FOR heuristics : 20
rat783_n782_uncorr_01.ttp: 2259.0 32933.0 108069.0 9271 13079.187453686216 32340.504643156804 1540
rat783_n782_uncorr_01.ttp: 25.0 35167.0 111625.0 9264 13454.83458941213 33721.50772730376 1554
rat783_n782_uncorr_01.ttp: 1558.0 33634.0 109771.0 9255 13111.185830872097 33857.23403925056 1634
rat783_n782_uncorr_01.ttp: 2448.0 32744.0 109515.0 9281 13161.083866184357 33312.32441479257 1598
rat783_n782_uncorr_01.ttp: 1961.0 33231.0 110927.0 9254 12975.01816150764 35801.64484487077 1428
rat783_n782_uncorr_01.ttp: 1418.0 33774.0 109377.0 9258 13093.231277415049 33567.19090376687 1440
rat783_n782_uncorr_01.ttp: 2242.0 32950.0 110139.0 9249 13038.240264657465 34647.58886763328 1439
rat783_n782_uncorr_01.ttp: 10.0 35182.0 111514.0 9257 13386.905491583555 34003.81720373122 1435
rat783_n782_uncorr_01.ttp: 2440.0 32752.0 111827.0 9256 13228.295489264377 35235.169117159254 1435
rat783_n782_uncorr_01.ttp: 2444.0 32748.0 112224.0 9253 13669.953349750602 33074.97010494402 1490
rat783_n782_uncorr_01.ttp: 1116.0 34076.0 108885.0 9276 12745.932351746462 35086.05168338798 1497
rat783_n782_uncorr_01.ttp: 2330.0 32862.0 111314.0 9250 13140.696275473827 35229.368565006545 1518
rat783_n782_uncorr_01.ttp: 2615.0 32577.0 111672.0 9256 13523.611018269448 33370.29220421989 1426
rat783_n782_uncorr_01.ttp: 2292.0 32900.0 111079.0 9264 13256.700685658267 34322.70303003864 1388
rat783_n782_uncorr_01.ttp: 1.0 35191.0 111679.0 9245 13214.492455157028 35167.08868464081 1482
rat783_n782_uncorr_01.ttp: 1146.0 34046.0 109345.0 9264 13065.366732832712 33696.5266168986 1541
rat783_n782_uncorr_01.ttp: 2552.0 32640.0 109413.0 9262 12908.324652842453 34673.80026004219 1453
rat783_n782_uncorr_01.ttp: 1725.0 33467.0 108888.0 9261 12894.98077893765 34226.061289951 1520
rat783_n782_uncorr_01.ttp: 2644.0 32548.0 110588.0 9269 12974.324354076574 35466.66198989663 1561
rat783_n782_uncorr_01.ttp: 1989.0 33203.0 111847.0 9253 13406.359947151468 34224.175905993005 1465
rat783_n782_uncorr_01.ttp: 2560.0 32632.0 110439.0 9257 13191.130502658887 34062.35438960504 1515
rat783_n782_uncorr_01.ttp: 2527.0 32665.0 110167.0 9253 13170.051427235498 33912.40223630647 1441
rat783_n782_uncorr_01.ttp: 2252.0 32940.0 112365.0 9273 13323.844652795528 35219.93946031389 1554
rat783_n782_uncorr_01.ttp: 2097.0 33095.0 110402.0 9257 13043.559820312785 34879.78864038897 1516
rat783_n782_uncorr_01.ttp: 2556.0 32636.0 108268.0 9249 13034.939372533103 32795.70103303333 1570
rat783_n782_uncorr_01.ttp: 2482.0 32710.0 112165.0 9257 13399.830475140121 34579.9815489387 1505
rat783_n782_uncorr_01.ttp: 1404.0 33788.0 110454.0 9248 13007.023390883243 35143.33456678603 1497
rat783_n782_uncorr_01.ttp: 1020.0 34172.0 108395.0 9254 13024.687286467286 32982.06061135442 1498
rat783_n782_uncorr_01.ttp: 3137.0 32055.0 110341.0 9271 13365.987488734429 32951.932440227654 1510
rat783_n782_uncorr_01.ttp: 1428.0 33764.0 109480.0 9246 12919.122617561192 34678.280044320694 1472
RESULTS FOR heuristics : 24
rat783_n782_uncorr_01.ttp: 210.0 34982.0 111370.0 9259 13004.588238695373 36073.434097953796 598487
rat783_n782_uncorr_01.ttp: 1886.0 33306.0 111852.0 9260 13096.483121031042 36023.36272923027 598613
rat783_n782_uncorr_01.ttp: 2694.0 32498.0 111852.0 9256 13103.297789536275 35983.905798584965 597425
rat783_n782_uncorr_01.ttp: 2611.0 32581.0 112313.0 9258 13186.194802533846 35964.93209332903 597691
rat783_n782_uncorr_01.ttp: 2161.0 33031.0 112161.0 9255 13109.757873167384 36255.50191436085 597679
rat783_n782_uncorr_01.ttp: 1214.0 33978.0 111275.0 9254 13025.375725904596 35858.074547012395 598518
rat783_n782_uncorr_01.ttp: 2611.0 32581.0 112313.0 9258 13186.149756245679 35965.19291133752 597873
rat783_n782_uncorr_01.ttp: 2165.0 33027.0 112372.0 9272 13197.599041932288 35957.90154721205 598485
rat783_n782_uncorr_01.ttp: 1557.0 33635.0 111154.0 9255 12962.705052382258 36099.937746706724 597920
rat783_n782_uncorr_01.ttp: 2581.0 32611.0 112392.0 9256 13136.515914349346 36331.572855917286 598814
rat783_n782_uncorr_01.ttp: 2526.0 32666.0 111292.0 9255 12983.609439977978 36116.901342527504 597607
rat783_n782_uncorr_01.ttp: 2694.0 32498.0 111852.0 9256 13103.40712260434 35983.272760120875 598119
rat783_n782_uncorr_01.ttp: 2471.0 32721.0 110781.0 9254 12947.618303054205 35814.29002531615 598274
rat783_n782_uncorr_01.ttp: 2611.0 32581.0 112313.0 9258 13186.175697894436 35965.04270919121 598723
rat783_n782_uncorr_01.ttp: 2662.0 32530.0 112091.0 9259 13122.610112817089 36111.08744678905 597934
rat783_n782_uncorr_01.ttp: 2259.0 32933.0 111490.0 9253 13034.897054189023 36017.94605624555 598937
rat783_n782_uncorr_01.ttp: 2310.0 32882.0 111744.0 9256 13053.891890030018 36161.9659567262 597860
rat783_n782_uncorr_01.ttp: 2374.0 32818.0 112077.0 9263 13100.107428872043 36227.37798683088 598521
rat783_n782_uncorr_01.ttp: 2258.0 32934.0 111885.0 9255 13104.718452722296 36008.6801587379 598763
rat783_n782_uncorr_01.ttp: 1557.0 33635.0 111154.0 9255 12960.424091811497 36113.144508411424 597788
rat783_n782_uncorr_01.ttp: 1886.0 33306.0 111852.0 9258 13096.686453426717 36022.1854346593 598304
rat783_n782_uncorr_01.ttp: 2223.0 32969.0 112056.0 9260 13097.621912114006 36220.7691288599 597731
rat783_n782_uncorr_01.ttp: 2310.0 32882.0 111744.0 9255 13070.442053433568 36066.14051061965 598727
rat783_n782_uncorr_01.ttp: 2505.0 32687.0 111538.0 9259 13062.127676789733 35908.28075138744 597933
rat783_n782_uncorr_01.ttp: 2544.0 32648.0 112164.0 9258 13104.7087978191 36287.736060627416 598455
rat783_n782_uncorr_01.ttp: 2397.0 32795.0 111480.0 9278 13041.005246840354 35972.57962079435 598053
rat783_n782_uncorr_01.ttp: 1881.0 33311.0 111124.0 9265 12984.06024959819 35946.29115482648 597950
rat783_n782_uncorr_01.ttp: 2146.0 33046.0 111987.0 9252 13111.25409271653 36072.8388031713 597721
rat783_n782_uncorr_01.ttp: 2141.0 33051.0 112420.0 9254 13192.592543243883 36034.889174617914 598530
rat783_n782_uncorr_01.ttp: 1557.0 33635.0 111154.0 9255 12962.644545545574 36100.28808129113 598502
Instance :rat783_n782_uncorr-similar-weights_01.ttp
RESULTS FOR heuristics : 20
rat783_n782_uncorr-similar-weights_01.ttp: 82.0 71331.0 60897.0 9256 12460.369446719704 27254.002493856795 1023
rat783_n782_uncorr-similar-weights_01.ttp: 82.0 71331.0 60516.0 9262 13004.545684801858 25403.72665103498 1090
rat783_n782_uncorr-similar-weights_01.ttp: 99.0 71314.0 62095.0 9245 12739.993346184725 27697.01796530124 992
rat783_n782_uncorr-similar-weights_01.ttp: 79.0 71334.0 60855.0 9251 12950.097179146092 25889.737616305545 1071
rat783_n782_uncorr-similar-weights_01.ttp: 104.0 71309.0 61303.0 9261 12963.691055989222 26301.0341488291 1079
rat783_n782_uncorr-similar-weights_01.ttp: 81.0 71332.0 60913.0 9260 12563.813899055347 26990.70247255056 1022
rat783_n782_uncorr-similar-weights_01.ttp: 120.0 71293.0 61115.0 9257 12926.986589646118 26212.136207955482 1021
rat783_n782_uncorr-similar-weights_01.ttp: 109.0 71304.0 61999.0 9254 12982.32316990311 26946.727441261603 1075
rat783_n782_uncorr-similar-weights_01.ttp: 109.0 71304.0 61181.0 9258 12944.107757053465 26231.909055955643 1022
rat783_n782_uncorr-similar-weights_01.ttp: 103.0 71310.0 61837.0 9251 12813.385124454082 27240.86016397398 1015
rat783_n782_uncorr-similar-weights_01.ttp: 108.0 71305.0 62269.0 9252 12814.517550265768 27669.802614282424 1040
rat783_n782_uncorr-similar-weights_01.ttp: 98.0 71315.0 61775.0 9245 12807.07514882502 27195.89709817244 991
rat783_n782_uncorr-similar-weights_01.ttp: 78.0 71335.0 60174.0 9252 12406.433703308594 26676.629001066794 1033
rat783_n782_uncorr-similar-weights_01.ttp: 84.0 71329.0 60931.0 9253 12949.042436122652 25968.585422468837 1054
rat783_n782_uncorr-similar-weights_01.ttp: 76.0 71337.0 60788.0 9247 12989.629938175143 25715.99916692711 1052
rat783_n782_uncorr-similar-weights_01.ttp: 114.0 71299.0 61238.0 9264 12892.618287909047 26427.930622645574 1074
rat783_n782_uncorr-similar-weights_01.ttp: 85.0 71328.0 60240.0 9257 12456.595000553823 26607.193498504676 1019
rat783_n782_uncorr-similar-weights_01.ttp: 81.0 71332.0 61422.0 9251 13026.829605190485 26249.560065985686 1034
rat783_n782_uncorr-similar-weights_01.ttp: 93.0 71320.0 60124.0 9259 12510.1280465417 26346.65427433741 1060
rat783_n782_uncorr-similar-weights_01.ttp: 78.0 71335.0 61904.0 9256 13008.057386224846 26782.245057192915 1117
rat783_n782_uncorr-similar-weights_01.ttp: 89.0 71324.0 60542.0 9245 12972.610206168703 25515.952443344497 1094
rat783_n782_uncorr-similar-weights_01.ttp: 81.0 71332.0 60913.0 9260 12563.813899055347 26990.70247255056 1130
rat783_n782_uncorr-similar-weights_01.ttp: 80.0 71333.0 62230.0 9248 12622.945063197583 28148.048329366524 1001
rat783_n782_uncorr-similar-weights_01.ttp: 87.0 71326.0 61407.0 9249 12977.485530536924 26367.7890675503 1012
rat783_n782_uncorr-similar-weights_01.ttp: 112.0 71301.0 61240.0 9252 12928.554440371416 26332.90301099717 1089
rat783_n782_uncorr-similar-weights_01.ttp: 98.0 71315.0 60720.0 9254 12744.25660482297 26310.50716697798 1039
rat783_n782_uncorr-similar-weights_01.ttp: 77.0 71336.0 60269.0 9252 12826.570055155207 25637.260851080937 1090
rat783_n782_uncorr-similar-weights_01.ttp: 92.0 71321.0 60474.0 9247 12965.34153403521 25467.57785810493 1017
rat783_n782_uncorr-similar-weights_01.ttp: 90.0 71323.0 60746.0 9256 12789.63885730972 26213.97508526376 1063
rat783_n782_uncorr-similar-weights_01.ttp: 78.0 71335.0 60203.0 9263 12368.073445384332 26809.201697462297 1144
RESULTS FOR heuristics : 24
rat783_n782_uncorr-similar-weights_01.ttp: 93.0 71320.0 62377.0 9265 12658.419828431553 28199.266463234802 598481
rat783_n782_uncorr-similar-weights_01.ttp: 84.0 71329.0 62382.0 9251 12644.815181210302 28240.99901073218 598785
rat783_n782_uncorr-similar-weights_01.ttp: 85.0 71328.0 62208.0 9260 12538.008348358091 28355.377459433155 599037
rat783_n782_uncorr-similar-weights_01.ttp: 84.0 71329.0 62346.0 9270 12655.656509292481 28175.7274249103 599265
rat783_n782_uncorr-similar-weights_01.ttp: 95.0 71318.0 62662.0 9254 12760.341380064632 28209.078273825493 598656
rat783_n782_uncorr-similar-weights_01.ttp: 84.0 71329.0 62346.0 9273 12654.465105172008 28178.944216035576 599179
rat783_n782_uncorr-similar-weights_01.ttp: 93.0 71320.0 62377.0 9265 12658.134762039488 28200.03614249338 598942
rat783_n782_uncorr-similar-weights_01.ttp: 93.0 71320.0 62377.0 9266 12658.431341873615 28199.235376941237 598442
rat783_n782_uncorr-similar-weights_01.ttp: 87.0 71326.0 62246.0 9253 12575.278023140678 28292.749337520167 599233
rat783_n782_uncorr-similar-weights_01.ttp: 95.0 71318.0 62662.0 9252 12756.4915827234 28219.472726646818 598604
rat783_n782_uncorr-similar-weights_01.ttp: 101.0 71312.0 62381.0 9252 12662.460328352809 28192.35711344741 598652
rat783_n782_uncorr-similar-weights_01.ttp: 76.0 71337.0 62314.0 9254 12637.737526209663 28192.108679233905 598842
rat783_n782_uncorr-similar-weights_01.ttp: 84.0 71329.0 62346.0 9270 12655.453880741581 28176.27452199773 598551
rat783_n782_uncorr-similar-weights_01.ttp: 89.0 71324.0 62378.0 9261 12611.727411267975 28326.335989576466 598510
rat783_n782_uncorr-similar-weights_01.ttp: 84.0 71329.0 62382.0 9253 12647.028842875867 28235.022124235154 598780
rat783_n782_uncorr-similar-weights_01.ttp: 80.0 71333.0 62161.0 9259 12580.142715499978 28194.614668150054 599027
rat783_n782_uncorr-similar-weights_01.ttp: 95.0 71318.0 62373.0 9264 12656.377380902717 28200.781071562662 598853
rat783_n782_uncorr-similar-weights_01.ttp: 95.0 71318.0 62373.0 9270 12654.688736685215 28205.340410949917 599139
rat783_n782_uncorr-similar-weights_01.ttp: 80.0 71333.0 62230.0 9248 12622.82505762992 28148.372344399213 599163
rat783_n782_uncorr-similar-weights_01.ttp: 93.0 71320.0 62377.0 9267 12660.419828431553 28193.8664632348 599156
rat783_n782_uncorr-similar-weights_01.ttp: 84.0 71329.0 62346.0 9271 12656.755569640978 28172.759961969357 599128
rat783_n782_uncorr-similar-weights_01.ttp: 95.0 71318.0 62801.0 9253 12737.24654788854 28410.434320700937 598454
rat783_n782_uncorr-similar-weights_01.ttp: 100.0 71313.0 62724.0 9252 12718.279942247344 28384.64415593217 598481
rat783_n782_uncorr-similar-weights_01.ttp: 84.0 71329.0 62382.0 9251 12644.8151812103 28240.999010732186 599228
rat783_n782_uncorr-similar-weights_01.ttp: 78.0 71335.0 62161.0 9274 12473.93441190095 28481.377087867433 598952
rat783_n782_uncorr-similar-weights_01.ttp: 84.0 71329.0 62382.0 9251 12645.028842875867 28240.422124235156 599024
rat783_n782_uncorr-similar-weights_01.ttp: 93.0 71320.0 62377.0 9266 12658.71640826568 28198.46569768266 599246
rat783_n782_uncorr-similar-weights_01.ttp: 77.0 71336.0 62508.0 9266 12706.753179861405 28199.7664143742 598757
rat783_n782_uncorr-similar-weights_01.ttp: 95.0 71318.0 62373.0 9271 12655.795095020472 28202.353243444726 598855
rat783_n782_uncorr-similar-weights_01.ttp: 84.0 71329.0 62382.0 9253 12647.028842875867 28235.022124235154 598988
Instance :rat783_n782_bounded-strongly-corr_01.ttp
RESULTS FOR heuristics : 20
rat783_n782_bounded-strongly-corr_01.ttp: 106.0 69157.0 104457.0 9257 11849.10677832596 40353.332329256555 1314
rat783_n782_bounded-strongly-corr_01.ttp: 34.0 69229.0 106329.0 9249 12094.632150180325 40897.04006752444 1458
rat783_n782_bounded-strongly-corr_01.ttp: 18.0 69245.0 105445.0 9256 12061.892785415841 40190.1600309003 1410
rat783_n782_bounded-strongly-corr_01.ttp: 18.0 69245.0 105445.0 9257 12055.215893432412 40226.28201653065 1434
rat783_n782_bounded-strongly-corr_01.ttp: 88.0 69175.0 105875.0 9248 12054.516336425948 40660.06661993562 1363
rat783_n782_bounded-strongly-corr_01.ttp: 61.0 69202.0 104302.0 9275 11930.331799452933 39758.90496495963 1484
rat783_n782_bounded-strongly-corr_01.ttp: 3.0 69260.0 106060.0 9267 12065.722132895182 40784.443261037064 1467
rat783_n782_bounded-strongly-corr_01.ttp: 25.0 69238.0 105838.0 9253 12035.545278511958 40725.700043250305 1382
rat783_n782_bounded-strongly-corr_01.ttp: 58.0 69205.0 105305.0 9257 11977.378820699092 40507.38058001791 1495
rat783_n782_bounded-strongly-corr_01.ttp: 55.0 69208.0 105008.0 9256 11988.656576978206 40149.367918547905 1324
rat783_n782_bounded-strongly-corr_01.ttp: 47.0 69216.0 106116.0 9253 12056.846509261592 40888.46038489479 1422
rat783_n782_bounded-strongly-corr_01.ttp: 61.0 69202.0 104302.0 9275 11933.331338581453 39742.67745827434 1403
rat783_n782_bounded-strongly-corr_01.ttp: 9.0 69254.0 106754.0 9261 12212.848087173448 40682.49184839164 1458
rat783_n782_bounded-strongly-corr_01.ttp: 70.0 69193.0 105193.0 9275 11953.251403568276 40525.909906695626 1435
rat783_n782_bounded-strongly-corr_01.ttp: 104.0 69159.0 105959.0 9254 12207.016002012218 39919.043429113895 1524
rat783_n782_bounded-strongly-corr_01.ttp: 10.0 69253.0 105753.0 9256 11936.571354579271 41176.14897172614 1210
rat783_n782_bounded-strongly-corr_01.ttp: 69.0 69194.0 106194.0 9247 12091.486886902709 40779.05594185634 1308
rat783_n782_bounded-strongly-corr_01.ttp: 33.0 69230.0 103930.0 9257 11810.238683722013 40036.60872106391 1401
rat783_n782_bounded-strongly-corr_01.ttp: 88.0 69175.0 105675.0 9256 12095.653687312162 40237.5135516412 1327
rat783_n782_bounded-strongly-corr_01.ttp: 38.0 69225.0 105725.0 9257 11942.36650475396 41116.797209281074 1318
rat783_n782_bounded-strongly-corr_01.ttp: 87.0 69176.0 105876.0 9253 12073.88723176461 40556.270076153465 1510
rat783_n782_bounded-strongly-corr_01.ttp: 34.0 69229.0 105629.0 9249 11992.277249522876 40750.78008008124 1359
rat783_n782_bounded-strongly-corr_01.ttp: 1.0 69262.0 105662.0 9251 11996.48568368925 40761.01245124116 1358
rat783_n782_bounded-strongly-corr_01.ttp: 7.0 69256.0 106556.0 9260 12013.570799026673 41562.5819772657 1435
rat783_n782_bounded-strongly-corr_01.ttp: 86.0 69177.0 104577.0 9262 11852.014298714346 40457.60264395538 1236
rat783_n782_bounded-strongly-corr_01.ttp: 0.0 69263.0 105763.0 9254 12080.798611045539 40405.879514243636 1379
rat783_n782_bounded-strongly-corr_01.ttp: 69.0 69194.0 106494.0 9253 12038.49013146812 41365.768388757475 1369
rat783_n782_bounded-strongly-corr_01.ttp: 6.0 69257.0 104957.0 9254 12016.313023279068 39948.74654406024 1307
rat783_n782_bounded-strongly-corr_01.ttp: 19.0 69244.0 105144.0 9269 11925.208776576297 40628.62051872223 1461
rat783_n782_bounded-strongly-corr_01.ttp: 58.0 69205.0 105305.0 9257 11974.761409648707 40521.540773800494 1280
RESULTS FOR heuristics : 24
rat783_n782_bounded-strongly-corr_01.ttp: 89.0 69174.0 106774.0 9254 11995.001342987292 41881.04273443874 598831
rat783_n782_bounded-strongly-corr_01.ttp: 43.0 69220.0 105920.0 9254 11857.64333624403 41770.1495509198 598446
rat783_n782_bounded-strongly-corr_01.ttp: 18.0 69245.0 106145.0 9257 11909.978674618153 41712.01537031579 597762
rat783_n782_bounded-strongly-corr_01.ttp: 89.0 69174.0 106774.0 9254 11995.170835197068 41880.12578158386 598358
rat783_n782_bounded-strongly-corr_01.ttp: 44.0 69219.0 106919.0 9256 12060.679255310455 41670.72522877044 598773
rat783_n782_bounded-strongly-corr_01.ttp: 18.0 69245.0 106945.0 9256 12044.881674282673 41782.190142130734 599062
rat783_n782_bounded-strongly-corr_01.ttp: 85.0 69178.0 106678.0 9257 11952.154798986445 42016.84253748333 598380
rat783_n782_bounded-strongly-corr_01.ttp: 17.0 69246.0 105946.0 9251 11890.053536449735 41620.81036780693 598171
rat783_n782_bounded-strongly-corr_01.ttp: 75.0 69188.0 106688.0 9258 11962.688371170369 41969.855911968305 598279
rat783_n782_bounded-strongly-corr_01.ttp: 17.0 69246.0 105946.0 9251 11890.030806091796 41620.93333904338 597943
rat783_n782_bounded-strongly-corr_01.ttp: 115.0 69148.0 106648.0 9255 11973.04455461906 41873.82895951088 598314
rat783_n782_bounded-strongly-corr_01.ttp: 5.0 69258.0 106858.0 9256 11980.307220860695 42044.537935143635 598041
rat783_n782_bounded-strongly-corr_01.ttp: 89.0 69174.0 106774.0 9254 11993.08729296722 41891.39774504733 598377
rat783_n782_bounded-strongly-corr_01.ttp: 13.0 69250.0 106150.0 9254 11912.698623640059 41702.30044610728 598690
rat783_n782_bounded-strongly-corr_01.ttp: 40.0 69223.0 106823.0 9258 12029.400607444546 41743.942713725 598808
rat783_n782_bounded-strongly-corr_01.ttp: 62.0 69201.0 106601.0 9256 11962.111166635024 41885.97858850451 598947
rat783_n782_bounded-strongly-corr_01.ttp: 3.0 69260.0 106660.0 9254 11948.60425660774 42018.05097175213 598867
rat783_n782_bounded-strongly-corr_01.ttp: 62.0 69201.0 106601.0 9256 11959.97115141482 41897.55607084582 598810
rat783_n782_bounded-strongly-corr_01.ttp: 120.0 69143.0 106643.0 9259 11940.062846476021 42047.260000564725 599010
rat783_n782_bounded-strongly-corr_01.ttp: 76.0 69187.0 106787.0 9256 12009.703000770307 41814.50676583264 597756
rat783_n782_bounded-strongly-corr_01.ttp: 85.0 69178.0 106678.0 9257 11954.249751816882 42005.508842670664 597987
rat783_n782_bounded-strongly-corr_01.ttp: 17.0 69246.0 105946.0 9251 11890.030806091794 41620.93333904339 598514
rat783_n782_bounded-strongly-corr_01.ttp: 89.0 69174.0 106774.0 9254 11993.075847777773 41891.45966352225 598236
rat783_n782_bounded-strongly-corr_01.ttp: 75.0 69188.0 106688.0 9256 11986.728007142181 41839.8014813608 598497
rat783_n782_bounded-strongly-corr_01.ttp: 66.0 69197.0 106497.0 9256 11923.598761064828 41990.33070263928 598776
rat783_n782_bounded-strongly-corr_01.ttp: 89.0 69174.0 106774.0 9254 11993.053654810501 41891.57972747519 598497
rat783_n782_bounded-strongly-corr_01.ttp: 9.0 69254.0 105754.0 9254 11838.163091004004 41709.53767766833 598002
rat783_n782_bounded-strongly-corr_01.ttp: 3.0 69260.0 106760.0 9258 12007.264606082228 41800.69848109515 598514
rat783_n782_bounded-strongly-corr_01.ttp: 7.0 69256.0 106556.0 9259 11946.195181963283 41927.08406557864 598378
rat783_n782_bounded-strongly-corr_01.ttp: 115.0 69148.0 106648.0 9253 11967.91590756764 41901.574940059065 598289
