enter number of instance to run
Enter TTP instance file:
Enter TTP instance file:
Enter TTP instance file:
Instance :rl11849_n118480_uncorr_01.ttp
RESULTS FOR heuristics : 20
rl11849_n118480_uncorr_01.ttp: 308862.0 5088045.0 1.8287922E7 928467 1358643.497269943 6399791.398887999 33168
rl11849_n118480_uncorr_01.ttp: 0.0 5396907.0 1.831492E7 928897 1359461.1219146722 6419635.183246618 33857
rl11849_n118480_uncorr_01.ttp: 1.0 5396906.0 1.8342795E7 928123 1366149.8378245195 6388983.919035455 43748
rl11849_n118480_uncorr_01.ttp: 203639.0 5193268.0 1.8460513E7 928697 1365291.9943571454 6514208.049374977 64728
rl11849_n118480_uncorr_01.ttp: 0.0 5396907.0 1.8313779E7 928528 1357957.2735952788 6431652.85604131 64911
rl11849_n118480_uncorr_01.ttp: 0.0 5396907.0 1.8309269E7 928506 1353109.0698617697 6469564.638709515 63541
rl11849_n118480_uncorr_01.ttp: 290204.0 5106703.0 1.8333213E7 929112 1359317.1510928168 6439187.927937852 65688
rl11849_n118480_uncorr_01.ttp: 0.0 5396907.0 1.8348963E7 927561 1365010.420836483 6405121.817680774 63612
rl11849_n118480_uncorr_01.ttp: 296736.0 5100171.0 1.8288913E7 928409 1362238.981531012 6369321.9116036445 65840
rl11849_n118480_uncorr_01.ttp: 289777.0 5107130.0 1.8311142E7 928384 1354864.6616789585 6456076.210309114 67723
rl11849_n118480_uncorr_01.ttp: 198810.0 5198097.0 1.8451498E7 927411 1370598.6167662006 6458760.103295745 62602
rl11849_n118480_uncorr_01.ttp: 0.0 5396907.0 1.8287946E7 927714 1355844.889755508 6424303.214639306 63260
rl11849_n118480_uncorr_01.ttp: 0.0 5396907.0 1.8352621E7 929094 1369527.1525589773 6369258.415108949 66640
rl11849_n118480_uncorr_01.ttp: 305710.0 5091197.0 1.8249736E7 927839 1348748.6824473229 6448185.028585926 66803
rl11849_n118480_uncorr_01.ttp: 202102.0 5194805.0 1.8452729E7 927529 1370738.7363064943 6458765.057318175 65072
rl11849_n118480_uncorr_01.ttp: 307362.0 5089545.0 1.8306867E7 929350 1360958.3743091428 6398481.224795001 66205
rl11849_n118480_uncorr_01.ttp: 316585.0 5080322.0 1.8286017E7 928112 1357004.2806193496 6412229.544580691 62908
rl11849_n118480_uncorr_01.ttp: 308414.0 5088493.0 1.8296605E7 929420 1365881.1882136508 6345144.603130555 66811
rl11849_n118480_uncorr_01.ttp: 302252.0 5094655.0 1.8291355E7 928126 1364325.597386052 6353506.022872046 66693
rl11849_n118480_uncorr_01.ttp: 309942.0 5086965.0 1.8296238E7 928356 1364708.9197060927 6355034.952571688 66171
rl11849_n118480_uncorr_01.ttp: 302070.0 5094837.0 1.8292305E7 928861 1362848.1455069627 6367383.726814076 67423
rl11849_n118480_uncorr_01.ttp: 308566.0 5088341.0 1.8275094E7 928307 1355802.7996078483 6411819.503431328 66385
rl11849_n118480_uncorr_01.ttp: 300180.0 5096727.0 1.8275305E7 928121 1352819.799453345 6438131.754783232 65331
rl11849_n118480_uncorr_01.ttp: 205450.0 5191457.0 1.8448922E7 927669 1373014.8753329092 6435041.840837045 65967
rl11849_n118480_uncorr_01.ttp: 311159.0 5085748.0 1.8273232E7 929093 1351504.6413643544 6447566.3880619 64732
rl11849_n118480_uncorr_01.ttp: 294653.0 5102254.0 1.8265842E7 928727 1353719.6985491866 6420794.637694618 66205
rl11849_n118480_uncorr_01.ttp: 203360.0 5193547.0 1.8459812E7 928885 1375191.7454422982 6426884.22737989 67815
rl11849_n118480_uncorr_01.ttp: 303183.0 5093724.0 1.8276926E7 927484 1362281.6426956689 6356961.626412898 65958
rl11849_n118480_uncorr_01.ttp: 306790.0 5090117.0 1.826714E7 926881 1349924.4772527688 6455300.824038273 62369
rl11849_n118480_uncorr_01.ttp: 301148.0 5095759.0 1.8279118E7 927908 1361888.4029800557 6362594.473924514 64565
RESULTS FOR heuristics : 24
rl11849_n118480_uncorr_01.ttp: 1.0 5396906.0 1.8383698E7 929029 1349495.5227210098 6575612.176191164 530990
rl11849_n118480_uncorr_01.ttp: 0.0 5396907.0 1.8342102E7 928916 1350702.4238522465 6523455.7912928425 537445
rl11849_n118480_uncorr_01.ttp: 0.0 5396907.0 1.8385821E7 927661 1355957.3858384762 6521193.873913333 532536
rl11849_n118480_uncorr_01.ttp: 0.0 5396907.0 1.8384549E7 927441 1352741.2053099636 6548063.453537818 532395
rl11849_n118480_uncorr_01.ttp: 0.0 5396907.0 1.8409086E7 928829 1352198.3196072585 6577350.703436488 552629
rl11849_n118480_uncorr_01.ttp: 203703.0 5193204.0 1.8477299E7 928188 1369147.1326213232 6497261.589563422 554592
rl11849_n118480_uncorr_01.ttp: 0.0 5396907.0 1.833421E7 928315 1353895.030638864 6487628.48190994 554042
rl11849_n118480_uncorr_01.ttp: 0.0 5396907.0 1.8391912E7 928095 1357680.9817878422 6512203.40935638 556108
rl11849_n118480_uncorr_01.ttp: 3.0 5396904.0 1.8410346E7 928347 1353680.2410327434 6565643.890963495 562408
rl11849_n118480_uncorr_01.ttp: 1.0 5396906.0 1.8403309E7 928110 1358725.5930692817 6514460.060643785 553371
rl11849_n118480_uncorr_01.ttp: 1.0 5396906.0 1.8385013E7 928210 1352369.0664346998 6551783.668696377 560326
rl11849_n118480_uncorr_01.ttp: 0.0 5396907.0 1.8415898E7 927556 1355246.3511337903 6557492.427579334 549383
rl11849_n118480_uncorr_01.ttp: 2.0 5396905.0 1.8378049E7 927018 1353701.082020768 6533164.532318281 550545
rl11849_n118480_uncorr_01.ttp: 1.0 5396906.0 1.837819E7 929093 1349767.6863571436 6567722.744374994 552742
rl11849_n118480_uncorr_01.ttp: 0.0 5396907.0 1.84275E7 927715 1355521.9488960472 6566682.9471595865 551099
rl11849_n118480_uncorr_01.ttp: 1.0 5396906.0 1.841693E7 928916 1355914.3697660745 6552679.264546849 548443
rl11849_n118480_uncorr_01.ttp: 0.0 5396907.0 1.840567E7 929122 1358255.021372487 6520938.562990738 559611
rl11849_n118480_uncorr_01.ttp: 1.0 5396906.0 1.8418347E7 928751 1355322.6734505193 6559273.607307956 551901
rl11849_n118480_uncorr_01.ttp: 0.0 5396907.0 1.8362378E7 928141 1346556.109272071 6580012.04386938 549624
rl11849_n118480_uncorr_01.ttp: 1.0 5396906.0 1.8367508E7 927535 1350412.0098902124 6551402.91346064 556641
rl11849_n118480_uncorr_01.ttp: 1.0 5396906.0 1.8410528E7 928342 1354720.0325026072 6556727.715602187 551183
rl11849_n118480_uncorr_01.ttp: 3.0 5396904.0 1.8425155E7 928277 1354467.9428140572 6573560.500376999 547457
rl11849_n118480_uncorr_01.ttp: 1.0 5396906.0 1.8372022E7 927340 1349385.9508415335 6564894.930136582 571982
rl11849_n118480_uncorr_01.ttp: 212075.0 5184832.0 1.8448521E7 926724 1363499.5001493297 6517900.373693366 555782
rl11849_n118480_uncorr_01.ttp: 84339.0 5312568.0 1.8233941E7 929763 1333386.2982386593 6566810.890411731 569718
rl11849_n118480_uncorr_01.ttp: 0.0 5396907.0 1.8379794E7 928066 1353975.7174628943 6532506.472199675 562513
rl11849_n118480_uncorr_01.ttp: 0.0 5396907.0 1.8400643E7 928231 1356808.386322002 6528569.619682483 574878
rl11849_n118480_uncorr_01.ttp: 205046.0 5191861.0 1.8461404E7 928671 1363464.4378625716 6531090.168702498 555357
rl11849_n118480_uncorr_01.ttp: 0.0 5396907.0 1.8387243E7 927815 1355064.4506777634 6530429.056569571 562058
rl11849_n118480_uncorr_01.ttp: 0.0 5396907.0 1.8425194E7 928598 1359387.7110963657 6530551.5279068 548166
Instance :rl11849_n118480_uncorr-similar-weights_01.ttp
RESULTS FOR heuristics : 20
rl11849_n118480_uncorr-similar-weights_01.ttp: 429.0 1.0818961E7 9324358.0 928058 1261498.315440493 3836840.3278338565 44377
rl11849_n118480_uncorr-similar-weights_01.ttp: 159.0 1.0819231E7 9305441.0 928733 1269929.517562103 3781247.5986048523 46306
rl11849_n118480_uncorr-similar-weights_01.ttp: 413.0 1.0818977E7 9275854.0 929732 1272983.435701611 3738376.0546979923 44813
rl11849_n118480_uncorr-similar-weights_01.ttp: 85.0 1.0819305E7 9324247.0 928253 1272578.7143448917 3788529.5925997216 45877
rl11849_n118480_uncorr-similar-weights_01.ttp: 942.0 1.0818448E7 9309253.0 928358 1261994.8622005535 3819575.349427593 46888
rl11849_n118480_uncorr-similar-weights_01.ttp: 328.0 1.0819062E7 9308814.0 928196 1276019.6091353826 3758128.700261086 44232
rl11849_n118480_uncorr-similar-weights_01.ttp: 190.0 1.08192E7 9321019.0 927791 1272304.3054522371 3786495.271282769 46544
rl11849_n118480_uncorr-similar-weights_01.ttp: 567.0 1.0818823E7 9298411.0 927608 1264374.9697665512 3798379.881515503 47235
rl11849_n118480_uncorr-similar-weights_01.ttp: 549.0 1.0818841E7 9297757.0 927951 1270977.0863651072 3769006.674311784 46247
rl11849_n118480_uncorr-similar-weights_01.ttp: 298.0 1.0819092E7 9307798.0 928024 1271521.6427622177 3776678.853984353 46843
rl11849_n118480_uncorr-similar-weights_01.ttp: 244.0 1.0819146E7 9312145.0 928234 1276183.4464538584 3760747.007925716 46430
rl11849_n118480_uncorr-similar-weights_01.ttp: 743.0 1.0818647E7 9325954.0 927822 1258435.459043367 3851759.753161354 44902
rl11849_n118480_uncorr-similar-weights_01.ttp: 778.0 1.0818612E7 9313032.0 928478 1283433.9184688532 3730094.454660489 45813
rl11849_n118480_uncorr-similar-weights_01.ttp: 104.0 1.0819286E7 9312417.0 927491 1268639.448268087 3793835.4000338214 44424
rl11849_n118480_uncorr-similar-weights_01.ttp: 638.0 1.0818752E7 9307216.0 928235 1264371.2734892177 3807200.960321903 46046
rl11849_n118480_uncorr-similar-weights_01.ttp: 273.0 1.0819117E7 9324665.0 927735 1275773.2166503512 3775051.5075709727 44073
rl11849_n118480_uncorr-similar-weights_01.ttp: 492.0 1.0818898E7 9325900.0 928186 1267097.7429032994 3814024.8183706477 46197
rl11849_n118480_uncorr-similar-weights_01.ttp: 36.0 1.0819354E7 9307567.0 927977 1263834.8492200868 3809885.4058926227 46723
rl11849_n118480_uncorr-similar-weights_01.ttp: 143.0 1.0819247E7 9341235.0 929403 1268488.9163587429 3823308.2138394685 46460
rl11849_n118480_uncorr-similar-weights_01.ttp: 165.0 1.0819225E7 9309565.0 927668 1274381.607351928 3766005.008019114 47624
rl11849_n118480_uncorr-similar-weights_01.ttp: 0.0 1.081939E7 9320398.0 927966 1274322.602186627 3777094.680488173 44495
rl11849_n118480_uncorr-similar-weights_01.ttp: 329.0 1.0819061E7 9310755.0 929556 1264400.1044674946 3810614.5455663987 46545
rl11849_n118480_uncorr-similar-weights_01.ttp: 626.0 1.0818764E7 9320660.0 928174 1270725.046699543 3793006.046856988 47232
rl11849_n118480_uncorr-similar-weights_01.ttp: 612.0 1.0818778E7 9317958.0 929063 1273955.1939651547 3776252.9062515777 46256
rl11849_n118480_uncorr-similar-weights_01.ttp: 526.0 1.0818864E7 9352630.0 927934 1272016.1553563587 3819359.72419984 46960
rl11849_n118480_uncorr-similar-weights_01.ttp: 640.0 1.081875E7 9319296.0 928527 1272688.3361095362 3783101.737923518 45361
rl11849_n118480_uncorr-similar-weights_01.ttp: 432.0 1.0818958E7 9327021.0 928860 1267749.6644177248 3812309.9597828975 45863
rl11849_n118480_uncorr-similar-weights_01.ttp: 841.0 1.0818549E7 9315269.0 928821 1266989.7237343674 3803863.7017555023 45576
rl11849_n118480_uncorr-similar-weights_01.ttp: 177.0 1.0819213E7 9307118.0 928889 1271673.558061878 3775338.0224308316 45795
rl11849_n118480_uncorr-similar-weights_01.ttp: 953.0 1.0818437E7 9298244.0 928419 1272348.3681405708 3763528.598588517 46157
RESULTS FOR heuristics : 24
rl11849_n118480_uncorr-similar-weights_01.ttp: 613.0 1.0818777E7 9335050.0 928951 1261376.655654618 3848061.547902412 566798
rl11849_n118480_uncorr-similar-weights_01.ttp: 151.0 1.0819239E7 9337001.0 928626 1258449.1561841501 3862747.1705989474 569872
rl11849_n118480_uncorr-similar-weights_01.ttp: 828.0 1.0818562E7 9326290.0 927649 1253976.4664554216 3871492.3709189165 564145
rl11849_n118480_uncorr-similar-weights_01.ttp: 327.0 1.0819063E7 9327389.0 928917 1256236.17869499 3862761.6226767944 567448
rl11849_n118480_uncorr-similar-weights_01.ttp: 481.0 1.0818909E7 9333788.0 927942 1257653.4822616586 3862995.3521617856 572074
rl11849_n118480_uncorr-similar-weights_01.ttp: 598.0 1.0818792E7 9349386.0 927307 1263443.1144141685 3853408.4522983674 563544
rl11849_n118480_uncorr-similar-weights_01.ttp: 563.0 1.0818827E7 9347817.0 928636 1262485.3592819043 3856005.687123717 564100
rl11849_n118480_uncorr-similar-weights_01.ttp: 314.0 1.0819076E7 9347563.0 928263 1258533.4471333618 3872942.5049698763 568187
rl11849_n118480_uncorr-similar-weights_01.ttp: 561.0 1.0818829E7 9322295.0 928421 1254586.407423269 3864844.1277087806 570217
rl11849_n118480_uncorr-similar-weights_01.ttp: 23.0 1.0819367E7 9295698.0 928111 1252882.3958855805 3845659.5778977256 572676
rl11849_n118480_uncorr-similar-weights_01.ttp: 555.0 1.0818835E7 9321207.0 927513 1260200.3085740074 3839335.657703068 561384
rl11849_n118480_uncorr-similar-weights_01.ttp: 760.0 1.081863E7 9315438.0 927637 1260159.4835225854 3833744.246676754 570640
rl11849_n118480_uncorr-similar-weights_01.ttp: 271.0 1.0819119E7 9328831.0 929263 1252078.7845446663 3882288.287230702 568089
rl11849_n118480_uncorr-similar-weights_01.ttp: 197.0 1.0819193E7 9348214.0 928821 1260339.925182924 3865735.3254542816 567644
rl11849_n118480_uncorr-similar-weights_01.ttp: 652.0 1.0818738E7 9351429.0 929610 1271333.8983603306 3821126.542132562 563856
rl11849_n118480_uncorr-similar-weights_01.ttp: 372.0 1.0819018E7 9349674.0 928415 1255467.421390018 3888390.716953422 570843
rl11849_n118480_uncorr-similar-weights_01.ttp: 357.0 1.0819033E7 9322870.0 928592 1259305.5675671033 3844890.7810831014 569477
rl11849_n118480_uncorr-similar-weights_01.ttp: 422.0 1.0818968E7 9343171.0 927903 1257715.7273840061 3872107.5858795736 560613
rl11849_n118480_uncorr-similar-weights_01.ttp: 357.0 1.0819033E7 9346498.0 928741 1257471.1927017102 3876498.311747561 569878
rl11849_n118480_uncorr-similar-weights_01.ttp: 11.0 1.0819379E7 9335774.0 931116 1260324.3236013504 3853363.1923341257 568392
rl11849_n118480_uncorr-similar-weights_01.ttp: 83.0 1.0819307E7 9325861.0 929177 1256661.9622266493 3859381.464314076 565568
rl11849_n118480_uncorr-similar-weights_01.ttp: 607.0 1.0818783E7 9328394.0 928144 1259657.3939178195 3848884.3364574853 560379
rl11849_n118480_uncorr-similar-weights_01.ttp: 479.0 1.0818911E7 9332799.0 928285 1259166.9810136873 3855422.6325904606 562985
rl11849_n118480_uncorr-similar-weights_01.ttp: 445.0 1.0818945E7 9335499.0 929084 1254365.1359893368 3879010.6584463855 566933
rl11849_n118480_uncorr-similar-weights_01.ttp: 99.0 1.0819291E7 9338437.0 927791 1258185.2535101105 3865331.14723102 566582
rl11849_n118480_uncorr-similar-weights_01.ttp: 465.0 1.0818925E7 9318525.0 928534 1250929.5441194254 3876981.4830805 573409
rl11849_n118480_uncorr-similar-weights_01.ttp: 579.0 1.0818811E7 9332333.0 927611 1255428.8215545753 3871217.6262375973 563974
rl11849_n118480_uncorr-similar-weights_01.ttp: 88.0 1.0819302E7 9336650.0 928707 1258009.1187033234 3864310.3336405437 570857
rl11849_n118480_uncorr-similar-weights_01.ttp: 600.0 1.081879E7 9322911.0 927408 1257264.9007099606 3853808.6819116715 569387
rl11849_n118480_uncorr-similar-weights_01.ttp: 555.0 1.0818835E7 9351869.0 927999 1263346.7454018963 3856310.6575017516 569825
Instance :rl11849_n118480_bounded-strongly-corr_01.ttp
RESULTS FOR heuristics : 20
rl11849_n118480_bounded-strongly-corr_01.ttp: 12.0 1.0201362E7 1.5540262E7 927306 1187625.9118552315 6929974.139049571 46546
rl11849_n118480_bounded-strongly-corr_01.ttp: 19.0 1.0201355E7 1.5539255E7 927443 1187393.4374560837 6930652.578443393 45928
rl11849_n118480_bounded-strongly-corr_01.ttp: 19.0 1.0201355E7 1.5499155E7 928643 1189396.2674641174 6876032.060885148 47505
rl11849_n118480_bounded-strongly-corr_01.ttp: 12.0 1.0201362E7 1.5559462E7 928493 1186006.8747214733 6960912.158269318 45445
rl11849_n118480_bounded-strongly-corr_01.ttp: 8.0 1.0201366E7 1.5498766E7 928998 1186344.186096281 6897770.650801962 47322
rl11849_n118480_bounded-strongly-corr_01.ttp: 74.0 1.02013E7 1.5504E7 928322 1186448.737339476 6902246.6542888 47219
rl11849_n118480_bounded-strongly-corr_01.ttp: 0.0 1.0201374E7 1.5513174E7 928215 1186122.685566967 6913784.52963949 46493
rl11849_n118480_bounded-strongly-corr_01.ttp: 46.0 1.0201328E7 1.5525028E7 927845 1184511.4525825297 6937319.96877666 46176
rl11849_n118480_bounded-strongly-corr_01.ttp: 21.0 1.0201353E7 1.5568853E7 928337 1191029.154529769 6933891.629659176 46757
rl11849_n118480_bounded-strongly-corr_01.ttp: 83.0 1.0201291E7 1.5496091E7 928762 1183321.7434447175 6917008.360025799 48248
rl11849_n118480_bounded-strongly-corr_01.ttp: 44.0 1.020133E7 1.552233E7 929092 1192123.393447649 6879435.397504546 47969
rl11849_n118480_bounded-strongly-corr_01.ttp: 54.0 1.020132E7 1.554002E7 928492 1193446.8167097988 6887530.578853959 46366
rl11849_n118480_bounded-strongly-corr_01.ttp: 26.0 1.0201348E7 1.5516748E7 928066 1186645.5930431501 6913567.450437162 47581
rl11849_n118480_bounded-strongly-corr_01.ttp: 42.0 1.0201332E7 1.5548732E7 927883 1194850.3332436716 6886067.08398338 47545
rl11849_n118480_bounded-strongly-corr_01.ttp: 5.0 1.0201369E7 1.5517269E7 927461 1185124.2519756337 6925118.173176656 44888
rl11849_n118480_bounded-strongly-corr_01.ttp: 96.0 1.0201278E7 1.5540278E7 928604 1185561.813870375 6944954.849439781 48349
rl11849_n118480_bounded-strongly-corr_01.ttp: 49.0 1.0201325E7 1.5543425E7 927616 1182461.5021014004 6970579.109764848 45601
rl11849_n118480_bounded-strongly-corr_01.ttp: 41.0 1.0201333E7 1.5511233E7 929442 1184848.665982441 6921080.171627302 46446
rl11849_n118480_bounded-strongly-corr_01.ttp: 43.0 1.0201331E7 1.5523131E7 928494 1188018.1353094175 6909999.519006724 46747
rl11849_n118480_bounded-strongly-corr_01.ttp: 31.0 1.0201343E7 1.5522643E7 927898 1185957.8793005839 6924448.3750707675 46869
rl11849_n118480_bounded-strongly-corr_01.ttp: 35.0 1.0201339E7 1.5523839E7 927774 1186102.75748016 6924594.008268839 47038
rl11849_n118480_bounded-strongly-corr_01.ttp: 33.0 1.0201341E7 1.5488141E7 928209 1185175.2482346264 6895620.450298959 47496
rl11849_n118480_bounded-strongly-corr_01.ttp: 46.0 1.0201328E7 1.5554328E7 927808 1194068.7369957084 6897329.656781115 46513
rl11849_n118480_bounded-strongly-corr_01.ttp: 1.0 1.0201373E7 1.5483573E7 929129 1182267.1538163344 6912136.134831576 49691
rl11849_n118480_bounded-strongly-corr_01.ttp: 2.0 1.0201372E7 1.5532572E7 927592 1185565.392825582 6937222.902014529 45032
rl11849_n118480_bounded-strongly-corr_01.ttp: 5.0 1.0201369E7 1.5474669E7 928386 1185258.3655758386 6881545.849575169 46185
rl11849_n118480_bounded-strongly-corr_01.ttp: 0.0 1.0201374E7 1.5519674E7 928791 1176286.7320430444 6991595.192687929 46835
rl11849_n118480_bounded-strongly-corr_01.ttp: 35.0 1.0201339E7 1.5510339E7 928507 1174387.1200174948 6996032.379873162 47959
rl11849_n118480_bounded-strongly-corr_01.ttp: 31.0 1.0201343E7 1.5505343E7 929113 1186056.4373643466 6906433.829108488 46638
rl11849_n118480_bounded-strongly-corr_01.ttp: 15.0 1.0201359E7 1.5540659E7 929334 1187647.1469093063 6930217.1849075295 49823
RESULTS FOR heuristics : 24
rl11849_n118480_bounded-strongly-corr_01.ttp: 8.0 1.0201366E7 1.5507466E7 927829 1175714.4984035988 6983535.886573909 551208
rl11849_n118480_bounded-strongly-corr_01.ttp: 35.0 1.0201339E7 1.5542539E7 927864 1181910.1694789594 6973690.271277545 560564
rl11849_n118480_bounded-strongly-corr_01.ttp: 21.0 1.0201353E7 1.5521953E7 927133 1174073.6771967928 7009918.840323253 558233
rl11849_n118480_bounded-strongly-corr_01.ttp: 10.0 1.0201364E7 1.5554164E7 928392 1180687.6002507021 6994178.898182409 555668
rl11849_n118480_bounded-strongly-corr_01.ttp: 2.0 1.0201372E7 1.5529172E7 927711 1177207.8660694927 6994414.970996179 558320
rl11849_n118480_bounded-strongly-corr_01.ttp: 41.0 1.0201333E7 1.5524133E7 928960 1175103.3164138857 7004633.95599933 555153
rl11849_n118480_bounded-strongly-corr_01.ttp: 12.0 1.0201362E7 1.5570662E7 928440 1185968.0651977 6972393.527316675 563207
rl11849_n118480_bounded-strongly-corr_01.ttp: 16.0 1.0201358E7 1.5529258E7 928977 1181786.3376370852 6961307.052131131 555665
rl11849_n118480_bounded-strongly-corr_01.ttp: 69.0 1.0201305E7 1.5527405E7 927569 1175289.3287035353 7006557.366899369 556623
rl11849_n118480_bounded-strongly-corr_01.ttp: 34.0 1.020134E7 1.552844E7 928896 1180224.366768413 6971813.340929005 557821
rl11849_n118480_bounded-strongly-corr_01.ttp: 9.0 1.0201365E7 1.5536765E7 928701 1179833.694795736 6982970.7127309125 554405
rl11849_n118480_bounded-strongly-corr_01.ttp: 21.0 1.0201353E7 1.5517653E7 928961 1179701.7021799076 6964815.659195671 557414
rl11849_n118480_bounded-strongly-corr_01.ttp: 38.0 1.0201336E7 1.5548936E7 928083 1184886.9568854126 6958505.562580759 554278
rl11849_n118480_bounded-strongly-corr_01.ttp: 15.0 1.0201359E7 1.5517159E7 928508 1179469.6077008247 6966004.344169021 558673
rl11849_n118480_bounded-strongly-corr_01.ttp: 49.0 1.0201325E7 1.5561525E7 927190 1183135.2438814845 6983794.481859237 561343
rl11849_n118480_bounded-strongly-corr_01.ttp: 36.0 1.0201338E7 1.5510338E7 927670 1172872.3143557515 7007013.720920801 553962
rl11849_n118480_bounded-strongly-corr_01.ttp: 27.0 1.0201347E7 1.5520647E7 927950 1175532.2670729265 6998038.063721282 559711
rl11849_n118480_bounded-strongly-corr_01.ttp: 5.0 1.0201369E7 1.5512769E7 928051 1176401.8128623143 6983855.856748221 560958
rl11849_n118480_bounded-strongly-corr_01.ttp: 40.0 1.0201334E7 1.5542934E7 928030 1179390.7277096526 6992351.224105019 561029
rl11849_n118480_bounded-strongly-corr_01.ttp: 35.0 1.0201339E7 1.5546339E7 928100 1179643.648250094 6993922.550186818 561785
rl11849_n118480_bounded-strongly-corr_01.ttp: 29.0 1.0201345E7 1.5508945E7 927303 1172901.0096611758 7005412.679956475 560031
rl11849_n118480_bounded-strongly-corr_01.ttp: 67.0 1.0201307E7 1.5530807E7 927748 1178738.2068049998 6984955.000663752 565729
rl11849_n118480_bounded-strongly-corr_01.ttp: 2.0 1.0201372E7 1.5523372E7 927938 1178764.7586561125 6977327.499743184 553978
rl11849_n118480_bounded-strongly-corr_01.ttp: 28.0 1.0201346E7 1.5561146E7 928109 1181923.988541982 6992197.083070632 556458
rl11849_n118480_bounded-strongly-corr_01.ttp: 1.0 1.0201373E7 1.5520573E7 929379 1176157.3930454368 6993431.900420584 557816
rl11849_n118480_bounded-strongly-corr_01.ttp: 38.0 1.0201336E7 1.5569936E7 929143 1185074.2460079722 6978147.716442201 556863
rl11849_n118480_bounded-strongly-corr_01.ttp: 43.0 1.0201331E7 1.5511531E7 928702 1177287.0869485273 6976199.619623177 560750
rl11849_n118480_bounded-strongly-corr_01.ttp: 38.0 1.0201336E7 1.5513936E7 928177 1176412.6630250942 6984944.193068067 559177
rl11849_n118480_bounded-strongly-corr_01.ttp: 0.0 1.0201374E7 1.5495074E7 928183 1171231.0057652255 7003649.208202114 589565
rl11849_n118480_bounded-strongly-corr_01.ttp: 54.0 1.020132E7 1.550692E7 927934 1174288.7914250067 6993326.262168702 590330
