enter number of instance to run
Enter TTP instance file:
Enter TTP instance file:
Enter TTP instance file:
Instance :pla85900_n858990_bounded-strongly-corr_01.ttp
RESULTS FOR heuristics : 20
pla85900_n858990_bounded-strongly-corr_01.ttp: 1.0 7.4164927E7 1.12474427E8 142701150 1.8474197430388257E8 4.966215573667992E7 203782
pla85900_n858990_bounded-strongly-corr_01.ttp: 70.0 7.4164858E7 1.12503558E8 142714282 1.9008589610816255E8 4.787435332322473E7 198539
pla85900_n858990_bounded-strongly-corr_01.ttp: 12.0 7.4164916E7 1.12574916E8 142654444 1.899860050031411E8 4.7979674298932016E7 195982
pla85900_n858990_bounded-strongly-corr_01.ttp: 20.0 7.4164908E7 1.12582908E8 142652338 1.8932325045380002E8 4.821300284570799E7 195587
pla85900_n858990_bounded-strongly-corr_01.ttp: 102.0 7.4164826E7 1.12513426E8 142736046 1.8481810649417067E8 4.967526979198197E7 198677
pla85900_n858990_bounded-strongly-corr_01.ttp: 74.0 7.4164854E7 1.12557854E8 142734611 1.8460850224029002E8 4.979096323830139E7 199440
pla85900_n858990_bounded-strongly-corr_01.ttp: 34.0 7.4164894E7 1.12408694E8 142673237 1.8700710491402456E8 4.882627832923164E7 195788
pla85900_n858990_bounded-strongly-corr_01.ttp: 49.0 7.4164879E7 1.12548779E8 142630005 1.8926974237333828E8 4.819706659306498E7 197862
pla85900_n858990_bounded-strongly-corr_01.ttp: 88.0 7.416484E7 1.1252054E8 142679594 1.879454657349469E8 4.8619081650118046E7 198876
pla85900_n858990_bounded-strongly-corr_01.ttp: 104.0 7.4164824E7 1.12754824E8 142689605 1.968943454329477E8 4.581074655279778E7 197903
pla85900_n858990_bounded-strongly-corr_01.ttp: 1.0 7.4164927E7 1.12573927E8 142700866 1.881383241103461E8 4.860689680248232E7 194671
pla85900_n858990_bounded-strongly-corr_01.ttp: 6.0 7.4164922E7 1.12022422E8 142723166 1.8719980190835026E8 4.8374489351160906E7 196991
pla85900_n858990_bounded-strongly-corr_01.ttp: 28.0 7.41649E7 1.125769E8 142719472 1.901354705380775E8 4.793084001705364E7 199681
pla85900_n858990_bounded-strongly-corr_01.ttp: 62.0 7.4164866E7 1.12610866E8 142694704 1.8988463190128222E8 4.805009115356404E7 199208
pla85900_n858990_bounded-strongly-corr_01.ttp: 34.0 7.4164894E7 1.12473194E8 142698365 1.8483687637587902E8 4.9628656032201126E7 201418
pla85900_n858990_bounded-strongly-corr_01.ttp: 26.0 7.4164902E7 1.12580602E8 142667075 1.8680414106357473E8 4.906719403838459E7 200084
pla85900_n858990_bounded-strongly-corr_01.ttp: 5.0 7.4164923E7 1.12502523E8 142732032 1.8390925697388375E8 4.9973375628879525E7 201393
pla85900_n858990_bounded-strongly-corr_01.ttp: 79.0 7.4164849E7 1.12258349E8 142714437 1.8993686009023476E8 4.767981656932018E7 198897
pla85900_n858990_bounded-strongly-corr_01.ttp: 44.0 7.4164884E7 1.12560984E8 142656484 1.841280580924408E8 4.995744424857012E7 197666
pla85900_n858990_bounded-strongly-corr_01.ttp: 30.0 7.4164898E7 1.12498498E8 142676326 1.8945867771081233E8 4.8082547578323804E7 197462
pla85900_n858990_bounded-strongly-corr_01.ttp: 44.0 7.4164884E7 1.12599784E8 142627196 1.894574140090303E8 4.818426323692969E7 198507
pla85900_n858990_bounded-strongly-corr_01.ttp: 51.0 7.4164877E7 1.12547377E8 142662182 1.8460597258014542E8 4.978134632275055E7 200267
pla85900_n858990_bounded-strongly-corr_01.ttp: 43.0 7.4164885E7 1.12553885E8 142681612 1.8711079694735637E8 4.893621403789883E7 194947
pla85900_n858990_bounded-strongly-corr_01.ttp: 106.0 7.4164822E7 1.12538922E8 142723594 1.8971444703109947E8 4.803601000942618E7 196629
pla85900_n858990_bounded-strongly-corr_01.ttp: 8.0 7.416492E7 1.1255802E8 142725054 1.8481443723791677E8 4.9721111339108296E7 196688
pla85900_n858990_bounded-strongly-corr_01.ttp: 19.0 7.4164909E7 1.12540009E8 142683723 1.863922975870719E8 4.916662782039555E7 195914
pla85900_n858990_bounded-strongly-corr_01.ttp: 42.0 7.4164886E7 1.12541286E8 142660040 1.8412183095284492E8 4.993986347603273E7 199719
pla85900_n858990_bounded-strongly-corr_01.ttp: 109.0 7.4164819E7 1.12377719E8 142661157 1.8359463512156966E8 4.995554305866631E7 195816
pla85900_n858990_bounded-strongly-corr_01.ttp: 117.0 7.4164811E7 1.12746611E8 142704366 1.9386775286095685E8 4.683157502727467E7 199563
pla85900_n858990_bounded-strongly-corr_01.ttp: 41.0 7.4164887E7 1.12465187E8 142660129 1.8453044034312E8 4.9724837283339195E7 193963
RESULTS FOR heuristics : 24
pla85900_n858990_bounded-strongly-corr_01.ttp: 60.0 7.4164868E7 1.12380668E8 142740281 1.8772152734938782E8 4.855534870120814E7 464017
pla85900_n858990_bounded-strongly-corr_01.ttp: 6.0 7.4164922E7 1.12779522E8 142704555 1.8536247626946327E8 4.975628006838249E7 454756
pla85900_n858990_bounded-strongly-corr_01.ttp: 58.0 7.416487E7 1.1259617E8 142751457 1.8531082156530035E8 4.959049066779788E7 452448
pla85900_n858990_bounded-strongly-corr_01.ttp: 20.0 7.4164908E7 1.12670008E8 142704240 1.855042215074087E8 4.959857268748104E7 454000
pla85900_n858990_bounded-strongly-corr_01.ttp: 39.0 7.4164889E7 1.12444489E8 142637612 1.8425266121555743E8 4.979858418671047E7 459107
pla85900_n858990_bounded-strongly-corr_01.ttp: 36.0 7.4164892E7 1.12462892E8 142730392 1.8782762462184784E8 4.8601499628571734E7 459714
pla85900_n858990_bounded-strongly-corr_01.ttp: 33.0 7.4164895E7 1.12518195E8 142633519 1.8356711765250993E8 5.010537499814662E7 463151
pla85900_n858990_bounded-strongly-corr_01.ttp: 36.0 7.4164892E7 1.12437592E8 142696306 1.8697719773352915E8 4.886534477060009E7 348748
pla85900_n858990_bounded-strongly-corr_01.ttp: 11.0 7.4164917E7 1.12446717E8 142699289 1.857428427802219E8 4.929415045472454E7 335810
pla85900_n858990_bounded-strongly-corr_01.ttp: 33.0 7.4164895E7 1.12660995E8 142698679 1.8530313079870752E8 4.965793052843944E7 468391
pla85900_n858990_bounded-strongly-corr_01.ttp: 74.0 7.4164854E7 1.12536254E8 142657591 1.890786400796313E8 4.8249516372925356E7 461053
pla85900_n858990_bounded-strongly-corr_01.ttp: 11.0 7.4164917E7 1.12536517E8 142767245 1.8431282993181902E8 4.9870154823181525E7 348074
pla85900_n858990_bounded-strongly-corr_01.ttp: 6.0 7.4164922E7 1.12565622E8 142608473 1.8520223442074633E8 4.959686229694624E7 359245
pla85900_n858990_bounded-strongly-corr_01.ttp: 48.0 7.416488E7 1.1241488E8 142667590 1.8804374365702552E8 4.848000715661132E7 458423
pla85900_n858990_bounded-strongly-corr_01.ttp: 21.0 7.4164907E7 1.12555907E8 142728433 1.8482055167568478E8 4.971691943026717E7 455868
pla85900_n858990_bounded-strongly-corr_01.ttp: 40.0 7.4164888E7 1.12552588E8 142628221 1.892155242375819E8 4.821930975922215E7 451752
pla85900_n858990_bounded-strongly-corr_01.ttp: 7.0 7.4164921E7 1.12491421E8 142704914 1.8405844044462648E8 4.9911551248826995E7 458687
pla85900_n858990_bounded-strongly-corr_01.ttp: 9.0 7.4164919E7 1.12576119E8 142717062 1.8964591424763295E8 4.809650815580479E7 458804
pla85900_n858990_bounded-strongly-corr_01.ttp: 25.0 7.4164903E7 1.12542403E8 142704906 1.8577924209224266E8 4.9377460688637495E7 456482
pla85900_n858990_bounded-strongly-corr_01.ttp: 20.0 7.4164908E7 1.12612608E8 142683986 1.8487546401634917E8 4.975495023444128E7 459499
pla85900_n858990_bounded-strongly-corr_01.ttp: 61.0 7.4164867E7 1.12400067E8 142644904 1.8381842967077053E8 4.990180091193802E7 460135
pla85900_n858990_bounded-strongly-corr_01.ttp: 25.0 7.4164903E7 1.12657603E8 142689895 1.848014248348721E8 4.9825118556143485E7 460318
pla85900_n858990_bounded-strongly-corr_01.ttp: 47.0 7.4164881E7 1.12478981E8 142686516 1.8572996616690412E8 4.9330792503252596E7 454958
pla85900_n858990_bounded-strongly-corr_01.ttp: 32.0 7.4164896E7 1.12432596E8 142662985 1.839225160240748E8 4.989894055181456E7 459470
pla85900_n858990_bounded-strongly-corr_01.ttp: 0.0 7.4164928E7 1.12623928E8 142790071 1.8840254995098925E8 4.856706101666365E7 462439
pla85900_n858990_bounded-strongly-corr_01.ttp: 16.0 7.4164912E7 1.12391912E8 142743626 1.8565334742746034E8 4.926977387466348E7 457604
pla85900_n858990_bounded-strongly-corr_01.ttp: 8.0 7.416492E7 1.1240042E8 142638190 1.838091042252536E8 4.990532456341377E7 457046
pla85900_n858990_bounded-strongly-corr_01.ttp: 61.0 7.4164867E7 1.12566067E8 142685605 1.8437843656039774E8 4.9877398569464765E7 454910
pla85900_n858990_bounded-strongly-corr_01.ttp: 0.0 7.4164928E7 1.12519728E8 142679884 1.8406878760683247E8 4.993634021367695E7 455342
pla85900_n858990_bounded-strongly-corr_01.ttp: 43.0 7.4164885E7 1.12385185E8 142708859 1.840596153485017E8 4.9804915781509414E7 457692
Instance :pla85900_n858990_uncorr_01.ttp
RESULTS FOR heuristics : 20
pla85900_n858990_uncorr_01.ttp: 2527196.0 3.6540206E7 1.32074082E8 142654579 2.0794973178371203E8 4.681469196867807E7 197560
pla85900_n858990_uncorr_01.ttp: 2948377.0 3.6119025E7 1.31114753E8 142684885 2.1123043594857043E8 4.4510274261086136E7 198525
pla85900_n858990_uncorr_01.ttp: 3009212.0 3.605819E7 1.31313074E8 142694584 2.089727551240556E8 4.5634244399137214E7 195320
pla85900_n858990_uncorr_01.ttp: 2560649.0 3.6506753E7 1.32013449E8 142700575 2.0788867019545949E8 4.677909421986161E7 201294
pla85900_n858990_uncorr_01.ttp: 2981742.0 3.608566E7 1.3136386E8 142592961 2.0826710055063748E8 4.597434877423863E7 197811
pla85900_n858990_uncorr_01.ttp: 2955128.0 3.6112274E7 1.31324365E8 142633811 2.0828144712748972E8 4.592897167772922E7 198631
pla85900_n858990_uncorr_01.ttp: 2534850.0 3.6532552E7 1.32060962E8 142691992 2.0789135106883153E8 4.682550806177908E7 197292
pla85900_n858990_uncorr_01.ttp: 2981459.0 3.6085943E7 1.31354437E8 142698552 2.1101427391011888E8 4.483858469685127E7 195986
pla85900_n858990_uncorr_01.ttp: 2206572.0 3.686083E7 1.32735491E8 142636225 2.092261780498501E8 4.695275799956146E7 198360
pla85900_n858990_uncorr_01.ttp: 2567356.0 3.6500046E7 1.31898187E8 142643530 2.083729728530003E8 4.646526813026987E7 197410
pla85900_n858990_uncorr_01.ttp: 2540789.0 3.6526613E7 1.31939569E8 142637736 2.0802529007521683E8 4.66492000691611E7 200258
pla85900_n858990_uncorr_01.ttp: 2966832.0 3.610057E7 1.30962886E8 142643384 2.0926156452215216E8 4.5165644545917615E7 196799
pla85900_n858990_uncorr_01.ttp: 2977894.0 3.6089508E7 1.31377124E8 142721282 2.0916464829543233E8 4.5619618198872745E7 196861
pla85900_n858990_uncorr_01.ttp: 2190679.0 3.6876723E7 1.32613944E8 142705108 2.0891098730714783E8 4.696043920406939E7 197486
pla85900_n858990_uncorr_01.ttp: 2204990.0 3.6862412E7 1.32715445E8 142642545 2.0888281710349303E8 4.707348998756786E7 196961
pla85900_n858990_uncorr_01.ttp: 3557477.0 3.5509925E7 1.28561195E8 142654411 2.0617255430313936E8 4.403044773571287E7 202392
pla85900_n858990_uncorr_01.ttp: 3000870.0 3.6066532E7 1.31322908E8 142661837 2.0853185811959302E8 4.582484617096686E7 202069
pla85900_n858990_uncorr_01.ttp: 2218295.0 3.6849107E7 1.32653513E8 142679720 2.089887023948814E8 4.696814501809864E7 197811
pla85900_n858990_uncorr_01.ttp: 2976967.0 3.6090435E7 1.31390439E8 142707478 2.0814050553692025E8 4.6052831729862705E7 195978
pla85900_n858990_uncorr_01.ttp: 3609331.0 3.5458071E7 1.28466273E8 142676969 2.0585008834238482E8 4.406773677962223E7 197454
pla85900_n858990_uncorr_01.ttp: 2189834.0 3.6877568E7 1.32719787E8 142661060 2.0898902862358442E8 4.703428526433039E7 196144
pla85900_n858990_uncorr_01.ttp: 2972450.0 3.6094952E7 1.3131649E8 142675322 2.0871106696034947E8 4.574495254625672E7 199539
pla85900_n858990_uncorr_01.ttp: 2906875.0 3.6160527E7 1.31377309E8 142646050 2.0782449769851348E8 4.6169264943609476E7 196855
pla85900_n858990_uncorr_01.ttp: 2978657.0 3.6088745E7 1.31340153E8 142659218 2.082868603219928E8 4.5942540267982945E7 195108
pla85900_n858990_uncorr_01.ttp: 2178809.0 3.6888593E7 1.32707706E8 142748743 2.0919471285877264E8 4.693787372790323E7 196812
pla85900_n858990_uncorr_01.ttp: 2957272.0 3.611013E7 1.31168923E8 142671145 2.085856405931552E8 4.564881035680637E7 197604
pla85900_n858990_uncorr_01.ttp: 2990576.0 3.6076826E7 1.31269111E8 142728952 2.0788770155271438E8 4.603515336338711E7 194541
pla85900_n858990_uncorr_01.ttp: 2216842.0 3.685056E7 1.32689992E8 142680389 2.0857299417235446E8 4.717506438933468E7 198879
pla85900_n858990_uncorr_01.ttp: 2584212.0 3.648319E7 1.32010672E8 142691337 2.0819515956738386E8 4.6650656577372625E7 199154
pla85900_n858990_uncorr_01.ttp: 2570122.0 3.649728E7 1.32010051E8 142731885 2.0778013615332034E8 4.682019517713867E7 198739
RESULTS FOR heuristics : 24
pla85900_n858990_uncorr_01.ttp: 2746651.0 3.6320751E7 1.31705728E8 142746911 2.0801460519638172E8 4.64197398694835E7 455322
pla85900_n858990_uncorr_01.ttp: 2983765.0 3.6083637E7 1.31288815E8 142633060 2.0812343709793863E8 4.595820578984517E7 455959
pla85900_n858990_uncorr_01.ttp: 2971674.0 3.6095728E7 1.31328968E8 142699529 2.0845486208833104E8 4.5862474543784276E7 457805
pla85900_n858990_uncorr_01.ttp: 2223508.0 3.6843894E7 1.32636281E8 142758308 2.0879548268473536E8 4.703013309925851E7 456193
pla85900_n858990_uncorr_01.ttp: 2542525.0 3.6524877E7 1.31824308E8 142704517 2.0926448037945265E8 4.6025871044424415E7 334462
pla85900_n858990_uncorr_01.ttp: 2197448.0 3.6869954E7 1.32718198E8 142634349 2.0863002067496994E8 4.717988952326232E7 457110
pla85900_n858990_uncorr_01.ttp: 2553758.0 3.6513644E7 1.32025275E8 142721392 2.0758539763031682E8 4.6915261971570104E7 458725
pla85900_n858990_uncorr_01.ttp: 2978707.0 3.6088695E7 1.3137884E8 142684310 2.0794112305683383E8 4.612297954669814E7 458149
pla85900_n858990_uncorr_01.ttp: 2584344.0 3.6483058E7 1.32000059E8 142689990 2.078453079887505E8 4.678348272461231E7 459523
pla85900_n858990_uncorr_01.ttp: 2980288.0 3.6087114E7 1.31334447E8 142616525 2.08727428424257E8 4.575620134605463E7 456193
pla85900_n858990_uncorr_01.ttp: 2979131.0 3.6088271E7 1.31307118E8 142640998 2.0836776795028043E8 4.587633314038503E7 457462
pla85900_n858990_uncorr_01.ttp: 2961847.0 3.6105555E7 1.31329222E8 142660980 2.0834837733308676E8 4.590638729343444E7 456616
pla85900_n858990_uncorr_01.ttp: 2999519.0 3.6067883E7 1.31261639E8 142692763 2.084895889857186E8 4.578090751585537E7 456186
pla85900_n858990_uncorr_01.ttp: 2174242.0 3.689316E7 1.32750064E8 142740780 2.0955618552937844E8 4.683202793295485E7 460453
pla85900_n858990_uncorr_01.ttp: 2574675.0 3.6492727E7 1.32006605E8 142737016 2.0783967378830191E8 4.679233874679622E7 459981
pla85900_n858990_uncorr_01.ttp: 2594813.0 3.6472589E7 1.31981047E8 142702038 2.0781096865425682E8 4.677854985175471E7 458644
pla85900_n858990_uncorr_01.ttp: 2588230.0 3.6479172E7 1.31998528E8 142724849 2.079761032064798E8 4.6728325685343295E7 459036
pla85900_n858990_uncorr_01.ttp: 2990448.0 3.6076954E7 1.31414815E8 142625548 2.0837433696683162E8 4.598133684359904E7 456788
pla85900_n858990_uncorr_01.ttp: 2574987.0 3.6492415E7 1.32014254E8 142730644 2.0793181834884265E8 4.676220847697452E7 461654
pla85900_n858990_uncorr_01.ttp: 2573020.0 3.6494382E7 1.31992602E8 142729064 2.0779616234510544E8 4.679617543850678E7 456789
pla85900_n858990_uncorr_01.ttp: 2219729.0 3.6847673E7 1.32677958E8 142710814 2.0876216731232134E8 4.708546940194826E7 334357
pla85900_n858990_uncorr_01.ttp: 3000919.0 3.6066483E7 1.31299053E8 142688510 2.0838425794459033E8 4.586150724271797E7 464286
pla85900_n858990_uncorr_01.ttp: 2564819.0 3.6502583E7 1.3201702E8 142716622 2.074735047951511E8 4.695288303398804E7 461073
pla85900_n858990_uncorr_01.ttp: 2562569.0 3.6504833E7 1.31965818E8 142653151 2.078162915032876E8 4.6761138483652085E7 455175
pla85900_n858990_uncorr_01.ttp: 2959559.0 3.6107843E7 1.31288586E8 142703892 2.0800015116326606E8 4.600852402306092E7 458252
pla85900_n858990_uncorr_01.ttp: 2557506.0 3.6509896E7 1.32041372E8 142640578 2.0759784824501935E8 4.692625421954207E7 455588
pla85900_n858990_uncorr_01.ttp: 2561740.0 3.6505662E7 1.32048332E8 142793345 2.0821068510852292E8 4.66819511055056E7 463609
pla85900_n858990_uncorr_01.ttp: 2843729.0 3.6223673E7 1.31438957E8 142774348 2.0781004860913822E8 4.623683707025333E7 464833
pla85900_n858990_uncorr_01.ttp: 2976021.0 3.6091381E7 1.31351319E8 142699145 2.080780603229945E8 4.6039314267572254E7 455903
pla85900_n858990_uncorr_01.ttp: 2585137.0 3.6482265E7 1.31857636E8 142658056 2.0788405245543095E8 4.662517449327332E7 459661
Instance :pla85900_n858990_uncorr-similar-weights_01.ttp
RESULTS FOR heuristics : 20
pla85900_n858990_uncorr-similar-weights_01.ttp: 321.0 7.8441017E7 6.7520264E7 142857699 2.0167513737334296E8 2.7185236525331408E7 196903
pla85900_n858990_uncorr-similar-weights_01.ttp: 301.0 7.8441037E7 6.7740395E7 142624802 2.041883824328133E8 2.690271851343734E7 200194
pla85900_n858990_uncorr-similar-weights_01.ttp: 862.0 7.8440476E7 6.765963E7 142742085 1.996111744023628E8 2.7737395119527437E7 197442
pla85900_n858990_uncorr-similar-weights_01.ttp: 82.0 7.8441256E7 6.7580954E7 142611714 2.0350082483017758E8 2.6880789033964485E7 197511
pla85900_n858990_uncorr-similar-weights_01.ttp: 322.0 7.8441016E7 6.7723797E7 142685619 1.996022216622333E8 2.7803352667553343E7 196628
pla85900_n858990_uncorr-similar-weights_01.ttp: 648.0 7.844069E7 6.7456642E7 142703204 1.999859512753684E8 2.745945174492632E7 195357
pla85900_n858990_uncorr-similar-weights_01.ttp: 676.0 7.8440662E7 6.7602731E7 142745839 1.9775881432309142E8 2.8050968135381714E7 198638
pla85900_n858990_uncorr-similar-weights_01.ttp: 127.0 7.8441211E7 6.761177E7 142619880 2.079668449000419E8 2.6018401019991614E7 200674
pla85900_n858990_uncorr-similar-weights_01.ttp: 202.0 7.8441136E7 6.756761E7 142708495 1.9796951283690402E8 2.797370743261919E7 200378
pla85900_n858990_uncorr-similar-weights_01.ttp: 945.0 7.8440393E7 6.7611446E7 142699625 2.0156058058130136E8 2.7299329883739725E7 197229
pla85900_n858990_uncorr-similar-weights_01.ttp: 476.0 7.8440862E7 6.7714311E7 142699740 2.0251257740505904E8 2.7211795518988192E7 196917
pla85900_n858990_uncorr-similar-weights_01.ttp: 232.0 7.8441106E7 6.7557372E7 142848176 2.006177826537497E8 2.743381546925006E7 197240
pla85900_n858990_uncorr-similar-weights_01.ttp: 453.0 7.8440885E7 6.7603899E7 142703250 1.9896070885685897E8 2.7811757228628203E7 200234
pla85900_n858990_uncorr-similar-weights_01.ttp: 450.0 7.8440888E7 6.7685908E7 142632121 1.985026413936128E8 2.7985379721277438E7 194679
pla85900_n858990_uncorr-similar-weights_01.ttp: 588.0 7.844075E7 6.7591121E7 142762215 2.014402048197074E8 2.7303080036058515E7 198905
pla85900_n858990_uncorr-similar-weights_01.ttp: 578.0 7.844076E7 6.7691404E7 142636889 2.038884157880421E8 2.691372084239158E7 193217
pla85900_n858990_uncorr-similar-weights_01.ttp: 266.0 7.8441072E7 6.7644777E7 142642438 2.0348113223282433E8 2.6948550553435132E7 198715
pla85900_n858990_uncorr-similar-weights_01.ttp: 41.0 7.8441297E7 6.7564429E7 142682379 2.0377581739078423E8 2.680926552184315E7 197222
pla85900_n858990_uncorr-similar-weights_01.ttp: 500.0 7.8440838E7 6.7624662E7 142630999 2.0386573426012617E8 2.685151514797476E7 198096
pla85900_n858990_uncorr-similar-weights_01.ttp: 11.0 7.8441327E7 6.7699205E7 142686714 2.022085725151469E8 2.7257490496970616E7 197782
pla85900_n858990_uncorr-similar-weights_01.ttp: 196.0 7.8441142E7 6.7546227E7 142685124 2.036669514739052E8 2.6812836705218956E7 197995
pla85900_n858990_uncorr-similar-weights_01.ttp: 554.0 7.8440784E7 6.7511166E7 142622367 2.022373032126797E8 2.7063705357464053E7 192883
pla85900_n858990_uncorr-similar-weights_01.ttp: 930.0 7.8440408E7 6.76899E7 142718767 2.0230688734037092E8 2.7228522531925812E7 197146
pla85900_n858990_uncorr-similar-weights_01.ttp: 791.0 7.8440547E7 6.7178892E7 142636435 2.1283884861278483E8 2.461112227744303E7 198479
pla85900_n858990_uncorr-similar-weights_01.ttp: 471.0 7.8440867E7 6.7708836E7 142677993 1.9859537931104317E8 2.7989760137791365E7 197671
pla85900_n858990_uncorr-similar-weights_01.ttp: 496.0 7.8440842E7 6.7724514E7 142669817 2.0472905835364914E8 2.677870232927017E7 196474
pla85900_n858990_uncorr-similar-weights_01.ttp: 29.0 7.8441309E7 6.7436471E7 142671875 2.0493399060264006E8 2.6449672879471987E7 199747
pla85900_n858990_uncorr-similar-weights_01.ttp: 641.0 7.8440697E7 6.7606916E7 142626180 2.0077417375750187E8 2.7452081248499624E7 197512
pla85900_n858990_uncorr-similar-weights_01.ttp: 550.0 7.8440788E7 6.7671396E7 142763724 2.029406253127995E8 2.7083270937440097E7 195621
pla85900_n858990_uncorr-similar-weights_01.ttp: 891.0 7.8440447E7 6.7653001E7 142734762 1.9813651369622663E8 2.8025698260754675E7 200058
RESULTS FOR heuristics : 24
pla85900_n858990_uncorr-similar-weights_01.ttp: 724.0 7.8440614E7 6.7532253E7 142648329 1.97704956864523E8 2.79912616270954E7 458732
pla85900_n858990_uncorr-similar-weights_01.ttp: 71.0 7.8441267E7 6.7634308E7 142702079 1.995010809828387E8 2.7734091803432263E7 463485
pla85900_n858990_uncorr-similar-weights_01.ttp: 0.0 7.8441338E7 6.7625648E7 142680882 1.9860912353774664E8 2.7903823292450674E7 462259
pla85900_n858990_uncorr-similar-weights_01.ttp: 604.0 7.8440734E7 6.7680091E7 142701883 1.9838058604938075E8 2.800397379012385E7 457070
pla85900_n858990_uncorr-similar-weights_01.ttp: 29.0 7.8441309E7 6.7537456E7 142816400 1.990199752521745E8 2.7733460949565098E7 461726
pla85900_n858990_uncorr-similar-weights_01.ttp: 188.0 7.844115E7 6.7567111E7 142695934 1.9825692054756603E8 2.791572689048679E7 458616
pla85900_n858990_uncorr-similar-weights_01.ttp: 734.0 7.8440604E7 6.7559362E7 142690115 2.0180964485622346E8 2.7197433028755307E7 456811
pla85900_n858990_uncorr-similar-weights_01.ttp: 609.0 7.8440729E7 6.7303013E7 142697131 2.015598450235454E8 2.6991043995290913E7 465706
pla85900_n858990_uncorr-similar-weights_01.ttp: 718.0 7.844062E7 6.7614434E7 142656780 1.9789507505777606E8 2.8035418988444783E7 456039
pla85900_n858990_uncorr-similar-weights_01.ttp: 5.0 7.8441333E7 6.7692253E7 142737447 2.0259654856868258E8 2.717294328626348E7 453999
pla85900_n858990_uncorr-similar-weights_01.ttp: 843.0 7.8440495E7 6.7636545E7 142746179 1.992456780222369E8 2.7787409395552613E7 454455
pla85900_n858990_uncorr-similar-weights_01.ttp: 630.0 7.8440708E7 6.7586749E7 142685216 1.9762386883164075E8 2.806197523367185E7 457393
pla85900_n858990_uncorr-similar-weights_01.ttp: 300.0 7.8441038E7 6.7592092E7 142719851 2.0347196912218982E8 2.689769817556203E7 453568
pla85900_n858990_uncorr-similar-weights_01.ttp: 670.0 7.8440668E7 6.7598924E7 142731377 1.9885699483081278E8 2.7827525033837445E7 455643
pla85900_n858990_uncorr-similar-weights_01.ttp: 515.0 7.8440823E7 6.7513782E7 142647880 1.9932890709515983E8 2.764800058096803E7 460856
pla85900_n858990_uncorr-similar-weights_01.ttp: 103.0 7.8441235E7 6.7671894E7 142731303 1.9941411733876404E8 2.7789070532247193E7 455955
pla85900_n858990_uncorr-similar-weights_01.ttp: 341.0 7.8440997E7 6.7573626E7 142685581 1.9823763009825945E8 2.792609998034811E7 461531
pla85900_n858990_uncorr-similar-weights_01.ttp: 366.0 7.8440972E7 6.7501125E7 142655866 1.9748448854194725E8 2.8004227291610546E7 459702
pla85900_n858990_uncorr-similar-weights_01.ttp: 318.0 7.844102E7 6.7612086E7 142728118 1.9967648173796353E8 2.7676789652407296E7 334164
pla85900_n858990_uncorr-similar-weights_01.ttp: 319.0 7.8441019E7 6.7631605E7 142800592 1.9759624428581867E8 2.8112356142836265E7 457223
pla85900_n858990_uncorr-similar-weights_01.ttp: 251.0 7.8441087E7 6.7583404E7 142678282 1.9770242242236412E8 2.8042919515527174E7 460174
pla85900_n858990_uncorr-similar-weights_01.ttp: 58.0 7.844128E7 6.7589219E7 142683498 1.9750184923851082E8 2.8088849152297832E7 454909
pla85900_n858990_uncorr-similar-weights_01.ttp: 280.0 7.8441058E7 6.7610344E7 142700614 2.0393836274174193E8 2.682267145165161E7 453727
pla85900_n858990_uncorr-similar-weights_01.ttp: 116.0 7.8441222E7 6.7495055E7 142783572 1.969754485257865E8 2.8099965294842698E7 459482
pla85900_n858990_uncorr-similar-weights_01.ttp: 907.0 7.8440431E7 6.7609439E7 142634747 1.978790342913319E8 2.8033632141733624E7 457884
pla85900_n858990_uncorr-similar-weights_01.ttp: 129.0 7.8441209E7 6.764051E7 142687663 1.9842613842799512E8 2.795528231440098E7 462752
pla85900_n858990_uncorr-similar-weights_01.ttp: 574.0 7.8440764E7 6.7617073E7 142750209 1.9914121522829977E8 2.7788829954340048E7 457798
pla85900_n858990_uncorr-similar-weights_01.ttp: 377.0 7.8440961E7 6.7538944E7 142697271 2.0359553027988073E8 2.6819837944023848E7 451564
pla85900_n858990_uncorr-similar-weights_01.ttp: 887.0 7.8440451E7 6.7714579E7 142668239 2.038982085609836E8 2.6934937287803277E7 460999
pla85900_n858990_uncorr-similar-weights_01.ttp: 553.0 7.8440785E7 6.7539567E7 142685234 1.979625904211673E8 2.7947048915766537E7 452589
