Enter TTP instance file:
RESULTS FOR heuristics : 20
pla85900_n85899_bounded-strongly-corr_01.ttp: 0.0 7394811.0 1.1338111E7 142743664 1.9108661264153937E8 5605512.620753819 623311
pla85900_n85899_bounded-strongly-corr_01.ttp: 9.0 7394802.0 1.1369602E7 142681062 1.9235433500348753E8 5598971.9498953745 660121
pla85900_n85899_bounded-strongly-corr_01.ttp: 106.0 7394705.0 1.1364305E7 142660378 1.918974407964393E8 5607381.776106821 631338
pla85900_n85899_bounded-strongly-corr_01.ttp: 68.0 7394743.0 1.1322243E7 142775427 1.86393567713214E8 5730435.96860358 628940
pla85900_n85899_bounded-strongly-corr_01.ttp: 3.0 7394808.0 1.1336108E7 142690666 1.876659381320228E8 5706129.856039316 623625
pla85900_n85899_bounded-strongly-corr_01.ttp: 5.0 7394806.0 1.1330606E7 142675157 1.8710707531855765E8 5717393.740443271 622811
pla85900_n85899_bounded-strongly-corr_01.ttp: 116.0 7394695.0 1.1356095E7 142661845 1.919843893996525E8 5596563.318010425 623694
pla85900_n85899_bounded-strongly-corr_01.ttp: 6.0 7394805.0 1.1343505E7 142674479 1.914178351630151E8 5600969.945109547 609460
pla85900_n85899_bounded-strongly-corr_01.ttp: 51.0 7394760.0 1.132426E7 142693657 1.8757568188153142E8 5696989.543554057 613024
pla85900_n85899_bounded-strongly-corr_01.ttp: 45.0 7394766.0 1.1347166E7 142702916 1.8946733119741035E8 5663146.06407769 619725
pla85900_n85899_bounded-strongly-corr_01.ttp: 47.0 7394764.0 1.1327764E7 142740310 1.9359551139086604E8 5519898.658274019 503922
pla85900_n85899_bounded-strongly-corr_01.ttp: 101.0 7394710.0 1.132071E7 142679806 1.905994200110515E8 5602727.399668455 454716
pla85900_n85899_bounded-strongly-corr_01.ttp: 98.0 7394713.0 1.1346113E7 142776661 1.8661383913060564E8 5747697.826081831 466125
pla85900_n85899_bounded-strongly-corr_01.ttp: 14.0 7394797.0 1.1334797E7 142676086 1.9124651459184468E8 5597401.56224466 464999
pla85900_n85899_bounded-strongly-corr_01.ttp: 134.0 7394677.0 1.1307577E7 142694803 1.999560918908744E8 5308894.243273769 462384
pla85900_n85899_bounded-strongly-corr_01.ttp: 37.0 7394774.0 1.1313574E7 142653762 1.8653595823291254E8 5717495.253012624 464673
pla85900_n85899_bounded-strongly-corr_01.ttp: 50.0 7394761.0 1.1358461E7 142673761 1.920847979959836E8 5595917.060120492 467046
pla85900_n85899_bounded-strongly-corr_01.ttp: 5.0 7394806.0 1.1346106E7 142728773 1.9314609684514543E8 5551723.094645637 465592
pla85900_n85899_bounded-strongly-corr_01.ttp: 10.0 7394801.0 1.1366101E7 142648717 1.9237823462734914E8 5594753.9611795265 461743
pla85900_n85899_bounded-strongly-corr_01.ttp: 14.0 7394797.0 1.1343697E7 142798229 1.881112905916338E8 5700358.282250986 463853
pla85900_n85899_bounded-strongly-corr_01.ttp: 38.0 7394773.0 1.1334473E7 142738918 2.0207688261435947E8 5272166.521569217 462720
pla85900_n85899_bounded-strongly-corr_01.ttp: 16.0 7394795.0 1.1336495E7 142719326 1.916528220997054E8 5586910.337008839 467982
pla85900_n85899_bounded-strongly-corr_01.ttp: 30.0 7394781.0 1.1366981E7 142687796 1.89991882468591E8 5667224.52594227 459501
pla85900_n85899_bounded-strongly-corr_01.ttp: 16.0 7394795.0 1.1361595E7 142728747 1.897632965350197E8 5668696.103949409 471114
pla85900_n85899_bounded-strongly-corr_01.ttp: 123.0 7394688.0 1.1309988E7 142626310 1.8666258611977422E8 5710110.416406774 463315
pla85900_n85899_bounded-strongly-corr_01.ttp: 14.0 7394797.0 1.1348797E7 142660242 1.9157891765760002E8 5601429.470272 465622
pla85900_n85899_bounded-strongly-corr_01.ttp: 18.0 7394793.0 1.1303493E7 142708946 1.90249536941072E8 5596006.891767841 462843
pla85900_n85899_bounded-strongly-corr_01.ttp: 3.0 7394808.0 1.1364908E7 142727359 2.029789170158722E8 5275540.489523834 465421
pla85900_n85899_bounded-strongly-corr_01.ttp: 57.0 7394754.0 1.1309954E7 142619865 1.9041353132846642E8 5597548.060146008 460822
pla85900_n85899_bounded-strongly-corr_01.ttp: 5.0 7394806.0 1.1376606E7 142629777 1.8704368032658145E8 5765295.590202557 460314
RESULTS FOR heuristics : 21
pla85900_n85899_bounded-strongly-corr_01.ttp: 124.0 7394687.0 1.1358387E7 142693329 1.9764861547504702E8 5428928.53574859 600016
pla85900_n85899_bounded-strongly-corr_01.ttp: 2.0 7394809.0 1.1342709E7 142628081 1.9208749612397972E8 5580084.116280609 600085
pla85900_n85899_bounded-strongly-corr_01.ttp: 133.0 7394678.0 1.1355678E7 142687392 1.9338411669273064E8 5554154.499218081 919223
pla85900_n85899_bounded-strongly-corr_01.ttp: 26.0 7394785.0 1.1338585E7 142706663 1.8800611389695367E8 5698401.58309139 942861
pla85900_n85899_bounded-strongly-corr_01.ttp: 65.0 7394746.0 1.1389446E7 142694972 1.8969219690985802E8 5698680.09270426 926568
pla85900_n85899_bounded-strongly-corr_01.ttp: 14.0 7394797.0 1.1317797E7 142709740 1.867842872023815E8 5714268.383928555 938689
pla85900_n85899_bounded-strongly-corr_01.ttp: 26.0 7394785.0 1.1317385E7 142733075 1.8749955824194488E8 5692398.2527416535 920134
pla85900_n85899_bounded-strongly-corr_01.ttp: 81.0 7394730.0 1.135283E7 142722864 1.8705152429884258E8 5741284.271034723 945373
pla85900_n85899_bounded-strongly-corr_01.ttp: 24.0 7394787.0 1.1351087E7 142702835 1.8891972856481308E8 5683495.143055608 924063
pla85900_n85899_bounded-strongly-corr_01.ttp: 15.0 7394796.0 1.1380696E7 142714294 1.8886883815316302E8 5714630.85540511 932220
pla85900_n85899_bounded-strongly-corr_01.ttp: 1.0 7394810.0 1.131871E7 142708796 1.8572809928161937E8 5746867.021551419 931982
pla85900_n85899_bounded-strongly-corr_01.ttp: 7.0 7394804.0 1.1377904E7 142704507 1.881346717287174E8 5733863.848138479 926747
pla85900_n85899_bounded-strongly-corr_01.ttp: 9.0 7394802.0 1.1379102E7 142727290 1.885959660465928E8 5721223.018602217 919145
pla85900_n85899_bounded-strongly-corr_01.ttp: 13.0 7394798.0 1.1314198E7 142685676 1.8817094045760387E8 5669069.786271884 937802
pla85900_n85899_bounded-strongly-corr_01.ttp: 2.0 7394809.0 1.1350709E7 142706161 1.9317520729752526E8 5555452.781074243 950306
pla85900_n85899_bounded-strongly-corr_01.ttp: 12.0 7394799.0 1.1360299E7 142712784 1.9644491388382733E8 5466951.5834851805 942135
pla85900_n85899_bounded-strongly-corr_01.ttp: 25.0 7394786.0 1.1360286E7 142821285 1.897215858335331E8 5668638.424994007 934281
pla85900_n85899_bounded-strongly-corr_01.ttp: 13.0 7394798.0 1.1306698E7 142662701 1.8602957179515502E8 5725810.84614535 929130
pla85900_n85899_bounded-strongly-corr_01.ttp: 68.0 7394743.0 1.1351443E7 142743279 1.8858482716764513E8 5693898.184970646 955069
pla85900_n85899_bounded-strongly-corr_01.ttp: 29.0 7394782.0 1.1377482E7 142675613 1.9287857101082802E8 5591124.869675159 926845
pla85900_n85899_bounded-strongly-corr_01.ttp: 62.0 7394749.0 1.1350949E7 142698448 1.9189101929322776E8 5594218.421203167 928184
pla85900_n85899_bounded-strongly-corr_01.ttp: 38.0 7394773.0 1.1337773E7 142688641 1.8798146346596777E8 5698329.096020967 931528
pla85900_n85899_bounded-strongly-corr_01.ttp: 100.0 7394711.0 1.1327111E7 142650909 1.874957052071673E8 5702239.843784981 924095
pla85900_n85899_bounded-strongly-corr_01.ttp: 117.0 7394694.0 1.1353794E7 142642659 1.9173017216697946E8 5601888.834990616 929792
pla85900_n85899_bounded-strongly-corr_01.ttp: 119.0 7394692.0 1.1300092E7 142654232 1.8657621342133313E8 5702805.5973600065 931065
pla85900_n85899_bounded-strongly-corr_01.ttp: 31.0 7394780.0 1.135298E7 142692846 1.9069836330528906E8 5632029.1008413285 919248
pla85900_n85899_bounded-strongly-corr_01.ttp: 