Enter TTP instance file:
RESULTS FOR heuristics : 20
rat783_n782_uncorr-similar-weights_01.ttp: 90.0 71323.0 60904.0 9245 13019.149852130384 25752.29539924796 1507
rat783_n782_uncorr-similar-weights_01.ttp: 86.0 71327.0 61233.0 9249 12988.342952643847 26164.47402786161 1292
rat783_n782_uncorr-similar-weights_01.ttp: 83.0 71330.0 60513.0 9252 12998.439478522176 25417.213407990123 1302
rat783_n782_uncorr-similar-weights_01.ttp: 89.0 71324.0 60542.0 9248 12975.6102061687 25507.852443344505 1261
rat783_n782_uncorr-similar-weights_01.ttp: 96.0 71317.0 61889.0 9264 12905.211784875019 27044.92818083745 1293
rat783_n782_uncorr-similar-weights_01.ttp: 95.0 71318.0 61680.0 9266 12721.74992685572 27331.27519748955 1407
rat783_n782_uncorr-similar-weights_01.ttp: 73.0 71340.0 61243.0 9256 12988.918338932954 26172.920484881026 1241
rat783_n782_uncorr-similar-weights_01.ttp: 90.0 71323.0 62082.0 9253 12627.748734483932 27987.078416893382 1188
rat783_n782_uncorr-similar-weights_01.ttp: 87.0 71326.0 61314.0 9273 12641.09792048966 27183.035614677916 1741
rat783_n782_uncorr-similar-weights_01.ttp: 109.0 71304.0 60756.0 9257 12902.598972434322 25918.982774427328 1369
rat783_n782_uncorr-similar-weights_01.ttp: 115.0 71298.0 61463.0 9260 13157.346948396338 25938.163239329886 1271
rat783_n782_uncorr-similar-weights_01.ttp: 98.0 71315.0 60655.0 9257 12722.655033371533 26303.831409896855 1584
rat783_n782_uncorr-similar-weights_01.ttp: 81.0 71332.0 62087.0 9260 12825.511229635678 27458.11967998367 1178
rat783_n782_uncorr-similar-weights_01.ttp: 71.0 71342.0 60885.0 9254 12724.201370699315 26529.656299111848 1227
rat783_n782_uncorr-similar-weights_01.ttp: 102.0 71311.0 61479.0 9255 12974.511324716772 26447.819423264715 1259
rat783_n782_uncorr-similar-weights_01.ttp: 85.0 71328.0 60612.0 9258 12427.012495039742 27059.06626339269 1264
rat783_n782_uncorr-similar-weights_01.ttp: 81.0 71332.0 61006.0 9257 12962.935271937276 26006.07476576935 1743
rat783_n782_uncorr-similar-weights_01.ttp: 79.0 71334.0 60855.0 9251 12950.097179146092 25889.737616305545 1888
rat783_n782_uncorr-similar-weights_01.ttp: 121.0 71292.0 61110.0 9257 12878.770202555877 26337.320453099128 1870
rat783_n782_uncorr-similar-weights_01.ttp: 97.0 71316.0 61666.0 9251 12734.14231563208 27283.815747793386 2011
rat783_n782_uncorr-similar-weights_01.ttp: 101.0 71312.0 61877.0 9257 12737.88680682905 27484.70562156156 1925
rat783_n782_uncorr-similar-weights_01.ttp: 95.0 71318.0 60949.0 9271 12858.204193635198 26231.848677184964 1844
rat783_n782_uncorr-similar-weights_01.ttp: 115.0 71298.0 61034.0 9262 12838.308957572513 26370.56581455421 1920
rat783_n782_uncorr-similar-weights_01.ttp: 92.0 71321.0 60358.0 9254 12794.166936877018 25813.749270432047 1884
rat783_n782_uncorr-similar-weights_01.ttp: 89.0 71324.0 61461.0 9255 12856.360273119339 26748.827262577783 2393
rat783_n782_uncorr-similar-weights_01.ttp: 85.0 71328.0 61525.0 9257 12929.363556827957 26615.718396564516 1964
rat783_n782_uncorr-similar-weights_01.ttp: 93.0 71320.0 60066.0 9277 12402.385931720608 26579.557984354353 2020
rat783_n782_uncorr-similar-weights_01.ttp: 116.0 71297.0 60836.0 9258 12781.934012566302 26324.77816607098 1934
rat783_n782_uncorr-similar-weights_01.ttp: 110.0 71303.0 61366.0 9254 13275.246748978441 25522.833777758206 1969
rat783_n782_uncorr-similar-weights_01.ttp: 86.0 71327.0 60209.0 9267 12440.042541911373 26620.885136839293 2012
RESULTS FOR heuristics : 21
rat783_n782_uncorr-similar-weights_01.ttp: 68.0 71345.0 60860.0 9274 12640.642754748325 26730.264562179516 1844
rat783_n782_uncorr-similar-weights_01.ttp: 95.0 71318.0 61868.0 9250 12671.114806265074 27655.990023084298 1974
rat783_n782_uncorr-similar-weights_01.ttp: 94.0 71319.0 61002.0 9258 12807.523607476018 26421.68625981475 1826
rat783_n782_uncorr-similar-weights_01.ttp: 102.0 71311.0 61479.0 9255 12973.996341971771 26449.209876676214 2536
rat783_n782_uncorr-similar-weights_01.ttp: 85.0 71328.0 60258.0 9248 12842.634000833286 25582.888197750122 2578
rat783_n782_uncorr-similar-weights_01.ttp: 113.0 71300.0 61124.0 9275 12811.93527593069 26531.774754987135 2734
rat783_n782_uncorr-similar-weights_01.ttp: 73.0 71340.0 60470.0 9258 12441.426907999674 26878.147348400875 2646
rat783_n782_uncorr-similar-weights_01.ttp: 93.0 71320.0 61757.0 9247 12808.522681621325 27173.98875962242 2416
rat783_n782_uncorr-similar-weights_01.ttp: 81.0 71332.0 61681.0 9257 12912.530952432382 26817.166428432567 2729
rat783_n782_uncorr-similar-weights_01.ttp: 110.0 71303.0 61849.0 9254 13187.665781539561 26242.302389843186 2623
rat783_n782_uncorr-similar-weights_01.ttp: 90.0 71323.0 62040.0 9267 12768.552683108923 27564.907755605906 2590
rat783_n782_uncorr-similar-weights_01.ttp: 79.0 71334.0 60855.0 9251 12948.343096720022 25894.47363885594 2697
rat783_n782_uncorr-similar-weights_01.ttp: 108.0 71305.0 61101.0 9253 12910.320178914038 26243.135516932096 3330
rat783_n782_uncorr-similar-weights_01.ttp: 92.0 71321.0 61790.0 9249 12685.436682652926 27539.320956837095 3430
rat783_n782_uncorr-similar-weights_01.ttp: 112.0 71301.0 61240.0 9252 12929.486074070343 26330.38760001007 3137
rat783_n782_uncorr-similar-weights_01.ttp: 110.0 71303.0 61849.0 9254 13186.677832009611 26244.969853574046 3248
rat783_n782_uncorr-similar-weights_01.ttp: 86.0 71327.0 61373.0 9261 12663.482660450369 27181.596816784004 3424
rat783_n782_uncorr-similar-weights_01.ttp: 83.0 71330.0 61177.0 9254 13116.651532827898 25762.040861364672 3226
rat783_n782_uncorr-similar-weights_01.ttp: 110.0 71303.0 61849.0 9254 13186.677832009611 26244.969853574046 3316
rat783_n782_uncorr-similar-weights_01.ttp: 99.0 71314.0 61705.0 9274 12789.361097258221 27173.7250374028 3531
rat783_n782_uncorr-similar-weights_01.ttp: 76.0 71337.0 60718.0 9270 12867.451231426227 25975.881675149183 4062
rat783_n782_uncorr-similar-weights_01.ttp: 112.0 71301.0 61240.0 9252 12929.260459184095 26330.996760202943 3819
rat783_n782_uncorr-similar-weights_01.ttp: 96.0 71317.0 62008.0 9248 12765.797108480314 27540.34780710315 3688
rat783_n782_uncorr-similar-weights_01.ttp: 104.0 71309.0 61743.0 9254 12623.559731704298 27659.38872439839 3905
rat783_n782_uncorr-similar-weights_01.ttp: 78.0 71335.0 60174.0 9252 12423.807751098711 26629.719072033477 3973
rat783_n782_uncorr-similar-weights_01.ttp: 105.0 71308.0 60755.0 9269 12817.71409077362 26147.171954911224 3789
rat783_n782_uncorr-similar-weights_01.ttp: 86.0 71327.0 60664.0 9254 12618.319133204419 26594.538340348066 3951
rat783_n782_uncorr-similar-weights_01.ttp: 76.0 71337.0 61013.0 9260 12368.704060525099 27617.49903658223 3996
rat783_n782_uncorr-similar-weights_01.ttp: 112.0 71301.0 61240.0 9252 12929.486074070343 26330.38760001007 3832
rat783_n782_uncorr-similar-weights_01.ttp: 90.0 71323.0 60483.0 9254 12995.76179628541 25394.443150029394 3711
RESULTS FOR heuristics : 22
rat783_n782_uncorr-similar-weights_01.ttp: 115.0 71298.0 61120.0 9254 12859.887997522224 26398.30240668999 599834
rat783_n782_uncorr-similar-weights_01.ttp: 122.0 71291.0 61292.0 9252 12920.289342849492 26407.21877430637 599809
rat783_n782_uncorr-similar-weights_01.ttp: 81.0 71332.0 60946.0 9250 12896.624813117542 26125.113004582636 599825
rat783_n782_uncorr-similar-weights_01.ttp: 88.0 71325.0 61015.0 9257 12831.638910441336 26369.574941808394 599816
rat783_n782_uncorr-similar-weights_01.ttp: 76.0 71337.0 61036.0 9253 12875.713908643243 26271.57244666324 599829
rat783_n782_uncorr-similar-weights_01.ttp: 107.0 71306.0 61075.0 9259 12832.84623336425 26426.315169916525 599795
rat783_n782_uncorr-similar-weights_01.ttp: 105.0 71308.0 61044.0 9254 12874.463324931265 26282.949022685585 599811
rat783_n782_uncorr-similar-weights_01.ttp: 66.0 71347.0 60450.0 9260 12443.342892274579 26852.974190858637 599795
rat783_n782_uncorr-similar-weights_01.ttp: 108.0 71305.0 60703.0 9256 12718.061572731938 26364.23375362376 599838
rat783_n782_uncorr-similar-weights_01.ttp: 97.0 71316.0 62200.0 9251 12676.420045598536 27973.665876883955 599843
rat783_n782_uncorr-similar-weights_01.ttp: 112.0 71301.0 60591.0 9256 12723.527111921867 26237.47679781096 599790
rat783_n782_uncorr-similar-weights_01.ttp: 79.0 71334.0 60833.0 9256 12997.799687766732 25738.94084302982 599838
rat783_n782_uncorr-similar-weights_01.ttp: 84.0 71329.0 61399.0 9258 12896.704193468835 26577.89867763414 599790
rat783_n782_uncorr-similar-weights_01.ttp: 91.0 71322.0 61685.0 9253 12816.228822692872 27081.182178729243 599838
rat783_n782_uncorr-similar-weights_01.ttp: 84.0 71329.0 60404.0 9245 12916.962237834396 25528.20195784713 599837
rat783_n782_uncorr-similar-weights_01.ttp: 108.0 71305.0 60671.0 9257 12741.566020372964 26268.77174499299 599796
rat783_n782_uncorr-similar-weights_01.ttp: 125.0 71288.0 61088.0 9254 13073.08721987386 25790.664506340574 599838
rat783_n782_uncorr-similar-weights_01.ttp: 77.0 71336.0 60926.0 9259 12508.202446677704 27153.853393970196 599790
rat783_n782_uncorr-similar-weights_01.ttp: 84.0 71329.0 60715.0 9268 13001.457063534015 25611.065928458156 599807
rat783_n782_uncorr-similar-weights_01.ttp: 91.0 71322.0 62006.0 9259 12701.263295467385 27712.58910223806 599791
rat783_n782_uncorr-similar-weights_01.ttp: 81.0 71332.0 61212.0 9260 12955.715115704697 26231.569187597313 599816
rat783_n782_uncorr-similar-weights_01.ttp: 99.0 71314.0 62095.0 9245 12740.825479944222 27694.771204150595 599790
rat783_n782_uncorr-similar-weights_01.ttp: 86.0 71327.0 60878.0 9261 12869.888681162078 26129.300560862386 599825
rat783_n782_uncorr-similar-weights_01.ttp: 108.0 71305.0 61129.0 9255 12831.328492088272 26484.41307136166 599797
rat783_n782_uncorr-similar-weights_01.ttp: 102.0 71311.0 61068.0 9259 12814.474189404851 26468.919688606897 599830
rat783_n782_uncorr-similar-weights_01.ttp: 89.0 71324.0 60796.0 9250 12961.03045833486 25801.21776249587 599844
rat783_n782_uncorr-similar-weights_01.ttp: 83.0 71330.0 60434.0 9253 12885.206290802478 25643.943014833305 599821
rat783_n782_uncorr-similar-weights_01.ttp: 82.0 71331.0 62396.0 9248 12682.038520607104 28154.49599436082 599813
rat783_n782_uncorr-similar-weights_01.ttp: 64.0 71349.0 61545.0 9263 12600.371429420078 27523.997140565785 599800
rat783_n782_uncorr-similar-weights_01.ttp: 89.0 71324.0 61631.0 9274 12726.719158861111 27268.858271074998 599793
RESULTS FOR heuristics : 23
rat783_n782_uncorr-similar-weights_01.ttp: 86.0 71327.0 61016.0 9271 12860.05680790084 26293.846618667725 54432
rat783_n782_uncorr-similar-weights_01.ttp: 89.0 71324.0 61272.0 9261 12891.009568833297 26466.274164150098 54716
rat783_n782_uncorr-similar-weights_01.ttp: 104.0 71309.0 60708.0 9257 12716.631330415696 26373.09540787762 28835
rat783_n782_uncorr-similar-weights_01.ttp: 110.0 71303.0 61366.0 9332 13140.384426184013 25886.96204930316 79198
rat783_n782_uncorr-similar-weights_01.ttp: 90.0 71323.0 60483.0 9286 12964.684724194809 25478.351244674013 53706
rat783_n782_uncorr-similar-weights_01.ttp: 99.0 71314.0 60986.0 9269 12986.51225986057 25922.41689837646 105308
rat783_n782_uncorr-similar-weights_01.ttp: 99.0 71314.0 62095.0 9266 12738.19277714549 27701.879501707175 54458
rat783_n782_uncorr-similar-weights_01.ttp: 86.0 71327.0 61373.0 9256 12667.16673957653 27171.649803143366 54030
rat783_n782_uncorr-similar-weights_01.ttp: 99.0 71314.0 60986.0 9274 12991.704683469072 25908.397354633504 104447
rat783_n782_uncorr-similar-weights_01.ttp: 83.0 71330.0 60484.0 9264 12722.86615390394 26132.261384459358 54765
rat783_n782_uncorr-similar-weights_01.ttp: 90.0 71323.0 61222.0 9275 13018.682509576862 26071.557224142474 79248
rat783_n782_uncorr-similar-weights_01.ttp: 75.0 71338.0 60391.0 9267 12406.528058548536 26893.37424191895 53764
rat783_n782_uncorr-similar-weights_01.ttp: 90.0 71323.0 60904.0 9274 12984.624694829068 25845.513323961517 105114
rat783_n782_uncorr-similar-weights_01.ttp: 81.0 71332.0 62234.0 9250 12625.306891753782 28145.671392264783 28936
rat783_n782_uncorr-similar-weights_01.ttp: 107.0 71306.0 60745.0 9287 12731.625384364297 26369.611462216395 54993
rat783_n782_uncorr-similar-weights_01.ttp: 80.0 71333.0 60708.0 9267 12604.575868584465 26675.64515482194 79675
rat783_n782_uncorr-similar-weights_01.ttp: 114.0 71299.0 61128.0 9258 13031.374973368425 25943.287571905246 28601
rat783_n782_uncorr-similar-weights_01.ttp: 78.0 71335.0 60431.0 9260 12891.56401642907 25623.77715564151 53470
rat783_n782_uncorr-similar-weights_01.ttp: 77.0 71336.0 61189.0 9265 12967.636829328627 26176.380560812708 54169
rat783_n782_uncorr-similar-weights_01.ttp: 85.0 71328.0 60806.0 9264 12963.83961069437 25803.6330511252 54415
rat783_n782_uncorr-similar-weights_01.ttp: 108.0 71305.0 62269.0 9270 12811.414439564118 27678.18101317688 54040
rat783_n782_uncorr-similar-weights_01.ttp: 103.0 71310.0 60433.0 9274 13090.188299134774 25089.49159233611 54356
rat783_n782_uncorr-similar-weights_01.ttp: 86.0 71327.0 61233.0 9261 12971.4795697926 26210.00516155998 54461
rat783_n782_uncorr-similar-weights_01.ttp: 92.0 71321.0 61577.0 9258 12762.70778611195 27117.68897749773 54001
rat783_n782_uncorr-similar-weights_01.ttp: 82.0 71331.0 60504.0 9271 12786.684155830202 25979.95277925845 53767
rat783_n782_uncorr-similar-weights_01.ttp: 108.0 71305.0 62269.0 9270 12811.414439564118 27678.18101317688 53874
rat783_n782_uncorr-similar-weights_01.ttp: 81.0 71332.0 61422.0 9268 12995.515860035675 26334.107177903672 104512
rat783_n782_uncorr-similar-weights_01.ttp: 82.0 71331.0 60362.0 9261 12876.513400229116 25595.413819381385 53430
rat783_n782_uncorr-similar-weights_01.ttp: 90.0 71323.0 60253.0 9257 12834.489089829574 25599.87945746015 53537
rat783_n782_uncorr-similar-weights_01.ttp: 77.0 71336.0 60339.0 9262 12865.806995151652 25601.32111309054 53698
RESULTS FOR heuristics : 24
rat783_n782_uncorr-similar-weights_01.ttp: 93.0 71320.0 62360.0 9261 12654.978897756355 28191.556976057836 596883
rat783_n782_uncorr-similar-weights_01.ttp: 89.0 71324.0 62292.0 9275 12606.876674350699 28253.432979253113 597190
rat783_n782_uncorr-similar-weights_01.ttp: 84.0 71329.0 62346.0 9273 12654.465105172008 28178.944216035576 597644
rat783_n782_uncorr-similar-weights_01.ttp: 93.0 71320.0 62360.0 9264 12657.978897756355 28183.456976057838 597865
rat783_n782_uncorr-similar-weights_01.ttp: 101.0 71312.0 62381.0 9252 12662.460328352809 28192.35711344741 598091
rat783_n782_uncorr-similar-weights_01.ttp: 95.0 71318.0 62675.0 9252 12775.492294700945 28181.170804307447 596122
rat783_n782_uncorr-similar-weights_01.ttp: 93.0 71320.0 62377.0 9266 12658.431341873615 28199.235376941237 597593
rat783_n782_uncorr-similar-weights_01.ttp: 84.0 71329.0 62382.0 9251 12645.028842875867 28240.422124235156 597842
rat783_n782_uncorr-similar-weights_01.ttp: 80.0 71333.0 62230.0 9248 12622.586457632891 28149.01656439119 596444
rat783_n782_uncorr-similar-weights_01.ttp: 102.0 71311.0 62783.0 9254 12734.202806358364 28400.652422832412 596420
rat783_n782_uncorr-similar-weights_01.ttp: 82.0 71331.0 62229.0 9255 12602.472557203926 28202.324095549397 596740
rat783_n782_uncorr-similar-weights_01.ttp: 100.0 71313.0 62724.0 9252 12718.279942247344 28384.64415593217 597338
rat783_n782_uncorr-similar-weights_01.ttp: 80.0 71333.0 62230.0 9250 12624.586457632891 28143.616564391188 596592
rat783_n782_uncorr-similar-weights_01.ttp: 101.0 71312.0 62381.0 9252 12662.460328352809 28192.35711344741 597669
rat783_n782_uncorr-similar-weights_01.ttp: 80.0 71333.0 62161.0 9261 12582.427852318606 28188.444798739765 596448
rat783_n782_uncorr-similar-weights_01.ttp: 84.0 71329.0 62382.0 9251 12644.8151812103 28240.999010732186 597712
rat783_n782_uncorr-similar-weights_01.ttp: 88.0 71325.0 62374.0 9251 12675.797526411743 28149.346678688293 596693
rat783_n782_uncorr-similar-weights_01.ttp: 93.0 71320.0 62360.0 9259 12653.26396414842 28196.18729679926 597985
rat783_n782_uncorr-similar-weights_01.ttp: 93.0 71320.0 62360.0 9264 12658.26396414842 28182.68729679926 596570
rat783_n782_uncorr-similar-weights_01.ttp: 95.0 71318.0 62801.0 9253 12737.24654788854 28410.434320700937 596356
rat783_n782_uncorr-similar-weights_01.ttp: 101.0 71312.0 62381.0 9252 12662.460328352809 28192.35711344741 596596
rat783_n782_uncorr-similar-weights_01.ttp: 84.0 71329.0 62382.0 9251 12644.815181210302 28240.99901073218 596964
rat783_n782_uncorr-similar-weights_01.ttp: 92.0 71321.0 62082.0 9255 12466.71614035575 28421.866421039478 598487
rat783_n782_uncorr-similar-weights_01.ttp: 93.0 71320.0 62360.0 9264 12658.26396414842 28182.68729679926 597373
rat783_n782_uncorr-similar-weights_01.ttp: 84.0 71329.0 62382.0 9251 12645.028842875867 28240.422124235156 597541
rat783_n782_uncorr-similar-weights_01.ttp: 80.0 71333.0 62230.0 9248 12622.82505762992 28148.372344399213 597295
rat783_n782_uncorr-similar-weights_01.ttp: 95.0 71318.0 62373.0 9264 12656.377380902717 28200.781071562662 597704
rat783_n782_uncorr-similar-weights_01.ttp: 87.0 71326.0 62246.0 9253 12575.017749688262 28293.45207584169 597766
rat783_n782_uncorr-similar-weights_01.ttp: 84.0 71329.0 62346.0 9270 12655.656509292483 28175.727424910292 598017
rat783_n782_uncorr-similar-weights_01.ttp: 101.0 71312.0 62381.0 9252 12662.460328352809 28192.35711344741 597591
RESULTS FOR heuristics : 25
rat783_n782_uncorr-similar-weights_01.ttp: 99.0 71314.0 60511.0 9297 12792.104220928397 25972.318603493324 53913
rat783_n782_uncorr-similar-weights_01.ttp: 102.0 71311.0 60579.0 9261 12694.141677240586 26304.817471450413 28887
rat783_n782_uncorr-similar-weights_01.ttp: 86.0 71327.0 60220.0 9265 12372.995418306396 26812.912370572725 54650
rat783_n782_uncorr-similar-weights_01.ttp: 85.0 71328.0 60835.0 9266 12647.130082898255 26687.74877617471 104827
rat783_n782_uncorr-similar-weights_01.ttp: 83.0 71330.0 60389.0 9260 12906.530144559958 25541.368609688114 53813
rat783_n782_uncorr-similar-weights_01.ttp: 84.0 71329.0 60867.0 9267 12883.331867090723 26082.003958855043 53424
rat783_n782_uncorr-similar-weights_01.ttp: 90.0 71323.0 60735.0 9311 12934.985827853914 25810.538264794428 53791
rat783_n782_uncorr-similar-weights_01.ttp: 90.0 71323.0 61689.0 9283 12809.115091712814 27104.389252375397 54464
rat783_n782_uncorr-similar-weights_01.ttp: 73.0 71340.0 60328.0 9268 12712.907914738851 26003.148630205098 54551
rat783_n782_uncorr-similar-weights_01.ttp: 78.0 71335.0 61431.0 9267 12957.11486291321 26446.78987013433 55103
rat783_n782_uncorr-similar-weights_01.ttp: 91.0 71322.0 60852.0 9278 12940.96818453399 25911.38590175823 54016
rat783_n782_uncorr-similar-weights_01.ttp: 85.0 71328.0 60240.0 9273 12376.84610669877 26822.51551191332 103993
rat783_n782_uncorr-similar-weights_01.ttp: 81.0 71332.0 61422.0 9268 12995.515860035675 26334.107177903672 104283
rat783_n782_uncorr-similar-weights_01.ttp: 108.0 71305.0 62269.0 9270 12811.414439564118 27678.18101317688 54320
rat783_n782_uncorr-similar-weights_01.ttp: 84.0 71329.0 61641.0 9255 12718.567220212375 27300.868505426588 54089
rat783_n782_uncorr-similar-weights_01.ttp: 87.0 71326.0 61407.0 9272 12973.333243708601 26379.000241986774 55003
rat783_n782_uncorr-similar-weights_01.ttp: 86.0 71327.0 61889.0 9265 12681.24761771424 27649.631432171547 54591
rat783_n782_uncorr-similar-weights_01.ttp: 85.0 71328.0 60724.0 9265 12796.826447305679 26172.568592274663 54000
rat783_n782_uncorr-similar-weights_01.ttp: 87.0 71326.0 60363.0 9287 12776.556454465219 25866.297572943906 80335
rat783_n782_uncorr-similar-weights_01.ttp: 83.0 71330.0 61788.0 9273 12877.525282787736 27018.68173647311 54873
rat783_n782_uncorr-similar-weights_01.ttp: 110.0 71303.0 62517.0 9275 13288.665029916037 26637.6044192267 54723
rat783_n782_uncorr-similar-weights_01.ttp: 81.0 71332.0 61465.0 9272 12678.18958614695 27233.888117403236 28999
rat783_n782_uncorr-similar-weights_01.ttp: 91.0 71322.0 61428.0 9262 12965.007748056963 26422.479080246194 53652
rat783_n782_uncorr-similar-weights_01.ttp: 104.0 71309.0 60708.0 9257 12716.40573411992 26373.704517876213 28865
rat783_n782_uncorr-similar-weights_01.ttp: 86.0 71327.0 60220.0 9264 12366.325788408805 26830.920371296226 54735
rat783_n782_uncorr-similar-weights_01.ttp: 80.0 71333.0 60729.0 9266 12804.413984593857 26157.08224159658 54269
rat783_n782_uncorr-similar-weights_01.ttp: 119.0 71294.0 61261.0 9260 13060.065270558693 25998.82376949153 54388
rat783_n782_uncorr-similar-weights_01.ttp: 78.0 71335.0 62007.0 9253 12764.4853786833 27542.889477555087 28612
rat783_n782_uncorr-similar-weights_01.ttp: 85.0 71328.0 61719.0 9274 12885.050922013346 26929.362510563966 104717
rat783_n782_uncorr-similar-weights_01.ttp: 89.0 71324.0 60766.0 9301 12809.846207454306 26179.41523987337 54264
RESULTS FOR heuristics : 26
rat783_n782_uncorr-similar-weights_01.ttp: 87.0 71326.0 60370.0 9263 12398.014780926693 26895.360091497925 59787
rat783_n782_uncorr-similar-weights_01.ttp: 75.0 71338.0 60438.0 9265 12752.73555797402 26005.613993470142 58847
rat783_n782_uncorr-similar-weights_01.ttp: 109.0 71304.0 61215.0 9267 12928.797811260005 26307.245909597987 58999
rat783_n782_uncorr-similar-weights_01.ttp: 96.0 71317.0 60540.0 9278 12802.955578261473 25972.019938694022 58594
rat783_n782_uncorr-similar-weights_01.ttp: 68.0 71345.0 61073.0 9270 12903.451114459407 26233.6819909596 59049
rat783_n782_uncorr-similar-weights_01.ttp: 102.0 71311.0 62234.0 9276 12792.243711235296 27694.941979664698 58939
rat783_n782_uncorr-similar-weights_01.ttp: 89.0 71324.0 60595.0 9259 12861.395650390965 25869.231743944394 61558
rat783_n782_uncorr-similar-weights_01.ttp: 78.0 71335.0 60191.0 9276 12430.828970129118 26627.76178065138 59554
rat783_n782_uncorr-similar-weights_01.ttp: 115.0 71298.0 60926.0 9274 12795.620944510272 26377.82344982226 31502
rat783_n782_uncorr-similar-weights_01.ttp: 103.0 71310.0 61056.0 9257 12896.698962901883 26234.912800164915 31744
rat783_n782_uncorr-similar-weights_01.ttp: 87.0 71326.0 61969.0 9303 12641.354569017602 27837.342663652475 86481
rat783_n782_uncorr-similar-weights_01.ttp: 90.0 71323.0 62082.0 9251 12625.697680068432 27992.61626381523 59535
rat783_n782_uncorr-similar-weights_01.ttp: 83.0 71330.0 60291.0 9262 12778.933700246675 25787.879009333978 59058
rat783_n782_uncorr-similar-weights_01.ttp: 108.0 71305.0 62025.0 9270 12717.09129019875 27688.853516463372 89325
rat783_n782_uncorr-similar-weights_01.ttp: 93.0 71320.0 60839.0 9364 12895.119033594243 26022.178609295544 176373
rat783_n782_uncorr-similar-weights_01.ttp: 82.0 71331.0 60504.0 9264 12779.684155830202 25998.85277925845 59308
rat783_n782_uncorr-similar-weights_01.ttp: 75.0 71338.0 60497.0 9287 12961.663673974537 25500.508080268744 59137
rat783_n782_uncorr-similar-weights_01.ttp: 99.0 71314.0 62095.0 9263 12733.146600568925 27715.504178463896 59781
rat783_n782_uncorr-similar-weights_01.ttp: 89.0 71324.0 62125.0 9277 12621.261228472726 28047.594683123636 31139
rat783_n782_uncorr-similar-weights_01.ttp: 78.0 71335.0 60174.0 9262 12408.123812303125 26672.065706781563 59415
rat783_n782_uncorr-similar-weights_01.ttp: 81.0 71332.0 60584.0 9263 12859.288886582779 25863.920006226494 87730
rat783_n782_uncorr-similar-weights_01.ttp: 84.0 71329.0 61272.0 9257 12672.68199664097 27055.75860906938 30851
rat783_n782_uncorr-similar-weights_01.ttp: 72.0 71341.0 60477.0 9266 12420.353304504337 26942.04607783829 58738
rat783_n782_uncorr-similar-weights_01.ttp: 114.0 71299.0 60331.0 9256 12604.545897706299 26298.726076192994 61810
rat783_n782_uncorr-similar-weights_01.ttp: 89.0 71324.0 61293.0 9261 12999.838250327757 26193.436724115054 59679
rat783_n782_uncorr-similar-weights_01.ttp: 79.0 71334.0 60446.0 9267 12409.887575654002 26939.30354573419 88733
rat783_n782_uncorr-similar-weights_01.ttp: 80.0 71333.0 62230.0 9248 12622.586457632891 28149.01656439119 31375
rat783_n782_uncorr-similar-weights_01.ttp: 89.0 71324.0 60542.0 9257 12957.799932300026 25555.940182789927 58744
rat783_n782_uncorr-similar-weights_01.ttp: 99.0 71314.0 62095.0 9275 12747.400796122976 27677.017850467964 58628
rat783_n782_uncorr-similar-weights_01.ttp: 97.0 71316.0 61809.0 9260 12664.066689415611 27616.019938577847 31726
RESULTS FOR heuristics : 27
rat783_n782_uncorr-similar-weights_01.ttp: 90.0 71323.0 62128.0 9253 12626.495281095511 28036.462741042116 89512
rat783_n782_uncorr-similar-weights_01.ttp: 94.0 71319.0 60670.0 9250 12193.736693365952 27746.91092791193 90190
rat783_n782_uncorr-similar-weights_01.ttp: 99.0 71314.0 62095.0 9263 12733.146600568925 27715.504178463896 114302
rat783_n782_uncorr-similar-weights_01.ttp: 84.0 71329.0 62382.0 9256 12637.210638197259 28261.531276867398 113597
rat783_n782_uncorr-similar-weights_01.ttp: 99.0 71314.0 62133.0 9252 12746.051025673663 27718.662230681104 89499
rat783_n782_uncorr-similar-weights_01.ttp: 90.0 71323.0 62128.0 9250 12631.522646676556 28022.888853973294 89280
rat783_n782_uncorr-similar-weights_01.ttp: 93.0 71320.0 62377.0 9283 12641.932625802225 28243.781910333993 113703
rat783_n782_uncorr-similar-weights_01.ttp: 83.0 71330.0 62322.0 9255 12625.368344099077 28233.50547093249 113477
rat783_n782_uncorr-similar-weights_01.ttp: 78.0 71335.0 62181.0 9250 12632.520695285859 28073.19412272818 89349
rat783_n782_uncorr-similar-weights_01.ttp: 90.0 71323.0 62082.0 9249 12623.697680068432 27998.016263815232 89007
rat783_n782_uncorr-similar-weights_01.ttp: 84.0 71329.0 62346.0 9270 12655.656509292481 28175.7274249103 113098
rat783_n782_uncorr-similar-weights_01.ttp: 90.0 71323.0 62082.0 9249 12623.421266088731 27998.762581560426 88463
rat783_n782_uncorr-similar-weights_01.ttp: 70.0 71343.0 62327.0 9270 12725.94869780133 27966.938515936403 89292
rat783_n782_uncorr-similar-weights_01.ttp: 90.0 71323.0 62128.0 9250 12631.522646676556 28022.888853973294 87943
rat783_n782_uncorr-similar-weights_01.ttp: 90.0 71323.0 62082.0 9249 12623.697680068432 27998.016263815232 113907
rat783_n782_uncorr-similar-weights_01.ttp: 90.0 71323.0 62082.0 9249 12623.697680068432 27998.016263815232 88375
rat783_n782_uncorr-similar-weights_01.ttp: 84.0 71329.0 62346.0 9273 12648.69780552282 28194.515925088388 113705
rat783_n782_uncorr-similar-weights_01.ttp: 93.0 71320.0 62360.0 9277 12635.562004853902 28243.98258689446 138552
rat783_n782_uncorr-similar-weights_01.ttp: 86.0 71327.0 62233.0 9269 12656.74274634479 28059.794584869065 89146
rat783_n782_uncorr-similar-weights_01.ttp: 80.0 71333.0 62230.0 9248 12622.82505762992 28148.372344399213 89390
rat783_n782_uncorr-similar-weights_01.ttp: 82.0 71331.0 62659.0 9288 12822.262051605772 28038.892460664414 113748
rat783_n782_uncorr-similar-weights_01.ttp: 80.0 71333.0 62161.0 9261 12582.142715499978 28189.21466815006 114512
rat783_n782_uncorr-similar-weights_01.ttp: 88.0 71325.0 62797.0 9250 12844.333122337328 28117.300569689214 89165
rat783_n782_uncorr-similar-weights_01.ttp: 87.0 71326.0 60959.0 9270 12262.974023245004 27848.970137238488 89185
rat783_n782_uncorr-similar-weights_01.ttp: 80.0 71333.0 62225.0 9268 12639.506731712167 28098.33182437715 88905
rat783_n782_uncorr-similar-weights_01.ttp: 81.0 71332.0 62231.0 9259 12711.796700418665 27909.148908869603 89781
rat783_n782_uncorr-similar-weights_01.ttp: 88.0 71325.0 62797.0 9250 12844.333122337328 28117.300569689214 114314
rat783_n782_uncorr-similar-weights_01.ttp: 90.0 71323.0 62128.0 9253 12626.218867115807 28037.209058787317 89273
rat783_n782_uncorr-similar-weights_01.ttp: 80.0 71333.0 62230.0 9248 12622.82505762992 28148.372344399213 115206
rat783_n782_uncorr-similar-weights_01.ttp: 80.0 71333.0 62230.0 9248 12622.82505762992 28148.372344399213 89181
RESULTS FOR heuristics : 28
rat783_n782_uncorr-similar-weights_01.ttp: 93.0 71320.0 62424.0 9261 12741.683960429207 28021.45330684114 90672
rat783_n782_uncorr-similar-weights_01.ttp: 87.0 71326.0 62123.0 9255 12600.627789468539 28101.30496843494 92410
rat783_n782_uncorr-similar-weights_01.ttp: 101.0 71312.0 62381.0 9252 12662.175332361217 28193.12660262471 91440
rat783_n782_uncorr-similar-weights_01.ttp: 99.0 71314.0 62095.0 9263 12732.93858159144 27716.06582970311 118672
rat783_n782_uncorr-similar-weights_01.ttp: 77.0 71336.0 62265.0 9271 12629.214732083798 28166.120223373742 119442
rat783_n782_uncorr-similar-weights_01.ttp: 88.0 71325.0 61985.0 9250 12585.399432094364 28004.421533345216 119323
rat783_n782_uncorr-similar-weights_01.ttp: 90.0 71323.0 62082.0 9249 12623.697680068432 27998.016263815232 90179
rat783_n782_uncorr-similar-weights_01.ttp: 84.0 71329.0 62346.0 9272 12661.00734717356 28161.28016263139 91382
rat783_n782_uncorr-similar-weights_01.ttp: 83.0 71330.0 62086.0 9267 12614.116817378645 28027.88459307766 92047
rat783_n782_uncorr-similar-weights_01.ttp: 104.0 71309.0 62367.0 9255 12689.443381654053 28105.50286953405 91408
rat783_n782_uncorr-similar-weights_01.ttp: 99.0 71314.0 62095.0 9266 12719.219023754093 27753.108635863944 118603
rat783_n782_uncorr-similar-weights_01.ttp: 80.0 71333.0 62225.0 9268 12639.016092161359 28099.656551164328 91992
rat783_n782_uncorr-similar-weights_01.ttp: 78.0 71335.0 62181.0 9250 12632.520695285859 28073.19412272818 91761
rat783_n782_uncorr-similar-weights_01.ttp: 80.0 71333.0 62230.0 9248 12622.82505762992 28148.372344399213 91194
rat783_n782_uncorr-similar-weights_01.ttp: 102.0 71311.0 62348.0 9257 12646.154716684054 28203.382264953056 91447
rat783_n782_uncorr-similar-weights_01.ttp: 97.0 71316.0 61584.0 9263 12581.415665396893 27614.177703428388 120975
rat783_n782_uncorr-similar-weights_01.ttp: 76.0 71337.0 62009.0 9248 12711.297340952757 27688.497179427555 91555
rat783_n782_uncorr-similar-weights_01.ttp: 80.0 71333.0 62230.0 9248 12622.586457632891 28149.01656439119 91271
rat783_n782_uncorr-similar-weights_01.ttp: 90.0 71323.0 62128.0 9250 12631.246232696853 28023.635171718495 91459
rat783_n782_uncorr-similar-weights_01.ttp: 93.0 71320.0 62377.0 9283 12641.65620341832 28244.528250770534 118490
rat783_n782_uncorr-similar-weights_01.ttp: 79.0 71334.0 62157.0 9270 12624.291884556154 28071.41191169838 90848
rat783_n782_uncorr-similar-weights_01.ttp: 84.0 71329.0 62127.0 9251 12624.474452812372 28040.918977406596 91515
rat783_n782_uncorr-similar-weights_01.ttp: 96.0 71317.0 62327.0 9252 12678.86698954929 28094.05912821692 118991
rat783_n782_uncorr-similar-weights_01.ttp: 83.0 71330.0 62086.0 9269 12613.643556820125 28029.162396585663 91734
rat783_n782_uncorr-similar-weights_01.ttp: 97.0 71316.0 62168.0 9255 12762.247548610963 27709.931618750394 91438
rat783_n782_uncorr-similar-weights_01.ttp: 100.0 71313.0 62724.0 9280 12681.979783166153 28482.654585451382 147485
rat783_n782_uncorr-similar-weights_01.ttp: 90.0 71323.0 62128.0 9253 12626.218867115807 28037.209058787317 90687
rat783_n782_uncorr-similar-weights_01.ttp: 96.0 71317.0 61601.0 9253 12401.106194720693 28118.013274254125 121656
rat783_n782_uncorr-similar-weights_01.ttp: 78.0 71335.0 62181.0 9250 12632.520695285859 28073.19412272818 91939
rat783_n782_uncorr-similar-weights_01.ttp: 84.0 71329.0 62346.0 9270 12655.453880741581 28176.27452199773 91269
RESULTS FOR heuristics : 29
rat783_n782_uncorr-similar-weights_01.ttp: 97.0 71316.0 62043.0 9278 12679.893767960662 27807.286826506206 601629
rat783_n782_uncorr-similar-weights_01.ttp: 99.0 71314.0 62095.0 9263 12732.93858159144 27716.06582970311 602389
rat783_n782_uncorr-similar-weights_01.ttp: 93.0 71320.0 62377.0 9284 12642.229205636351 28242.98114478185 600352
rat783_n782_uncorr-similar-weights_01.ttp: 80.0 71333.0 62230.0 9248 12622.82505762992 28148.372344399213 603132
rat783_n782_uncorr-similar-weights_01.ttp: 99.0 71314.0 62095.0 9267 12737.052293010074 27704.958808872798 604359
rat783_n782_uncorr-similar-weights_01.ttp: 84.0 71329.0 62127.0 9251 12624.197988401702 28041.6654313154 602141
rat783_n782_uncorr-similar-weights_01.ttp: 99.0 71314.0 62095.0 9263 12732.93858159144 27716.06582970311 602842
rat783_n782_uncorr-similar-weights_01.ttp: 90.0 71323.0 62082.0 9251 12625.749447600094 27992.47649147974 602667
rat783_n782_uncorr-similar-weights_01.ttp: 99.0 71314.0 62095.0 9263 12733.146600568925 27715.504178463896 604245
rat783_n782_uncorr-similar-weights_01.ttp: 92.0 71321.0 61853.0 9275 12636.854003395247 27733.494190832833 601903
rat783_n782_uncorr-similar-weights_01.ttp: 86.0 71327.0 62233.0 9267 12655.027874358671 28064.42473923159 602952
rat783_n782_uncorr-similar-weights_01.ttp: 83.0 71330.0 61908.0 9253 12685.234832506618 27657.865952232132 603836
rat783_n782_uncorr-similar-weights_01.ttp: 90.0 71323.0 62128.0 9254 12635.29728711235 28012.697324796653 602625
rat783_n782_uncorr-similar-weights_01.ttp: 100.0 71313.0 61712.0 9255 12665.004649437802 27516.48744651793 605147
rat783_n782_uncorr-similar-weights_01.ttp: 71.0 71342.0 61397.0 9249 12519.653505179112 27593.935536016397 601852
rat783_n782_uncorr-similar-weights_01.ttp: 113.0 71300.0 62284.0 9274 12830.889567052795 27640.598168957455 604414
rat783_n782_uncorr-similar-weights_01.ttp: 89.0 71324.0 62024.0 9249 12632.835342052798 27915.344576457443 600745
rat783_n782_uncorr-similar-weights_01.ttp: 89.0 71324.0 62024.0 9249 12632.835342052798 27915.344576457443 604078
rat783_n782_uncorr-similar-weights_01.ttp: 108.0 71305.0 61647.0 9303 12769.299711339458 27169.89077938346 603544
rat783_n782_uncorr-similar-weights_01.ttp: 80.0 71333.0 62225.0 9269 12640.339796516526 28096.08254940538 600026
rat783_n782_uncorr-similar-weights_01.ttp: 95.0 71318.0 61589.0 9269 12717.77488190246 27251.007818863356 602265
rat783_n782_uncorr-similar-weights_01.ttp: 107.0 71306.0 62123.0 9265 12751.602317348115 27693.673743160085 603480
rat783_n782_uncorr-similar-weights_01.ttp: 78.0 71335.0 62181.0 9250 12632.759308763167 28072.549866339446 603877
rat783_n782_uncorr-similar-weights_01.ttp: 99.0 71314.0 62095.0 9263 12732.93858159144 27716.06582970311 602981
rat783_n782_uncorr-similar-weights_01.ttp: 76.0 71337.0 62009.0 9248 12711.297340952757 27688.497179427555 600576
rat783_n782_uncorr-similar-weights_01.ttp: 88.0 71325.0 62177.0 9252 12739.889409310443 27779.2985948618 601590
rat783_n782_uncorr-similar-weights_01.ttp: 95.0 71318.0 61868.0 9250 12670.282490893136 27658.23727458853 603252
rat783_n782_uncorr-similar-weights_01.ttp: 107.0 71306.0 62123.0 9267 12753.602317348115 27688.273743160084 600304
rat783_n782_uncorr-similar-weights_01.ttp: 90.0 71323.0 62082.0 9249 12623.421266088728 27998.762581560433 603310
rat783_n782_uncorr-similar-weights_01.ttp: 80.0 71333.0 62225.0 9268 12639.301273009843 28098.88656287342 603986
RESULTS FOR heuristics : 30
rat783_n782_uncorr-similar-weights_01.ttp: 90.0 71323.0 62082.0 9249 12623.421266088728 27998.762581560433 602913
rat783_n782_uncorr-similar-weights_01.ttp: 95.0 71318.0 62216.0 9273 12724.11726560885 27860.883382856104 603433
rat783_n782_uncorr-similar-weights_01.ttp: 88.0 71325.0 61355.0 9257 12653.562220505284 27190.38200463573 602983
rat783_n782_uncorr-similar-weights_01.ttp: 78.0 71335.0 62181.0 9250 12632.520695285859 28073.19412272818 604474
rat783_n782_uncorr-similar-weights_01.ttp: 73.0 71340.0 62084.0 9281 12647.822503685078 27934.879240050286 600049
rat783_n782_uncorr-similar-weights_01.ttp: 76.0 71337.0 62009.0 9248 12711.297340952757 27688.497179427555 600769
rat783_n782_uncorr-similar-weights_01.ttp: 72.0 71341.0 60477.0 9266 12420.353304504337 26942.04607783829 604077
rat783_n782_uncorr-similar-weights_01.ttp: 80.0 71333.0 62230.0 9250 12624.82505762992 28142.97234439921 600737
rat783_n782_uncorr-similar-weights_01.ttp: 85.0 71328.0 62376.0 9271 12673.82185626197 28156.68098809268 600518
rat783_n782_uncorr-similar-weights_01.ttp: 99.0 71314.0 62095.0 9263 12733.146600568925 27715.504178463896 602371
rat783_n782_uncorr-similar-weights_01.ttp: 88.0 71325.0 61917.0 9250 12559.891506185244 28005.29293329984 603942
rat783_n782_uncorr-similar-weights_01.ttp: 98.0 71315.0 62165.0 9257 12765.03687160707 27699.40044666091 601873
rat783_n782_uncorr-similar-weights_01.ttp: 99.0 71314.0 62095.0 9263 12732.93858159144 27716.06582970311 602732
rat783_n782_uncorr-similar-weights_01.ttp: 92.0 71321.0 61773.0 9256 12549.555846750207 27889.19921377444 602565
rat783_n782_uncorr-similar-weights_01.ttp: 84.0 71329.0 61934.0 9292 12629.410804080859 27834.59082898168 600638
rat783_n782_uncorr-similar-weights_01.ttp: 90.0 71323.0 62082.0 9249 12623.697680068432 27998.016263815232 601027
rat783_n782_uncorr-similar-weights_01.ttp: 90.0 71323.0 62128.0 9253 12626.218867115807 28037.209058787317 601640
rat783_n782_uncorr-similar-weights_01.ttp: 99.0 71314.0 62095.0 9263 12733.146600568925 27715.504178463896 603886
rat783_n782_uncorr-similar-weights_01.ttp: 87.0 71326.0 61962.0 9279 12761.592710021612 27505.699682941646 601679
rat783_n782_uncorr-similar-weights_01.ttp: 90.0 71323.0 62082.0 9249 12623.421266088728 27998.762581560433 602402
rat783_n782_uncorr-similar-weights_01.ttp: 98.0 71315.0 62165.0 9257 12765.321920396571 27698.630814929253 601931
rat783_n782_uncorr-similar-weights_01.ttp: 80.0 71333.0 62225.0 9268 12639.301273009843 28098.88656287342 599994
rat783_n782_uncorr-similar-weights_01.ttp: 100.0 71313.0 61974.0 9294 12742.598452874481 27568.984177238897 603194
rat783_n782_uncorr-similar-weights_01.ttp: 88.0 71325.0 61967.0 9250 12599.235382362152 27949.064467622185 604379
rat783_n782_uncorr-similar-weights_01.ttp: 80.0 71333.0 62230.0 9248 12622.586457632891 28149.01656439119 601613
rat783_n782_uncorr-similar-weights_01.ttp: 86.0 71327.0 62233.0 9269 12654.27814098298 28066.44901934595 603559
rat783_n782_uncorr-similar-weights_01.ttp: 81.0 71332.0 61798.0 9251 12699.93889860867 27508.16497375659 605289
rat783_n782_uncorr-similar-weights_01.ttp: 92.0 71321.0 62459.0 9260 12741.750283498186 28056.274234554898 600515
rat783_n782_uncorr-similar-weights_01.ttp: 82.0 71331.0 62050.0 9262 12769.890895280954 27571.294582741422 605571
rat783_n782_uncorr-similar-weights_01.ttp: 97.0 71316.0 62168.0 9255 12762.532606201543 27709.16196325583 601347
