Enter TTP instance file:
RESULTS FOR heuristics : 20
rat783_n2346_uncorr-similar-weights_01.ttp: 293.0 213944.0 184574.0 9245 12683.61598626721 72704.5070011232 3610
rat783_n2346_uncorr-similar-weights_01.ttp: 300.0 213937.0 181767.0 9257 12531.658890176323 71237.76858864483 3216
rat783_n2346_uncorr-similar-weights_01.ttp: 278.0 213959.0 182852.0 9255 12638.547164850614 71380.01400601759 3473
rat783_n2346_uncorr-similar-weights_01.ttp: 242.0 213995.0 183745.0 9258 12694.445401933448 71779.99155494699 3291
rat783_n2346_uncorr-similar-weights_01.ttp: 243.0 213994.0 183142.0 9269 12693.050531521116 71189.29431198376 3282
rat783_n2346_uncorr-similar-weights_01.ttp: 309.0 213928.0 182822.0 9259 12724.957107676832 70587.87831029034 3419
rat783_n2346_uncorr-similar-weights_01.ttp: 294.0 213943.0 182190.0 9275 12618.972977929445 70890.6583346623 3653
rat783_n2346_uncorr-similar-weights_01.ttp: 318.0 213919.0 183809.0 9256 12668.615680002658 72071.80970237654 3922
rat783_n2346_uncorr-similar-weights_01.ttp: 273.0 213964.0 181438.0 9255 12600.156570497189 70304.6190482148 3737
rat783_n2346_uncorr-similar-weights_01.ttp: 270.0 213967.0 183507.0 9255 12717.811308943867 71335.90425511509 3597
rat783_n2346_uncorr-similar-weights_01.ttp: 281.0 213956.0 183743.0 9252 12735.49732437644 71415.9135989998 4094
rat783_n2346_uncorr-similar-weights_01.ttp: 297.0 213940.0 184610.0 9249 12587.342069953113 73589.64294301355 3639
rat783_n2346_uncorr-similar-weights_01.ttp: 306.0 213931.0 184375.0 9254 12775.643706064415 71693.82251251186 4113
rat783_n2346_uncorr-similar-weights_01.ttp: 297.0 213940.0 182190.0 9249 12390.357900147637 72907.04332069783 3589
rat783_n2346_uncorr-similar-weights_01.ttp: 250.0 213987.0 183950.0 9260 12710.772546929433 71840.9861360824 3731
rat783_n2346_uncorr-similar-weights_01.ttp: 271.0 213966.0 182591.0 9246 12638.91883159388 71115.73590534196 3520
rat783_n2346_uncorr-similar-weights_01.ttp: 230.0 214007.0 184473.0 9258 12751.209639300345 72007.33098137095 3691
rat783_n2346_uncorr-similar-weights_01.ttp: 303.0 213934.0 182526.0 9261 12738.951728542967 70168.44575425104 3909
rat783_n2346_uncorr-similar-weights_01.ttp: 309.0 213928.0 181373.0 9260 12471.302689421425 71376.11027930303 4224
rat783_n2346_uncorr-similar-weights_01.ttp: 324.0 213913.0 183877.0 9256 12649.850618184912 72305.31754760907 4394
rat783_n2346_uncorr-similar-weights_01.ttp: 247.0 213990.0 184544.0 9257 12700.835300487102 72522.63264970375 4003
rat783_n2346_uncorr-similar-weights_01.ttp: 279.0 213958.0 182164.0 9252 12551.509812310278 71459.68345542335 3694
rat783_n2346_uncorr-similar-weights_01.ttp: 271.0 213966.0 182878.0 9254 12664.389484768077 71178.08474434556 3963
rat783_n2346_uncorr-similar-weights_01.ttp: 302.0 213935.0 183491.0 9255 12641.401542580408 71993.8383944408 3809
rat783_n2346_uncorr-similar-weights_01.ttp: 293.0 213944.0 185151.0 9272 12607.260185680068 73954.9651623018 3734
rat783_n2346_uncorr-similar-weights_01.ttp: 240.0 213997.0 182845.0 9249 12637.674231712484 71380.71327629588 3809
rat783_n2346_uncorr-similar-weights_01.ttp: 303.0 213934.0 183500.0 9276 12610.113676055795 72278.79737718789 3659
rat783_n2346_uncorr-similar-weights_01.ttp: 236.0 214001.0 183934.0 9265 12726.21964427309 71688.74273751135 3900
rat783_n2346_uncorr-similar-weights_01.ttp: 283.0 213954.0 184207.0 9255 12650.932438294472 72625.77589424275 3689
rat783_n2346_uncorr-similar-weights_01.ttp: 310.0 213927.0 184186.0 9254 12795.279288491023 71331.63667550917 3824
RESULTS FOR heuristics : 21
rat783_n2346_uncorr-similar-weights_01.ttp: 269.0 213968.0 185108.0 9250 12615.90704457704 73835.6998668305 3806
rat783_n2346_uncorr-similar-weights_01.ttp: 291.0 213946.0 182262.0 9259 12615.18638948835 70996.05604471275 4151
rat783_n2346_uncorr-similar-weights_01.ttp: 323.0 213914.0 183383.0 9257 12650.126679050052 71808.88269077854 4199
rat783_n2346_uncorr-similar-weights_01.ttp: 250.0 213987.0 183115.0 9257 12626.829052844541 71746.36775391114 4092
rat783_n2346_uncorr-similar-weights_01.ttp: 250.0 213987.0 182772.0 9246 12665.814943698322 71059.51219658079 4403
rat783_n2346_uncorr-similar-weights_01.ttp: 320.0 213917.0 183347.0 9267 12654.337986927078 71735.73895530317 4099
rat783_n2346_uncorr-similar-weights_01.ttp: 288.0 213949.0 183184.0 9254 12732.27501440462 70885.33437295124 4008
rat783_n2346_uncorr-similar-weights_01.ttp: 258.0 213979.0 183016.0 9249 12630.806377624904 71612.28774934834 4185
rat783_n2346_uncorr-similar-weights_01.ttp: 265.0 213972.0 182844.0 9251 12654.97441680078 71227.12564381711 4088
rat783_n2346_uncorr-similar-weights_01.ttp: 293.0 213944.0 184574.0 9245 12683.688500753768 72703.86742335177 4127
rat783_n2346_uncorr-similar-weights_01.ttp: 280.0 213957.0 182713.0 9245 12696.698743782441 70728.11707983886 4347
rat783_n2346_uncorr-similar-weights_01.ttp: 239.0 213998.0 183941.0 9256 12725.127151363675 71705.37852497239 4123
rat783_n2346_uncorr-similar-weights_01.ttp: 297.0 213940.0 184610.0 9249 12587.432345960162 73588.84670863136 3946
rat783_n2346_uncorr-similar-weights_01.ttp: 277.0 213960.0 182278.0 9264 12661.051062062219 70607.52963261123 4186
rat783_n2346_uncorr-similar-weights_01.ttp: 281.0 213956.0 185056.0 9250 12621.787953818735 73731.83024731875 4015
rat783_n2346_uncorr-similar-weights_01.ttp: 279.0 213958.0 183776.0 9245 12734.121809272621 71461.04564221548 3997
rat783_n2346_uncorr-similar-weights_01.ttp: 303.0 213934.0 183310.0 9252 12650.56963210163 71731.97584486363 4295
rat783_n2346_uncorr-similar-weights_01.ttp: 297.0 213940.0 181746.0 9251 12519.077553307132 71327.7359798311 4061
rat783_n2346_uncorr-similar-weights_01.ttp: 297.0 213940.0 183109.0 9251 12447.24306550196 73324.3161622727 4010
rat783_n2346_uncorr-similar-weights_01.ttp: 293.0 213944.0 184574.0 9245 12683.675149738034 72703.98517931053 4225
rat783_n2346_uncorr-similar-weights_01.ttp: 282.0 213955.0 183361.0 9276 12693.917438742195 71400.64819029384 4203
rat783_n2346_uncorr-similar-weights_01.ttp: 242.0 213995.0 182572.0 9274 12585.134944866712 71571.1097862756 4541
rat783_n2346_uncorr-similar-weights_01.ttp: 278.0 213959.0 183413.0 9257 12767.26685013871 70805.70638177657 4271
rat783_n2346_uncorr-similar-weights_01.ttp: 304.0 213933.0 181770.0 9253 12522.563448103909 71320.99038772352 4304
rat783_n2346_uncorr-similar-weights_01.ttp: 322.0 213915.0 181974.0 9251 12471.490333672393 71975.4552570095 4051
rat783_n2346_uncorr-similar-weights_01.ttp: 286.0 213951.0 182629.0 9254 12659.02893320373 70976.3648091431 4062
rat783_n2346_uncorr-similar-weights_01.ttp: 314.0 213923.0 181709.0 9256 12530.286330646268 71191.87456369991 4054
rat783_n2346_uncorr-similar-weights_01.ttp: 298.0 213939.0 185212.0 9268 12612.625829690722 73968.64018212783 4120
rat783_n2346_uncorr-similar-weights_01.ttp: 262.0 213975.0 181124.0 9254 12576.101668833544 70202.78328088814 4117
rat783_n2346_uncorr-similar-weights_01.ttp: 240.0 213997.0 182476.0 9256 12625.973791504808 71114.91115892759 4303
RESULTS FOR heuristics : 22
rat783_n2346_uncorr-similar-weights_01.ttp: 300.0 213937.0 183529.0 9248 12594.507135558186 72445.4470643768 599811
rat783_n2346_uncorr-similar-weights_01.ttp: 303.0 213934.0 183861.0 9252 12697.066083825664 71872.87714065764 599820
rat783_n2346_uncorr-similar-weights_01.ttp: 229.0 214008.0 182652.0 9256 12589.200599707643 71615.25071057859 599809
rat783_n2346_uncorr-similar-weights_01.ttp: 300.0 213937.0 184490.0 9276 12597.707600431988 73378.21896418986 599831
rat783_n2346_uncorr-similar-weights_01.ttp: 304.0 213933.0 183771.0 9245 12640.135351234048 72285.00620211569 599851
rat783_n2346_uncorr-similar-weights_01.ttp: 265.0 213972.0 182809.0 9255 12624.557068805374 71460.4066531366 599845
rat783_n2346_uncorr-similar-weights_01.ttp: 306.0 213931.0 181674.0 9256 12512.940741864952 71309.86265675112 599837
rat783_n2346_uncorr-similar-weights_01.ttp: 299.0 213938.0 183364.0 9247 12519.879624258116 72938.66171404341 599806
rat783_n2346_uncorr-similar-weights_01.ttp: 264.0 213973.0 184682.0 9248 12535.024107229148 74123.08737423891 599837
rat783_n2346_uncorr-similar-weights_01.ttp: 309.0 213928.0 182786.0 9248 12529.04925638453 72279.78555868845 599847
rat783_n2346_uncorr-similar-weights_01.ttp: 269.0 213968.0 183699.0 9253 12647.573346574158 72147.40308321592 599790
rat783_n2346_uncorr-similar-weights_01.ttp: 292.0 213945.0 183566.0 9245 12535.76335272705 73000.56722894742 599793
rat783_n2346_uncorr-similar-weights_01.ttp: 268.0 213969.0 182382.0 9245 12651.749557703302 70793.56890105687 599821
rat783_n2346_uncorr-similar-weights_01.ttp: 306.0 213931.0 183333.0 9249 12603.718195645657 72168.2055144053 599791
rat783_n2346_uncorr-similar-weights_01.ttp: 273.0 213964.0 182920.0 9245 12633.235308586289 71494.86457826893 599817
rat783_n2346_uncorr-similar-weights_01.ttp: 304.0 213933.0 183939.0 9249 12475.488658532766 73905.190031741 599790
rat783_n2346_uncorr-similar-weights_01.ttp: 243.0 213994.0 183328.0 9258 12672.796106680331 71553.93833907948 599799
rat783_n2346_uncorr-similar-weights_01.ttp: 319.0 213918.0 183123.0 9251 12571.272430919931 72244.3771592862 599842
rat783_n2346_uncorr-similar-weights_01.ttp: 314.0 213923.0 183747.0 9255 12749.048457993167 71300.39260050026 599817
rat783_n2346_uncorr-similar-weights_01.ttp: 306.0 213931.0 182441.0 9261 12552.860067517717 71724.77420449373 599805
rat783_n2346_uncorr-similar-weights_01.ttp: 302.0 213935.0 183842.0 9252 12511.611996629212 73489.58218973035 599843
rat783_n2346_uncorr-similar-weights_01.ttp: 295.0 213942.0 183298.0 9250 12517.471457664527 72893.90174339886 599851
rat783_n2346_uncorr-similar-weights_01.ttp: 282.0 213955.0 183263.0 9250 12488.439759342384 73114.96132260017 599808
rat783_n2346_uncorr-similar-weights_01.ttp: 241.0 213996.0 183443.0 9275 12585.479716697902 72439.0688987245 599817
rat783_n2346_uncorr-similar-weights_01.ttp: 272.0 213965.0 182538.0 9274 12534.840600702308 71980.70590180565 599823
rat783_n2346_uncorr-similar-weights_01.ttp: 236.0 214001.0 182427.0 9249 12582.645968054188 71448.06256176205 599802
rat783_n2346_uncorr-similar-weights_01.ttp: 286.0 213951.0 182965.0 9264 12550.868396200698 72266.34074550983 599822
rat783_n2346_uncorr-similar-weights_01.ttp: 295.0 213942.0 183135.0 9249 12484.610327403281 73020.73691230305 599790
rat783_n2346_uncorr-similar-weights_01.ttp: 306.0 213931.0 181931.0 9260 12556.798634475503 71180.03604392607 599809
rat783_n2346_uncorr-similar-weights_01.ttp: 302.0 213935.0 183699.0 9249 12454.893976328325 73846.83512878417 599835
RESULTS FOR heuristics : 23
rat783_n2346_uncorr-similar-weights_01.ttp: 296.0 213941.0 181725.0 9258 12499.403797656563 71480.25850466911 33661
rat783_n2346_uncorr-similar-weights_01.ttp: 293.0 213944.0 182064.0 9260 12440.534244458688 72338.48796387437 62519
rat783_n2346_uncorr-similar-weights_01.ttp: 295.0 213942.0 183210.0 9273 12619.93653998334 71902.15971734693 33644
rat783_n2346_uncorr-similar-weights_01.ttp: 314.0 213923.0 183617.0 9254 12691.397067613752 71678.8778636467 33346
rat783_n2346_uncorr-similar-weights_01.ttp: 310.0 213927.0 183642.0 9257 12624.668419085943 72292.42454366198 64663
rat783_n2346_uncorr-similar-weights_01.ttp: 282.0 213955.0 184401.0 9251 12701.157334226496 72376.7923121223 62764
rat783_n2346_uncorr-similar-weights_01.ttp: 247.0 213990.0 184544.0 9255 12700.107022639628 72529.05606031849 33589
rat783_n2346_uncorr-similar-weights_01.ttp: 240.0 213997.0 183355.0 9260 12639.711273328743 71872.74656924048 33447
rat783_n2346_uncorr-similar-weights_01.ttp: 281.0 213956.0 184877.0 9253 12609.312434686324 73662.86432606661 62339
rat783_n2346_uncorr-similar-weights_01.ttp: 299.0 213938.0 182173.0 9249 12404.071849372944 72769.08628853063 63005
rat783_n2346_uncorr-similar-weights_01.ttp: 282.0 213955.0 183261.0 9257 12684.142891028512 71386.85970112852 63092
rat783_n2346_uncorr-similar-weights_01.ttp: 243.0 213994.0 183642.0 9256 12681.54875302361 71790.73999833176 33387
rat783_n2346_uncorr-similar-weights_01.ttp: 271.0 213966.0 184925.0 9258 12572.341949894311 74036.94400193218 62769
rat783_n2346_uncorr-similar-weights_01.ttp: 267.0 213970.0 183383.0 9251 12689.479649175704 71461.78949427028 62773
rat783_n2346_uncorr-similar-weights_01.ttp: 262.0 213975.0 181124.0 9253 12575.009429023274 70212.41683601472 63432
rat783_n2346_uncorr-similar-weights_01.ttp: 243.0 213994.0 183642.0 9256 12681.54875302361 71790.73999833176 33977
rat783_n2346_uncorr-similar-weights_01.ttp: 243.0 213994.0 184187.0 9275 12756.456321604635 71675.05524344712 63457
rat783_n2346_uncorr-similar-weights_01.ttp: 297.0 213940.0 184108.0 9249 12547.653941574665 73437.69223531145 63285
rat783_n2346_uncorr-similar-weights_01.ttp: 249.0 213988.0 182832.0 9246 12672.690335183606 71058.8712436806 63206
rat783_n2346_uncorr-similar-weights_01.ttp: 328.0 213909.0 182655.0 9261 12614.804547580203 71392.4238903426 33690
rat783_n2346_uncorr-similar-weights_01.ttp: 227.0 214010.0 183337.0 9250 12673.697545092546 71554.98765228374 33887
rat783_n2346_uncorr-similar-weights_01.ttp: 293.0 213944.0 184574.0 9245 12683.108587784116 72708.9822557441 62579
rat783_n2346_uncorr-similar-weights_01.ttp: 287.0 213950.0 182892.0 9254 12662.732228939716 71206.7017407517 62770
rat783_n2346_uncorr-similar-weights_01.ttp: 343.0 213894.0 181905.0 9262 12520.66535345099 71472.73158256226 94113
rat783_n2346_uncorr-similar-weights_01.ttp: 242.0 213995.0 183853.0 9257 12725.124284469788 71617.40381097647 63300
rat783_n2346_uncorr-similar-weights_01.ttp: 265.0 213972.0 182760.0 9270 12700.883254175951 70738.20969816811 62709
rat783_n2346_uncorr-similar-weights_01.ttp: 280.0 213957.0 183714.0 9251 12758.947890743153 71180.07960364538 62560
rat783_n2346_uncorr-similar-weights_01.ttp: 317.0 213920.0 183043.0 9256 12633.316391298746 71617.14942874506 62731
rat783_n2346_uncorr-similar-weights_01.ttp: 273.0 213964.0 182859.0 9265 12743.862223554772 70458.1351882469 63233
rat783_n2346_uncorr-similar-weights_01.ttp: 281.0 213956.0 182395.0 9259 12603.721726838463 71230.17436928475 63268
RESULTS FOR heuristics : 24
rat783_n2346_uncorr-similar-weights_01.ttp: 267.0 213970.0 185747.0 9271 12653.39739475095 74144.03497829662 598124
rat783_n2346_uncorr-similar-weights_01.ttp: 280.0 213957.0 185282.0 9273 12607.621907544106 74082.77477546099 596683
rat783_n2346_uncorr-similar-weights_01.ttp: 266.0 213971.0 185069.0 9273 12584.95107255886 74069.73154003084 597283
rat783_n2346_uncorr-similar-weights_01.ttp: 287.0 213950.0 184894.0 9267 12582.728752200857 73914.33240558843 596994
rat783_n2346_uncorr-similar-weights_01.ttp: 298.0 213939.0 185141.0 9267 12607.79680386155 73940.23218994112 597839
rat783_n2346_uncorr-similar-weights_01.ttp: 263.0 213974.0 185348.0 9272 12610.250675164938 74125.58904504524 596989
rat783_n2346_uncorr-similar-weights_01.ttp: 267.0 213970.0 185747.0 9270 12652.594258428053 74151.11864066457 596502
rat783_n2346_uncorr-similar-weights_01.ttp: 267.0 213970.0 185747.0 9270 12652.495520337941 74151.98951061936 597590
rat783_n2346_uncorr-similar-weights_01.ttp: 298.0 213939.0 185212.0 9269 12613.454189170789 73961.33405151364 597031
rat783_n2346_uncorr-similar-weights_01.ttp: 293.0 213944.0 184927.0 9257 12576.564044239485 74001.70512980774 596292
rat783_n2346_uncorr-similar-weights_01.ttp: 266.0 213971.0 185069.0 9273 12584.91081789982 74070.0865861236 596969
rat783_n2346_uncorr-similar-weights_01.ttp: 267.0 213970.0 185747.0 9270 12652.495520337941 74151.98951061936 597559
rat783_n2346_uncorr-similar-weights_01.ttp: 267.0 213970.0 185747.0 9270 12652.425561642756 74152.60654631088 598193
rat783_n2346_uncorr-similar-weights_01.ttp: 277.0 213960.0 185509.0 9271 12635.634364652506 74062.7049037649 597626
rat783_n2346_uncorr-similar-weights_01.ttp: 267.0 213970.0 185747.0 9271 12653.495520337941 74143.16951061935 597546
rat783_n2346_uncorr-similar-weights_01.ttp: 298.0 213939.0 185141.0 9267 12607.764003530627 73940.52148885987 596785
rat783_n2346_uncorr-similar-weights_01.ttp: 267.0 213970.0 185747.0 9270 12652.495520337941 74151.98951061936 597884
rat783_n2346_uncorr-similar-weights_01.ttp: 267.0 213970.0 185747.0 9270 12652.327436055763 74153.47201398817 597768
rat783_n2346_uncorr-similar-weights_01.ttp: 267.0 213970.0 185747.0 9270 12652.594258428053 74151.11864066457 597604
rat783_n2346_uncorr-similar-weights_01.ttp: 302.0 213935.0 184958.0 9260 12550.128686949502 74265.86498110539 597423
rat783_n2346_uncorr-similar-weights_01.ttp: 261.0 213976.0 185086.0 9275 12589.385218572437 74047.6223721911 598143
rat783_n2346_uncorr-similar-weights_01.ttp: 267.0 213970.0 185747.0 9270 12652.496132841059 74151.98410834186 598102
rat783_n2346_uncorr-similar-weights_01.ttp: 265.0 213972.0 185246.0 9269 12605.06713053618 74069.30790867089 596910
rat783_n2346_uncorr-similar-weights_01.ttp: 298.0 213939.0 185175.0 9271 12607.378467310793 73977.9219183188 597934
rat783_n2346_uncorr-similar-weights_01.ttp: 271.0 213966.0 185169.0 9266 12598.888428664277 74046.80405918107 597553
rat783_n2346_uncorr-similar-weights_01.ttp: 298.0 213939.0 185212.0 9268 12612.647774394705 73968.4466298387 597646
rat783_n2346_uncorr-similar-weights_01.ttp: 298.0 213939.0 185212.0 9268 12612.35918061465 73970.99202697878 597080
rat783_n2346_uncorr-similar-weights_01.ttp: 267.0 213970.0 185747.0 9272 12654.39739475095 74135.21497829663 597627
rat783_n2346_uncorr-similar-weights_01.ttp: 271.0 213966.0 184925.0 9256 12570.424392876068 74053.85685483308 597660
rat783_n2346_uncorr-similar-weights_01.ttp: 267.0 213970.0 185747.0 9270 12652.524299732866 74151.73567635613 597378
RESULTS FOR heuristics : 25
rat783_n2346_uncorr-similar-weights_01.ttp: 315.0 213922.0 182404.0 9250 12501.286373621124 72142.65418466169 33139
rat783_n2346_uncorr-similar-weights_01.ttp: 239.0 213998.0 183274.0 9258 12667.249021409281 71548.86363117014 33988
rat783_n2346_uncorr-similar-weights_01.ttp: 299.0 213938.0 183036.0 9273 12605.39361164441 71856.42834529631 33544
rat783_n2346_uncorr-similar-weights_01.ttp: 277.0 213960.0 183440.0 9278 12675.517250754112 71641.93784834872 64154
rat783_n2346_uncorr-similar-weights_01.ttp: 317.0 213920.0 183043.0 9256 12633.316391298746 71617.14942874506 64381
rat783_n2346_uncorr-similar-weights_01.ttp: 269.0 213968.0 183030.0 9259 12723.01775949725 70812.98336123425 63040
rat783_n2346_uncorr-similar-weights_01.ttp: 274.0 213963.0 184076.0 9269 12699.575799224034 72065.74145084401 64365
rat783_n2346_uncorr-similar-weights_01.ttp: 320.0 213917.0 181814.0 9272 12472.031689677335 71810.6804970459 64127
rat783_n2346_uncorr-similar-weights_01.ttp: 247.0 213990.0 184544.0 9255 12700.107022639628 72529.05606031849 63647
rat783_n2346_uncorr-similar-weights_01.ttp: 299.0 213938.0 181999.0 9245 12462.238022802914 72082.06063887829 33631
rat783_n2346_uncorr-similar-weights_01.ttp: 336.0 213901.0 182825.0 9256 12639.036174312187 71348.70094256652 63853
rat783_n2346_uncorr-similar-weights_01.ttp: 311.0 213926.0 182521.0 9253 12565.505723186412 71693.23952149584 64103
rat783_n2346_uncorr-similar-weights_01.ttp: 309.0 213928.0 182343.0 9258 12591.234329599409 71288.31321293321 33623
rat783_n2346_uncorr-similar-weights_01.ttp: 277.0 213960.0 182938.0 9258 12670.807359699375 71181.47908745152 63561
rat783_n2346_uncorr-similar-weights_01.ttp: 303.0 213934.0 183310.0 9252 12650.513314595277 71732.47256526965 63218
rat783_n2346_uncorr-similar-weights_01.ttp: 262.0 213975.0 180910.0 9269 12540.673260470156 70301.26184265323 34187
rat783_n2346_uncorr-similar-weights_01.ttp: 301.0 213936.0 182419.0 9259 12609.286085662523 71205.09672445654 33304
rat783_n2346_uncorr-similar-weights_01.ttp: 314.0 213923.0 183310.0 9257 12665.130455968885 71603.54937835442 63720
rat783_n2346_uncorr-similar-weights_01.ttp: 243.0 213994.0 182949.0 9253 12646.77319047699 71404.46045999294 34630
rat783_n2346_uncorr-similar-weights_01.ttp: 299.0 213938.0 183195.0 9274 12594.082660802409 72115.19093172275 64015
rat783_n2346_uncorr-similar-weights_01.ttp: 299.0 213938.0 181999.0 9245 12462.169890191792 72082.6615685084 63310
rat783_n2346_uncorr-similar-weights_01.ttp: 279.0 213958.0 182968.0 9263 12685.700103097894 71080.12509067658 33507
rat783_n2346_uncorr-similar-weights_01.ttp: 327.0 213910.0 183028.0 9280 12574.554336935462 72120.43074822922 64936
rat783_n2346_uncorr-similar-weights_01.ttp: 284.0 213953.0 183880.0 9245 12778.351216521574 71174.94227027972 64645
rat783_n2346_uncorr-similar-weights_01.ttp: 248.0 213989.0 183863.0 9254 12721.12618503214 71662.66704801652 34376
rat783_n2346_uncorr-similar-weights_01.ttp: 303.0 213934.0 183310.0 9252 12650.430682801194 71733.20137769346 63784
rat783_n2346_uncorr-similar-weights_01.ttp: 244.0 213993.0 182754.0 9250 12597.547120710131 71643.63439533664 63918
rat783_n2346_uncorr-similar-weights_01.ttp: 266.0 213971.0 183114.0 9260 12706.001242402464 71047.06904201026 64689
rat783_n2346_uncorr-similar-weights_01.ttp: 315.0 213922.0 182404.0 9250 12501.243604417514 72143.03140903752 63681
rat783_n2346_uncorr-similar-weights_01.ttp: 336.0 213901.0 182825.0 9256 12638.814586224877 71350.65534949658 63570
RESULTS FOR heuristics : 26
rat783_n2346_uncorr-similar-weights_01.ttp: 254.0 213983.0 183192.0 9262 12697.380860164092 71201.1008133527 117008
rat783_n2346_uncorr-similar-weights_01.ttp: 245.0 213992.0 183657.0 9257 12692.493547535767 71709.20691073453 40766
rat783_n2346_uncorr-similar-weights_01.ttp: 300.0 213937.0 183797.0 9252 12695.734191073738 71820.62443472963 159114
rat783_n2346_uncorr-similar-weights_01.ttp: 258.0 213979.0 183021.0 9254 12645.66154179097 71486.26520140363 75604
rat783_n2346_uncorr-similar-weights_01.ttp: 234.0 214003.0 183955.0 9260 12635.007336405757 72514.23529290121 39500
rat783_n2346_uncorr-similar-weights_01.ttp: 279.0 213958.0 183917.0 9251 12670.855103980282 72160.05798289391 77398
rat783_n2346_uncorr-similar-weights_01.ttp: 248.0 213989.0 184465.0 9255 12637.500269534186 73002.24762270847 40703
rat783_n2346_uncorr-similar-weights_01.ttp: 319.0 213918.0 181832.0 9257 12459.613083420258 71938.21260423333 76224
rat783_n2346_uncorr-similar-weights_01.ttp: 267.0 213970.0 182277.0 9249 12682.908954892937 70413.74301784429 76751
rat783_n2346_uncorr-similar-weights_01.ttp: 277.0 213960.0 183135.0 9256 12747.604021070425 70701.13253415885 75259
rat783_n2346_uncorr-similar-weights_01.ttp: 289.0 213948.0 183720.0 9272 12712.86553508578 71592.5259805434 40011
rat783_n2346_uncorr-similar-weights_01.ttp: 296.0 213941.0 182813.0 9251 12440.98822935031 73083.48381713025 75387
rat783_n2346_uncorr-similar-weights_01.ttp: 319.0 213918.0 182687.0 9256 12628.036837146945 71307.71509636394 76423
rat783_n2346_uncorr-similar-weights_01.ttp: 305.0 213932.0 183936.0 9259 12612.669446611319 72692.25548088817 78614
rat783_n2346_uncorr-similar-weights_01.ttp: 289.0 213948.0 183073.0 9250 12466.144198701872 73121.60816744949 81109
rat783_n2346_uncorr-similar-weights_01.ttp: 280.0 213957.0 182713.0 9245 12696.525678190155 70729.64351836282 75921
rat783_n2346_uncorr-similar-weights_01.ttp: 279.0 213958.0 181515.0 9265 12479.547144378877 71445.3941865783 75882
rat783_n2346_uncorr-similar-weights_01.ttp: 281.0 213956.0 183240.0 9259 12717.885073072994 71068.2536554962 40423
rat783_n2346_uncorr-similar-weights_01.ttp: 237.0 214000.0 182931.0 9250 12584.744348739394 71933.55484411854 39642
rat783_n2346_uncorr-similar-weights_01.ttp: 280.0 213957.0 182713.0 9245 12696.525678190155 70729.64351836282 76529
rat783_n2346_uncorr-similar-weights_01.ttp: 304.0 213933.0 183131.0 9254 12625.75252629109 71771.86271811259 75192
rat783_n2346_uncorr-similar-weights_01.ttp: 245.0 213992.0 183272.0 9279 12658.763267736136 71621.70797856727 39866
rat783_n2346_uncorr-similar-weights_01.ttp: 290.0 213947.0 182902.0 9258 12640.899816942496 71409.26361456719 77969
rat783_n2346_uncorr-similar-weights_01.ttp: 290.0 213947.0 182642.0 9254 12668.4703450771 70906.09155641998 115303
rat783_n2346_uncorr-similar-weights_01.ttp: 290.0 213947.0 184836.0 9272 12740.983998533002 72460.52113293893 78344
rat783_n2346_uncorr-similar-weights_01.ttp: 320.0 213917.0 183837.0 9254 12708.435186911007 71748.60165144491 75441
rat783_n2346_uncorr-similar-weights_01.ttp: 279.0 213958.0 182986.0 9254 12634.015379138056 71553.98435600234 111725
rat783_n2346_uncorr-similar-weights_01.ttp: 247.0 213990.0 182447.0 9275 12665.564656587025 70736.71972890243 74775
rat783_n2346_uncorr-similar-weights_01.ttp: 324.0 213913.0 183680.0 9253 12640.57772324228 72190.10448100309 170707
rat783_n2346_uncorr-similar-weights_01.ttp: 279.0 213958.0 183233.0 9257 12754.297721429677 70740.09409699024 75101
RESULTS FOR heuristics : 27
rat783_n2346_uncorr-similar-weights_01.ttp: 267.0 213970.0 185747.0 9271 12653.397394750948 74144.03497829664 127652
rat783_n2346_uncorr-similar-weights_01.ttp: 292.0 213945.0 182292.0 9255 12400.081135856986 72923.28438174138 124931
rat783_n2346_uncorr-similar-weights_01.ttp: 289.0 213948.0 184897.0 9254 12622.157909673702 73569.56723667795 124704
rat783_n2346_uncorr-similar-weights_01.ttp: 298.0 213939.0 185212.0 9268 12612.454189170789 73970.15405151364 95545
rat783_n2346_uncorr-similar-weights_01.ttp: 305.0 213932.0 185140.0 9269 12606.15931472826 73953.67484409673 125288
rat783_n2346_uncorr-similar-weights_01.ttp: 284.0 213953.0 185103.0 9265 12627.477139274435 73728.65163159948 94990
rat783_n2346_uncorr-similar-weights_01.ttp: 269.0 213968.0 185108.0 9248 12613.89345855379 73853.45969555558 125065
rat783_n2346_uncorr-similar-weights_01.ttp: 297.0 213940.0 184610.0 9249 12587.320949162911 73589.82922838313 125070
rat783_n2346_uncorr-similar-weights_01.ttp: 281.0 213956.0 184723.0 9250 12608.246154128008 73518.26892059097 126590
rat783_n2346_uncorr-similar-weights_01.ttp: 281.0 213956.0 184877.0 9253 12609.220300256957 73663.67695173364 125732
rat783_n2346_uncorr-similar-weights_01.ttp: 310.0 213927.0 184733.0 9259 12597.237426534035 73625.36589796981 125887
rat783_n2346_uncorr-similar-weights_01.ttp: 291.0 213946.0 185129.0 9250 12626.248409863732 73765.48902500188 124944
rat783_n2346_uncorr-similar-weights_01.ttp: 269.0 213968.0 185108.0 9248 12613.89345855379 73853.45969555558 95392
rat783_n2346_uncorr-similar-weights_01.ttp: 280.0 213957.0 185072.0 9266 12627.653019943305 73696.10036410004 124543
rat783_n2346_uncorr-similar-weights_01.ttp: 287.0 213950.0 184797.0 9250 12611.570506902657 73562.94812911857 125662
rat783_n2346_uncorr-similar-weights_01.ttp: 248.0 213989.0 184465.0 9255 12637.500269534186 73002.24762270847 96822
rat783_n2346_uncorr-similar-weights_01.ttp: 290.0 213947.0 184939.0 9273 12592.173534775451 73876.02942328052 124934
rat783_n2346_uncorr-similar-weights_01.ttp: 298.0 213939.0 185212.0 9269 12613.663044830191 73959.49194459771 125471
rat783_n2346_uncorr-similar-weights_01.ttp: 292.0 213945.0 185244.0 9273 12627.476168657986 73869.66019243657 125612
rat783_n2346_uncorr-similar-weights_01.ttp: 280.0 213957.0 185101.0 9252 12616.882261091412 73820.09845717374 125555
rat783_n2346_uncorr-similar-weights_01.ttp: 280.0 213957.0 185099.0 9251 12608.116862732746 73895.40927069717 126048
rat783_n2346_uncorr-similar-weights_01.ttp: 297.0 213940.0 184610.0 9249 12587.320949162911 73589.82922838313 96140
rat783_n2346_uncorr-similar-weights_01.ttp: 298.0 213939.0 184884.0 9262 12616.179933441437 73609.29298704652 95909
rat783_n2346_uncorr-similar-weights_01.ttp: 277.0 213960.0 185509.0 9271 12635.565027602028 74063.3164565501 125692
rat783_n2346_uncorr-similar-weights_01.ttp: 280.0 213957.0 185099.0 9253 12610.197153645888 73877.06110484326 125414
rat783_n2346_uncorr-similar-weights_01.ttp: 298.0 213939.0 185141.0 9269 12609.740962618012 73923.08470970913 96428
rat783_n2346_uncorr-similar-weights_01.ttp: 269.0 213968.0 185108.0 9248 12613.973757823014 73852.75145600102 125464
rat783_n2346_uncorr-similar-weights_01.ttp: 267.0 213970.0 185747.0 9271 12653.397394750948 74144.03497829664 156241
rat783_n2346_uncorr-similar-weights_01.ttp: 297.0 213940.0 184610.0 9249 12587.41122516996 73589.03299400094 125191
rat783_n2346_uncorr-similar-weights_01.ttp: 297.0 213940.0 184108.0 9249 12547.653941574665 73437.69223531145 126579
RESULTS FOR heuristics : 28
rat783_n2346_uncorr-similar-weights_01.ttp: 298.0 213939.0 182287.0 9253 12397.876298087998 72937.73105086385 137723
rat783_n2346_uncorr-similar-weights_01.ttp: 306.0 213931.0 183725.0 9249 12500.119577251688 73473.94532864011 219466
rat783_n2346_uncorr-similar-weights_01.ttp: 267.0 213970.0 185910.0 9267 12671.930617013795 74143.57195793833 139105
rat783_n2346_uncorr-similar-weights_01.ttp: 270.0 213967.0 184595.0 9252 12552.64718520997 73880.65182644807 174692
rat783_n2346_uncorr-similar-weights_01.ttp: 266.0 213971.0 185195.0 9270 12584.663552236272 74198.26746927608 174220
rat783_n2346_uncorr-similar-weights_01.ttp: 299.0 213938.0 185131.0 9249 12635.003169762293 73690.27204269658 140408
rat783_n2346_uncorr-similar-weights_01.ttp: 269.0 213968.0 185108.0 9248 12613.89345855379 73853.45969555558 136639
rat783_n2346_uncorr-similar-weights_01.ttp: 293.0 213944.0 184574.0 9245 12683.108587784116 72708.9822557441 102288
rat783_n2346_uncorr-similar-weights_01.ttp: 267.0 213970.0 185538.0 9248 12649.928333639504 73965.63209729957 221708
rat783_n2346_uncorr-similar-weights_01.ttp: 280.0 213957.0 184191.0 9265 12537.177847919591 73613.09138134921 139548
rat783_n2346_uncorr-similar-weights_01.ttp: 272.0 213965.0 185898.0 9252 12691.63234346587 73957.80273063103 177630
rat783_n2346_uncorr-similar-weights_01.ttp: 267.0 213970.0 185030.0 9248 12592.639013310685 73962.92390259975 245018
rat783_n2346_uncorr-similar-weights_01.ttp: 292.0 213945.0 184451.0 9250 12566.853610577176 73611.35115470931 172795
rat783_n2346_uncorr-similar-weights_01.ttp: 298.0 213939.0 185212.0 9269 12613.35918061465 73962.17202697878 101015
rat783_n2346_uncorr-similar-weights_01.ttp: 301.0 213936.0 183663.0 9250 12542.577153135127 73037.46950934817 213010
rat783_n2346_uncorr-similar-weights_01.ttp: 298.0 213939.0 185212.0 9268 12612.35918061465 73970.99202697878 101015
rat783_n2346_uncorr-similar-weights_01.ttp: 272.0 213965.0 185968.0 9248 12704.393884562856 73915.2459381556 213066
rat783_n2346_uncorr-similar-weights_01.ttp: 289.0 213948.0 183235.0 9271 12459.282747632553 73344.12616588088 100484
rat783_n2346_uncorr-similar-weights_01.ttp: 278.0 213959.0 185016.0 9253 12617.434061885937 73730.23157416603 179995
rat783_n2346_uncorr-similar-weights_01.ttp: 273.0 213964.0 184774.0 9270 12554.084424614872 74046.97537489682 136356
rat783_n2346_uncorr-similar-weights_01.ttp: 273.0 213964.0 185483.0 9248 12638.347646910335 74012.77375425084 137514
rat783_n2346_uncorr-similar-weights_01.ttp: 297.0 213940.0 185225.0 9249 12655.45134967545 73603.91909586253 138322
rat783_n2346_uncorr-similar-weights_01.ttp: 294.0 213943.0 184684.0 9260 12553.726094791054 73960.1358439429 175882
rat783_n2346_uncorr-similar-weights_01.ttp: 298.0 213939.0 184899.0 9251 12597.315306817467 73790.67899386994 138698
rat783_n2346_uncorr-similar-weights_01.ttp: 269.0 213968.0 185997.0 9270 12690.775178973743 74064.36292145158 176664
rat783_n2346_uncorr-similar-weights_01.ttp: 267.0 213970.0 185747.0 9272 12654.397394750948 74135.21497829664 135886
rat783_n2346_uncorr-similar-weights_01.ttp: 302.0 213935.0 184786.0 9268 12560.027613332724 74006.55645040536 142841
rat783_n2346_uncorr-similar-weights_01.ttp: 276.0 213961.0 185072.0 9255 12608.394309688281 73865.96218854935 101875
rat783_n2346_uncorr-similar-weights_01.ttp: 293.0 213944.0 185149.0 9250 12633.049231151266 73725.50578124583 136535
rat783_n2346_uncorr-similar-weights_01.ttp: 298.0 213939.0 184934.0 9249 12610.044798086421 73713.40488087776 140547
RESULTS FOR heuristics : 29
rat783_n2346_uncorr-similar-weights_01.ttp: 281.0 213956.0 185056.0 9250 12621.719950426055 73732.43003724219 601052
rat783_n2346_uncorr-similar-weights_01.ttp: 312.0 213925.0 184486.0 9256 12598.519651217375 73367.05667626274 603698
rat783_n2346_uncorr-similar-weights_01.ttp: 310.0 213927.0 184733.0 9259 12597.237426534035 73625.36589796981 601762
rat783_n2346_uncorr-similar-weights_01.ttp: 297.0 213940.0 184610.0 9249 12587.320949162911 73589.82922838313 600352
rat783_n2346_uncorr-similar-weights_01.ttp: 289.0 213948.0 185394.0 9274 12657.670893618657 73753.34271828344 601149
rat783_n2346_uncorr-similar-weights_01.ttp: 302.0 213935.0 183708.0 9265 12641.753001135201 72207.73852998752 603380
rat783_n2346_uncorr-similar-weights_01.ttp: 312.0 213925.0 184315.0 9247 12660.670340420349 72647.88759749252 601557
rat783_n2346_uncorr-similar-weights_01.ttp: 324.0 213913.0 185144.0 9273 12580.861070281535 74180.80536011686 600843
rat783_n2346_uncorr-similar-weights_01.ttp: 329.0 213908.0 181400.0 9256 12423.35321750881 71826.0246215723 603183
rat783_n2346_uncorr-similar-weights_01.ttp: 304.0 213933.0 184667.0 9260 12723.38188608031 72446.77176477166 600496
rat783_n2346_uncorr-similar-weights_01.ttp: 289.0 213948.0 183235.0 9270 12458.216371100883 73353.5316068902 600307
rat783_n2346_uncorr-similar-weights_01.ttp: 291.0 213946.0 185129.0 9250 12626.248409863732 73765.48902500188 600949
rat783_n2346_uncorr-similar-weights_01.ttp: 282.0 213955.0 185196.0 9253 12621.559853104434 73873.8420956189 602389
rat783_n2346_uncorr-similar-weights_01.ttp: 317.0 213920.0 183694.0 9255 12660.204311954774 72030.99796855889 601964
rat783_n2346_uncorr-similar-weights_01.ttp: 297.0 213940.0 184610.0 9249 12587.320949162911 73589.82922838313 603565
rat783_n2346_uncorr-similar-weights_01.ttp: 289.0 213948.0 183235.0 9270 12458.216371100883 73353.5316068902 601679
rat783_n2346_uncorr-similar-weights_01.ttp: 246.0 213991.0 184279.0 9259 12638.54308484137 72807.04999169911 600391
rat783_n2346_uncorr-similar-weights_01.ttp: 281.0 213956.0 185056.0 9250 12621.626868510024 73733.25101974158 602586
rat783_n2346_uncorr-similar-weights_01.ttp: 269.0 213968.0 185108.0 9248 12613.973757823014 73852.75145600102 604599
rat783_n2346_uncorr-similar-weights_01.ttp: 269.0 213968.0 185108.0 9248 12613.973757823014 73852.75145600102 602227
rat783_n2346_uncorr-similar-weights_01.ttp: 312.0 213925.0 184315.0 9247 12660.670340420349 72647.88759749252 602759
rat783_n2346_uncorr-similar-weights_01.ttp: 321.0 213916.0 184828.0 9259 12640.193615505383 73341.49231124252 601326
rat783_n2346_uncorr-similar-weights_01.ttp: 293.0 213944.0 184574.0 9245 12683.108587784116 72708.9822557441 602461
rat783_n2346_uncorr-similar-weights_01.ttp: 291.0 213946.0 183537.0 9255 12633.295008931107 72111.33802122764 603554
rat783_n2346_uncorr-similar-weights_01.ttp: 330.0 213907.0 184664.0 9261 12640.055047917966 73178.71447736354 600531
rat783_n2346_uncorr-similar-weights_01.ttp: 274.0 213963.0 183586.0 9260 12648.31677769742 72027.84602070875 600617
rat783_n2346_uncorr-similar-weights_01.ttp: 262.0 213975.0 184053.0 9261 12668.080876107279 72320.5266727338 601833
rat783_n2346_uncorr-similar-weights_01.ttp: 282.0 213955.0 184818.0 9259 12564.635272924646 73997.91689280461 602056
rat783_n2346_uncorr-similar-weights_01.ttp: 298.0 213939.0 185212.0 9269 12613.950532576657 73956.95630267389 602895
rat783_n2346_uncorr-similar-weights_01.ttp: 298.0 213939.0 185175.0 9271 12606.998714400077 73981.27133899131 602179
RESULTS FOR heuristics : 30
rat783_n2346_uncorr-similar-weights_01.ttp: 297.0 213940.0 184234.0 9278 12666.65878059492 72514.0695551528 603547
rat783_n2346_uncorr-similar-weights_01.ttp: 275.0 213962.0 184562.0 9255 12735.202552838695 72237.51348396271 600148
rat783_n2346_uncorr-similar-weights_01.ttp: 319.0 213918.0 183144.0 9252 12539.809688996089 72542.8785430545 601768
rat783_n2346_uncorr-similar-weights_01.ttp: 287.0 213950.0 183145.0 9253 12488.457070146933 72996.80864130404 602835
rat783_n2346_uncorr-similar-weights_01.ttp: 310.0 213927.0 185258.0 9249 12759.065328396837 72723.0438035399 601779
rat783_n2346_uncorr-similar-weights_01.ttp: 301.0 213936.0 182434.0 9255 12475.329104576085 72401.59729763893 604127
rat783_n2346_uncorr-similar-weights_01.ttp: 235.0 214002.0 184288.0 9255 12601.682188961633 73141.1630933584 600095
rat783_n2346_uncorr-similar-weights_01.ttp: 273.0 213964.0 185978.0 9248 12705.609851167157 73914.52111270567 600405
rat783_n2346_uncorr-similar-weights_01.ttp: 307.0 213930.0 183866.0 9247 12601.220744807339 72723.23303079927 600699
rat783_n2346_uncorr-similar-weights_01.ttp: 303.0 213934.0 183500.0 9275 12609.000134219072 72288.61881618778 600277
rat783_n2346_uncorr-similar-weights_01.ttp: 269.0 213968.0 185108.0 9248 12613.973757823014 73852.75145600102 600224
rat783_n2346_uncorr-similar-weights_01.ttp: 295.0 213942.0 184882.0 9251 12571.35271785051 74002.66902855849 600183
rat783_n2346_uncorr-similar-weights_01.ttp: 288.0 213949.0 185024.0 9267 12596.763647103442 73920.54463254764 600728
rat783_n2346_uncorr-similar-weights_01.ttp: 256.0 213981.0 184142.0 9259 12642.120526230423 72638.49695864767 600117
rat783_n2346_uncorr-similar-weights_01.ttp: 255.0 213982.0 184003.0 9265 12626.49788410532 72637.28866219107 604620
rat783_n2346_uncorr-similar-weights_01.ttp: 288.0 213949.0 182866.0 9274 12492.095342427569 72685.71907978885 605365
rat783_n2346_uncorr-similar-weights_01.ttp: 295.0 213942.0 184882.0 9251 12571.35271785051 74002.66902855849 603479
rat783_n2346_uncorr-similar-weights_01.ttp: 279.0 213958.0 184663.0 9270 12588.789687857185 73629.87495309963 603574
rat783_n2346_uncorr-similar-weights_01.ttp: 297.0 213940.0 182270.0 9250 12409.253722710977 72820.38216568918 600712
rat783_n2346_uncorr-similar-weights_01.ttp: 254.0 213983.0 183696.0 9259 12640.2949708785 72208.59835685162 600356
rat783_n2346_uncorr-similar-weights_01.ttp: 297.0 213940.0 183899.0 9249 12504.758895006193 73607.02654604538 603085
rat783_n2346_uncorr-similar-weights_01.ttp: 293.0 213944.0 182784.0 9274 12576.672548184315 71857.74812501433 603525
rat783_n2346_uncorr-similar-weights_01.ttp: 290.0 213947.0 185019.0 9249 12629.315662039955 73628.4358608076 605697
rat783_n2346_uncorr-similar-weights_01.ttp: 297.0 213940.0 184360.0 9255 12681.344861094241 72510.53832514878 604901
rat783_n2346_uncorr-similar-weights_01.ttp: 300.0 213937.0 185251.0 9274 12619.073834878669 73950.76877637014 601840
rat783_n2346_uncorr-similar-weights_01.ttp: 321.0 213916.0 182714.0 9247 12462.897386072334 72791.245054842 600807
rat783_n2346_uncorr-similar-weights_01.ttp: 276.0 213961.0 185087.0 9250 12611.560645654848 73853.03510532423 600054
rat783_n2346_uncorr-similar-weights_01.ttp: 302.0 213935.0 184044.0 9247 12619.135509161817 72743.22480919278 600015
rat783_n2346_uncorr-similar-weights_01.ttp: 296.0 213941.0 184348.0 9253 12597.069755518301 73241.84475632857 600868
rat783_n2346_uncorr-similar-weights_01.ttp: 273.0 213964.0 185952.0 9248 12706.293276920778 73882.49329755873 603612
