enter number of instance to run
Enter TTP instance file:
Enter TTP instance file:
Enter TTP instance file:
Instance :rat195_n1940_uncorr_03.ttp
RESULTS FOR heuristics : 20
rat195_n1940_uncorr_03.ttp: 41377.0 222861.0 490793.0 2448 3603.8672553257898 155921.65463512763 2020
rat195_n1940_uncorr_03.ttp: 39973.0 224265.0 490562.0 2448 3598.65277091051 156175.1845269954 1591
rat195_n1940_uncorr_03.ttp: 40055.0 224183.0 491231.0 2448 3610.9786956196544 155698.8596030217 1585
rat195_n1940_uncorr_03.ttp: 40055.0 224183.0 491231.0 2448 3610.9669847418195 155699.94777779013 1541
rat195_n1940_uncorr_03.ttp: 40055.0 224183.0 491231.0 2448 3610.9669847418195 155699.94777779013 1552
rat195_n1940_uncorr_03.ttp: 41805.0 222433.0 487447.0 2451 3582.985508511122 154515.98654914653 1481
rat195_n1940_uncorr_03.ttp: 40569.0 223669.0 492523.0 2446 3607.9971178205296 157267.90781211638 1580
rat195_n1940_uncorr_03.ttp: 41377.0 222861.0 490793.0 2448 3603.8672553257898 155921.65463512763 1592
rat195_n1940_uncorr_03.ttp: 40569.0 223669.0 492523.0 2446 3607.9971178205296 157267.90781211638 1508
rat195_n1940_uncorr_03.ttp: 41819.0 222419.0 490147.0 2446 3604.0256239739733 155260.9390203384 1496
rat195_n1940_uncorr_03.ttp: 40055.0 224183.0 491231.0 2448 3610.9669847418195 155699.94777779013 1525
rat195_n1940_uncorr_03.ttp: 40569.0 223669.0 492523.0 2446 3607.9971178205296 157267.90781211638 1432
rat195_n1940_uncorr_03.ttp: 40569.0 223669.0 492523.0 2446 3607.9971178205296 157267.90781211638 1647
rat195_n1940_uncorr_03.ttp: 40055.0 224183.0 491231.0 2448 3610.9786956196544 155698.8596030217 1482
rat195_n1940_uncorr_03.ttp: 39476.0 224762.0 491213.0 2450 3618.959705796915 154939.26413735066 1536
rat195_n1940_uncorr_03.ttp: 40569.0 223669.0 492523.0 2446 3607.9971178205296 157267.90781211638 1512
rat195_n1940_uncorr_03.ttp: 40055.0 224183.0 491231.0 2448 3610.9669847418195 155699.94777779013 1573
rat195_n1940_uncorr_03.ttp: 41252.0 222986.0 491100.0 2450 3603.7643487480664 156238.21671432967 1604
rat195_n1940_uncorr_03.ttp: 39134.0 225104.0 492262.0 2449 3641.9425800424187 153852.69546245842 1602
rat195_n1940_uncorr_03.ttp: 36632.0 227606.0 492616.0 2449 3629.542584143487 155358.90308138717 1627
rat195_n1940_uncorr_03.ttp: 41377.0 222861.0 490793.0 2448 3603.8672553257898 155921.65463512763 1747
rat195_n1940_uncorr_03.ttp: 38681.0 225557.0 493799.0 2449 3623.7756987242137 157077.76207454607 2375
rat195_n1940_uncorr_03.ttp: 40055.0 224183.0 491231.0 2448 3610.9786956196544 155698.8596030217 2240
rat195_n1940_uncorr_03.ttp: 38919.0 225319.0 492273.0 2449 3644.762818134057 153601.63893898344 1630
rat195_n1940_uncorr_03.ttp: 40569.0 223669.0 492523.0 2446 3607.9971178205296 157267.90781211638 1541
rat195_n1940_uncorr_03.ttp: 39973.0 224265.0 490562.0 2448 3598.65277091051 156175.1845269954 1526
rat195_n1940_uncorr_03.ttp: 38650.0 225588.0 493831.0 2449 3624.116004450952 157078.14086641755 1512
rat195_n1940_uncorr_03.ttp: 40774.0 223464.0 490432.0 2446 3609.443734397388 155042.48819979466 1554
rat195_n1940_uncorr_03.ttp: 36632.0 227606.0 492616.0 2449 3629.5542950213226 155357.81490661867 1591
rat195_n1940_uncorr_03.ttp: 36632.0 227606.0 492616.0 2449 3629.5542950213226 155357.81490661867 1485
RESULTS FOR heuristics : 24
rat195_n1940_uncorr_03.ttp: 40569.0 223669.0 492523.0 2446 3607.9971178205296 157267.90781211638 597432
rat195_n1940_uncorr_03.ttp: 40569.0 223669.0 492523.0 2446 3607.9971178205296 157267.90781211638 597801
rat195_n1940_uncorr_03.ttp: 40569.0 223669.0 492523.0 2446 3607.9971178205296 157267.90781211638 598290
rat195_n1940_uncorr_03.ttp: 40091.0 224147.0 490247.0 2458 3574.6170006908674 158093.58829580457 597143
rat195_n1940_uncorr_03.ttp: 40569.0 223669.0 492523.0 2446 3607.9971178205296 157267.90781211638 598201
rat195_n1940_uncorr_03.ttp: 40569.0 223669.0 492523.0 2446 3607.9971178205296 157267.90781211638 597440
rat195_n1940_uncorr_03.ttp: 40569.0 223669.0 492523.0 2446 3607.9971178205296 157267.90781211638 597783
rat195_n1940_uncorr_03.ttp: 40569.0 223669.0 492523.0 2446 3607.9971178205296 157267.90781211638 598235
rat195_n1940_uncorr_03.ttp: 40569.0 223669.0 492523.0 2446 3607.9971178205296 157267.90781211638 597386
rat195_n1940_uncorr_03.ttp: 40569.0 223669.0 492523.0 2446 3607.9971178205296 157267.90781211638 597215
rat195_n1940_uncorr_03.ttp: 40569.0 223669.0 492523.0 2446 3607.9971178205296 157267.90781211638 598312
rat195_n1940_uncorr_03.ttp: 40569.0 223669.0 492523.0 2446 3607.9971178205296 157267.90781211638 597831
rat195_n1940_uncorr_03.ttp: 40569.0 223669.0 492523.0 2446 3607.9971178205296 157267.90781211638 597230
rat195_n1940_uncorr_03.ttp: 40569.0 223669.0 492523.0 2446 3607.9971178205296 157267.90781211638 598272
rat195_n1940_uncorr_03.ttp: 40569.0 223669.0 492523.0 2446 3607.9971178205296 157267.90781211638 597845
rat195_n1940_uncorr_03.ttp: 40569.0 223669.0 492523.0 2446 3607.9971178205296 157267.90781211638 597629
rat195_n1940_uncorr_03.ttp: 40569.0 223669.0 492523.0 2446 3607.9971178205296 157267.90781211638 597742
rat195_n1940_uncorr_03.ttp: 40569.0 223669.0 492523.0 2446 3607.9971178205296 157267.90781211638 598489
rat195_n1940_uncorr_03.ttp: 40569.0 223669.0 492523.0 2446 3607.9971178205296 157267.90781211638 598043
rat195_n1940_uncorr_03.ttp: 40569.0 223669.0 492523.0 2446 3607.9971178205296 157267.90781211638 597160
rat195_n1940_uncorr_03.ttp: 40569.0 223669.0 492523.0 2446 3607.9971178205296 157267.90781211638 597238
rat195_n1940_uncorr_03.ttp: 40569.0 223669.0 492523.0 2446 3607.9971178205296 157267.90781211638 598377
rat195_n1940_uncorr_03.ttp: 40569.0 223669.0 492523.0 2446 3607.9971178205296 157267.90781211638 597587
rat195_n1940_uncorr_03.ttp: 40569.0 223669.0 492523.0 2446 3607.9971178205296 157267.90781211638 597573
rat195_n1940_uncorr_03.ttp: 40569.0 223669.0 492523.0 2446 3607.9971178205296 157267.90781211638 598288
rat195_n1940_uncorr_03.ttp: 40569.0 223669.0 492523.0 2446 3607.9971178205296 157267.90781211638 597161
rat195_n1940_uncorr_03.ttp: 40569.0 223669.0 492523.0 2446 3607.9971178205296 157267.90781211638 597523
rat195_n1940_uncorr_03.ttp: 38529.0 225709.0 492542.0 2458 3603.4829617698983 157706.36319234106 598451
rat195_n1940_uncorr_03.ttp: 40569.0 223669.0 492523.0 2446 3607.9971178205296 157267.90781211638 597850
rat195_n1940_uncorr_03.ttp: 40569.0 223669.0 492523.0 2446 3607.9971178205296 157267.90781211638 598463
Instance :rat195_n1940_uncorr-similar-weights_01.ttp
RESULTS FOR heuristics : 20
rat195_n1940_uncorr-similar-weights_01.ttp: 406.0 176759.0 150249.0 2448 3472.308586822088 59830.08439915284 891
rat195_n1940_uncorr-similar-weights_01.ttp: 406.0 176759.0 150249.0 2448 3472.308586822088 59830.08439915284 843
rat195_n1940_uncorr-similar-weights_01.ttp: 356.0 176809.0 149915.0 2446 3362.9857034364377 62342.85228251516 917
rat195_n1940_uncorr-similar-weights_01.ttp: 358.0 176807.0 150179.0 2449 3381.569205945135 62122.937877188684 843
rat195_n1940_uncorr-similar-weights_01.ttp: 406.0 176759.0 150249.0 2448 3472.308586822088 59830.08439915284 834
rat195_n1940_uncorr-similar-weights_01.ttp: 406.0 176759.0 150249.0 2448 3472.308586822088 59830.08439915284 861
rat195_n1940_uncorr-similar-weights_01.ttp: 328.0 176837.0 150016.0 2448 3366.6217506623498 62349.16961275242 849
rat195_n1940_uncorr-similar-weights_01.ttp: 328.0 176837.0 150016.0 2448 3366.6217506623498 62349.16961275242 897
rat195_n1940_uncorr-similar-weights_01.ttp: 356.0 176809.0 149915.0 2446 3362.9857034364377 62342.85228251516 858
rat195_n1940_uncorr-similar-weights_01.ttp: 343.0 176822.0 150104.0 2450 3366.649640265025 62436.44336749875 935
rat195_n1940_uncorr-similar-weights_01.ttp: 406.0 176759.0 150249.0 2448 3472.308586822088 59830.08439915284 933
rat195_n1940_uncorr-similar-weights_01.ttp: 386.0 176779.0 150571.0 2446 3487.5701309746933 59754.67378941899 934
rat195_n1940_uncorr-similar-weights_01.ttp: 343.0 176822.0 150104.0 2450 3366.649640265025 62436.44336749875 839
rat195_n1940_uncorr-similar-weights_01.ttp: 328.0 176837.0 150016.0 2448 3366.6217506623498 62349.16961275242 900
rat195_n1940_uncorr-similar-weights_01.ttp: 328.0 176837.0 150016.0 2448 3366.6217506623498 62349.16961275242 895
rat195_n1940_uncorr-similar-weights_01.ttp: 328.0 176837.0 150016.0 2448 3366.6217506623498 62349.16961275242 897
rat195_n1940_uncorr-similar-weights_01.ttp: 374.0 176791.0 150358.0 2455 3482.46120189932 59674.71030254172 879
rat195_n1940_uncorr-similar-weights_01.ttp: 406.0 176759.0 150249.0 2448 3472.308586822088 59830.08439915284 843
rat195_n1940_uncorr-similar-weights_01.ttp: 328.0 176837.0 150016.0 2448 3366.6217506623498 62349.16961275242 896
rat195_n1940_uncorr-similar-weights_01.ttp: 328.0 176837.0 150016.0 2448 3366.6217506623498 62349.16961275242 896
rat195_n1940_uncorr-similar-weights_01.ttp: 328.0 176837.0 150016.0 2448 3366.6217506623498 62349.16961275242 952
rat195_n1940_uncorr-similar-weights_01.ttp: 406.0 176759.0 150249.0 2448 3472.308586822088 59830.08439915284 865
rat195_n1940_uncorr-similar-weights_01.ttp: 386.0 176779.0 150571.0 2446 3487.5701309746933 59754.67378941899 847
rat195_n1940_uncorr-similar-weights_01.ttp: 406.0 176759.0 150249.0 2448 3472.308586822088 59830.08439915284 905
rat195_n1940_uncorr-similar-weights_01.ttp: 414.0 176751.0 149577.0 2452 3495.0898156843336 58564.86119957996 914
rat195_n1940_uncorr-similar-weights_01.ttp: 394.0 176771.0 150349.0 2449 3473.422074469504 59901.08918081412 856
rat195_n1940_uncorr-similar-weights_01.ttp: 406.0 176759.0 150249.0 2448 3472.308586822088 59830.08439915284 870
rat195_n1940_uncorr-similar-weights_01.ttp: 394.0 176771.0 150349.0 2449 3473.422074469504 59901.08918081412 928
rat195_n1940_uncorr-similar-weights_01.ttp: 386.0 176779.0 150146.0 2449 3456.0621605574997 60150.14133908271 911
rat195_n1940_uncorr-similar-weights_01.ttp: 386.0 176779.0 150571.0 2446 3487.5701309746933 59754.67378941899 874
RESULTS FOR heuristics : 24
rat195_n1940_uncorr-similar-weights_01.ttp: 323.0 176842.0 151047.0 2452 3361.800391326962 63505.71780984591 598689
rat195_n1940_uncorr-similar-weights_01.ttp: 352.0 176813.0 150928.0 2450 3355.8367309165305 63542.01152693355 598751
rat195_n1940_uncorr-similar-weights_01.ttp: 352.0 176813.0 150928.0 2450 3355.8367309165305 63542.01152693355 598709
rat195_n1940_uncorr-similar-weights_01.ttp: 352.0 176813.0 150928.0 2450 3355.8367309165305 63542.01152693355 598749
rat195_n1940_uncorr-similar-weights_01.ttp: 352.0 176813.0 150928.0 2450 3355.8367309165305 63542.01152693355 598844
rat195_n1940_uncorr-similar-weights_01.ttp: 352.0 176813.0 150928.0 2450 3355.8367309165305 63542.01152693355 599207
rat195_n1940_uncorr-similar-weights_01.ttp: 352.0 176813.0 150928.0 2450 3355.8367309165305 63542.01152693355 598619
rat195_n1940_uncorr-similar-weights_01.ttp: 352.0 176813.0 150928.0 2450 3355.8367309165305 63542.01152693355 598782
rat195_n1940_uncorr-similar-weights_01.ttp: 352.0 176813.0 150928.0 2450 3355.8367309165305 63542.01152693355 598324
rat195_n1940_uncorr-similar-weights_01.ttp: 323.0 176842.0 151047.0 2452 3361.800391326962 63505.71780984591 598821
rat195_n1940_uncorr-similar-weights_01.ttp: 323.0 176842.0 151047.0 2452 3361.800391326962 63505.71780984591 598464
rat195_n1940_uncorr-similar-weights_01.ttp: 323.0 176842.0 151047.0 2452 3361.800391326962 63505.71780984591 598930
rat195_n1940_uncorr-similar-weights_01.ttp: 343.0 176822.0 150104.0 2450 3366.649640265025 62436.44336749875 599277
rat195_n1940_uncorr-similar-weights_01.ttp: 325.0 176840.0 151098.0 2454 3360.5563744163037 63589.11201019946 598866
rat195_n1940_uncorr-similar-weights_01.ttp: 352.0 176813.0 150928.0 2450 3355.8367309165305 63542.01152693355 598327
rat195_n1940_uncorr-similar-weights_01.ttp: 343.0 176822.0 150104.0 2450 3366.649640265025 62436.44336749875 598791
rat195_n1940_uncorr-similar-weights_01.ttp: 323.0 176842.0 151047.0 2452 3361.800391326962 63505.71780984591 599153
rat195_n1940_uncorr-similar-weights_01.ttp: 343.0 176822.0 150104.0 2450 3366.649640265025 62436.44336749875 598547
rat195_n1940_uncorr-similar-weights_01.ttp: 352.0 176813.0 150928.0 2450 3355.8367309165305 63542.01152693355 598834
rat195_n1940_uncorr-similar-weights_01.ttp: 323.0 176842.0 151047.0 2452 3361.800391326962 63505.71780984591 598384
rat195_n1940_uncorr-similar-weights_01.ttp: 323.0 176842.0 151047.0 2452 3361.800391326962 63505.71780984591 598360
rat195_n1940_uncorr-similar-weights_01.ttp: 323.0 176842.0 151047.0 2452 3361.800391326962 63505.71780984591 598639
rat195_n1940_uncorr-similar-weights_01.ttp: 323.0 176842.0 151047.0 2452 3361.800391326962 63505.71780984591 598648
rat195_n1940_uncorr-similar-weights_01.ttp: 352.0 176813.0 150928.0 2450 3355.8367309165305 63542.01152693355 599190
rat195_n1940_uncorr-similar-weights_01.ttp: 352.0 176813.0 150928.0 2450 3355.8367309165305 63542.01152693355 598844
rat195_n1940_uncorr-similar-weights_01.ttp: 352.0 176813.0 150928.0 2450 3355.8367309165305 63542.01152693355 598680
rat195_n1940_uncorr-similar-weights_01.ttp: 323.0 176842.0 151047.0 2452 3361.800391326962 63505.71780984591 598663
rat195_n1940_uncorr-similar-weights_01.ttp: 323.0 176842.0 151047.0 2452 3361.800391326962 63505.71780984591 598653
rat195_n1940_uncorr-similar-weights_01.ttp: 352.0 176813.0 150928.0 2450 3355.8367309165305 63542.01152693355 598894
rat195_n1940_uncorr-similar-weights_01.ttp: 343.0 176822.0 150104.0 2450 3366.649640265025 62436.44336749875 599092
Instance :rat195_n1940_bounded-strongly-corr_01.ttp
RESULTS FOR heuristics : 20
rat195_n1940_bounded-strongly-corr_01.ttp: 8.0 167460.0 248860.0 2446 3033.3395770621723 98831.02451850494 1036
rat195_n1940_bounded-strongly-corr_01.ttp: 28.0 167440.0 252940.0 2449 3116.6101835705576 98792.46032060022 1049
rat195_n1940_bounded-strongly-corr_01.ttp: 1.0 167467.0 252667.0 2449 3099.7576820994414 99352.98504336164 1041
rat195_n1940_bounded-strongly-corr_01.ttp: 8.0 167460.0 260860.0 2449 3405.078196981252 92444.83237730726 1069
rat195_n1940_bounded-strongly-corr_01.ttp: 87.0 167381.0 261081.0 2448 3412.042262976812 92321.38967316688 1222
rat195_n1940_bounded-strongly-corr_01.ttp: 42.0 167426.0 261026.0 2448 3390.019769685314 93355.62219136438 1190
rat195_n1940_bounded-strongly-corr_01.ttp: 113.0 167355.0 260655.0 2449 3411.8784973963093 91903.48951877854 1083
rat195_n1940_bounded-strongly-corr_01.ttp: 46.0 167422.0 253222.0 2448 3110.150472364007 99393.9576368762 1129
rat195_n1940_bounded-strongly-corr_01.ttp: 46.0 167422.0 253222.0 2448 3110.150472364007 99393.9576368762 1114
rat195_n1940_bounded-strongly-corr_01.ttp: 28.0 167440.0 252940.0 2449 3116.6101835705576 98792.46032060022 1136
rat195_n1940_bounded-strongly-corr_01.ttp: 46.0 167422.0 260322.0 2449 3405.6410703868046 91878.99265866863 1174
rat195_n1940_bounded-strongly-corr_01.ttp: 46.0 167422.0 253222.0 2448 3110.150472364007 99393.9576368762 942
rat195_n1940_bounded-strongly-corr_01.ttp: 8.0 167460.0 248860.0 2446 3033.3395770621723 98831.02451850494 1059
rat195_n1940_bounded-strongly-corr_01.ttp: 46.0 167422.0 253222.0 2448 3110.1531453465204 99393.8254311611 1101
rat195_n1940_bounded-strongly-corr_01.ttp: 113.0 167355.0 260655.0 2449 3411.8784973963093 91903.48951877854 1189
rat195_n1940_bounded-strongly-corr_01.ttp: 87.0 167381.0 261081.0 2448 3412.042262976812 92321.38967316688 1126
rat195_n1940_bounded-strongly-corr_01.ttp: 46.0 167422.0 253222.0 2448 3110.150472364007 99393.9576368762 1106
rat195_n1940_bounded-strongly-corr_01.ttp: 113.0 167355.0 260655.0 2449 3411.8784973963093 91903.48951877854 1114
rat195_n1940_bounded-strongly-corr_01.ttp: 46.0 167422.0 260322.0 2449 3405.6410703868046 91878.99265866863 1148
rat195_n1940_bounded-strongly-corr_01.ttp: 46.0 167422.0 253222.0 2448 3110.150472364007 99393.9576368762 1052
rat195_n1940_bounded-strongly-corr_01.ttp: 87.0 167381.0 261081.0 2448 3412.042262976812 92321.38967316688 1114
rat195_n1940_bounded-strongly-corr_01.ttp: 42.0 167426.0 261026.0 2448 3390.019769685314 93355.62219136438 1110
rat195_n1940_bounded-strongly-corr_01.ttp: 87.0 167381.0 261081.0 2448 3412.042262976812 92321.38967316688 1057
rat195_n1940_bounded-strongly-corr_01.ttp: 8.0 167460.0 248860.0 2446 3033.3395770621723 98831.02451850494 957
rat195_n1940_bounded-strongly-corr_01.ttp: 83.0 167385.0 260685.0 2446 3397.600401000063 92639.6841665369 1152
rat195_n1940_bounded-strongly-corr_01.ttp: 87.0 167381.0 261081.0 2448 3412.042262976812 92321.38967316688 1169
rat195_n1940_bounded-strongly-corr_01.ttp: 87.0 167381.0 261081.0 2448 3412.042262976812 92321.38967316688 1098
rat195_n1940_bounded-strongly-corr_01.ttp: 1.0 167467.0 252667.0 2449 3099.7576820994414 99352.98504336164 1041
rat195_n1940_bounded-strongly-corr_01.ttp: 83.0 167385.0 260685.0 2446 3397.600401000063 92639.6841665369 1157
rat195_n1940_bounded-strongly-corr_01.ttp: 83.0 167385.0 260685.0 2446 3397.600401000063 92639.6841665369 1103
RESULTS FOR heuristics : 24
rat195_n1940_bounded-strongly-corr_01.ttp: 31.0 167437.0 253837.0 2452 3104.023841689868 100311.98079001912 598433
rat195_n1940_bounded-strongly-corr_01.ttp: 20.0 167448.0 254948.0 2454 3113.9154644426703 100933.74112866551 597871
rat195_n1940_bounded-strongly-corr_01.ttp: 78.0 167390.0 254890.0 2453 3128.04754436751 100176.76845558296 598877
rat195_n1940_bounded-strongly-corr_01.ttp: 40.0 167428.0 254628.0 2450 3109.470440827733 100833.59199666031 598133
rat195_n1940_bounded-strongly-corr_01.ttp: 31.0 167437.0 253837.0 2452 3104.023841689868 100311.98079001912 598849
rat195_n1940_bounded-strongly-corr_01.ttp: 20.0 167448.0 254948.0 2454 3113.9154644426703 100933.74112866551 598729
rat195_n1940_bounded-strongly-corr_01.ttp: 20.0 167448.0 254848.0 2452 3102.4916616752166 101398.7624135438 598854
rat195_n1940_bounded-strongly-corr_01.ttp: 20.0 167448.0 254848.0 2452 3102.4916616752166 101398.7624135438 598711
rat195_n1940_bounded-strongly-corr_01.ttp: 20.0 167448.0 254848.0 2452 3102.4916616752166 101398.7624135438 598142
rat195_n1940_bounded-strongly-corr_01.ttp: 20.0 167448.0 254848.0 2452 3102.4916616752166 101398.7624135438 597930
rat195_n1940_bounded-strongly-corr_01.ttp: 31.0 167437.0 253837.0 2452 3104.023841689868 100311.98079001912 598379
rat195_n1940_bounded-strongly-corr_01.ttp: 20.0 167448.0 254848.0 2452 3102.4916616752166 101398.7624135438 598054
rat195_n1940_bounded-strongly-corr_01.ttp: 20.0 167448.0 254848.0 2452 3102.4916616752166 101398.7624135438 598344
rat195_n1940_bounded-strongly-corr_01.ttp: 40.0 167428.0 254628.0 2450 3109.470440827733 100833.59199666031 598360
rat195_n1940_bounded-strongly-corr_01.ttp: 20.0 167448.0 254848.0 2452 3102.4916616752166 101398.7624135438 599263
rat195_n1940_bounded-strongly-corr_01.ttp: 20.0 167448.0 254848.0 2452 3102.4916616752166 101398.7624135438 598984
rat195_n1940_bounded-strongly-corr_01.ttp: 31.0 167437.0 253837.0 2452 3104.023841689868 100311.98079001912 598334
rat195_n1940_bounded-strongly-corr_01.ttp: 20.0 167448.0 254848.0 2452 3102.4916616752166 101398.7624135438 598353
rat195_n1940_bounded-strongly-corr_01.ttp: 20.0 167448.0 254848.0 2452 3102.4916616752166 101398.7624135438 598896
rat195_n1940_bounded-strongly-corr_01.ttp: 20.0 167448.0 254848.0 2452 3102.4916616752166 101398.7624135438 598249
rat195_n1940_bounded-strongly-corr_01.ttp: 31.0 167437.0 253837.0 2452 3104.023841689868 100311.98079001912 598996
rat195_n1940_bounded-strongly-corr_01.ttp: 20.0 167448.0 254848.0 2452 3102.4916616752166 101398.7624135438 599017
rat195_n1940_bounded-strongly-corr_01.ttp: 20.0 167448.0 254848.0 2452 3102.4916616752166 101398.7624135438 598317
rat195_n1940_bounded-strongly-corr_01.ttp: 20.0 167448.0 254848.0 2452 3102.4916616752166 101398.7624135438 598397
rat195_n1940_bounded-strongly-corr_01.ttp: 20.0 167448.0 254848.0 2452 3102.4916616752166 101398.7624135438 598932
rat195_n1940_bounded-strongly-corr_01.ttp: 20.0 167448.0 254848.0 2452 3102.4916616752166 101398.7624135438 598307
rat195_n1940_bounded-strongly-corr_01.ttp: 20.0 167448.0 254848.0 2452 3102.4916616752166 101398.7624135438 598300
rat195_n1940_bounded-strongly-corr_01.ttp: 112.0 167356.0 253856.0 2453 3085.4294505877388 101250.65937393045 598818
rat195_n1940_bounded-strongly-corr_01.ttp: 20.0 167448.0 254848.0 2452 3102.4916616752166 101398.7624135438 598709
rat195_n1940_bounded-strongly-corr_01.ttp: 31.0 167437.0 253837.0 2452 3104.023841689868 100311.98079001912 598815
