Enter TTP instance file:
RESULTS FOR heuristics : 20
rat783_n2346_bounded-strongly-corr_01.ttp: 12.0 202726.0 307026.0 9248 11672.248205335934 124705.4830326527 4316
rat783_n2346_bounded-strongly-corr_01.ttp: 39.0 202699.0 307899.0 9270 11794.14445495965 123674.46361353027 3946
rat783_n2346_bounded-strongly-corr_01.ttp: 0.0 202738.0 310538.0 9250 11936.495697112654 124089.93721110036 3992
rat783_n2346_bounded-strongly-corr_01.ttp: 16.0 202722.0 307022.0 9281 11791.357192963504 122841.00064591007 4233
rat783_n2346_bounded-strongly-corr_01.ttp: 41.0 202697.0 309497.0 9252 11853.933413883491 124338.56007513989 3817
rat783_n2346_bounded-strongly-corr_01.ttp: 7.0 202731.0 309131.0 9261 11947.14522006558 122516.59166257564 3969
rat783_n2346_bounded-strongly-corr_01.ttp: 40.0 202698.0 309898.0 9250 11889.616961915626 124182.18305487794 3538
rat783_n2346_bounded-strongly-corr_01.ttp: 30.0 202708.0 306308.0 9258 11649.574829841571 124341.64115787466 3726
rat783_n2346_bounded-strongly-corr_01.ttp: 59.0 202679.0 309279.0 9254 11879.306345970599 123724.23487593926 3967
rat783_n2346_bounded-strongly-corr_01.ttp: 4.0 202734.0 310234.0 9249 11861.504040613794 124957.30688561255 3541
rat783_n2346_bounded-strongly-corr_01.ttp: 23.0 202715.0 308715.0 9256 11874.904747988454 123228.98783642036 3784
rat783_n2346_bounded-strongly-corr_01.ttp: 9.0 202729.0 310129.0 9267 11871.05456770863 124703.12765239121 4041
rat783_n2346_bounded-strongly-corr_01.ttp: 3.0 202735.0 309735.0 9245 11928.300628843328 123414.94417746723 4336
rat783_n2346_bounded-strongly-corr_01.ttp: 57.0 202681.0 305581.0 9249 11700.600255178564 122817.62401411083 3704
rat783_n2346_bounded-strongly-corr_01.ttp: 65.0 202673.0 306473.0 9252 11747.418713722864 122978.31969164888 3821
rat783_n2346_bounded-strongly-corr_01.ttp: 8.0 202730.0 309030.0 9268 11808.514013091437 124581.01111551176 3867
rat783_n2346_bounded-strongly-corr_01.ttp: 84.0 202654.0 310354.0 9245 11955.35805159467 123611.30723409125 3709
rat783_n2346_bounded-strongly-corr_01.ttp: 1.0 202737.0 309437.0 9253 11954.793017061187 122703.13307350426 3806
rat783_n2346_bounded-strongly-corr_01.ttp: 11.0 202727.0 306327.0 9245 11619.362585858637 124832.55640888811 3658
rat783_n2346_bounded-strongly-corr_01.ttp: 32.0 202706.0 308406.0 9259 11853.601049119277 123252.7516127569 3703
rat783_n2346_bounded-strongly-corr_01.ttp: 65.0 202673.0 306573.0 9254 11695.369632567175 123891.32633930072 3675
rat783_n2346_bounded-strongly-corr_01.ttp: 84.0 202654.0 305454.0 9255 11581.030386633214 124558.3053607892 3824
rat783_n2346_bounded-strongly-corr_01.ttp: 24.0 202714.0 309414.0 9262 11951.832023351302 122726.38379525268 3755
rat783_n2346_bounded-strongly-corr_01.ttp: 11.0 202727.0 313027.0 9275 12070.51500663814 124485.55559631228 4021
rat783_n2346_bounded-strongly-corr_01.ttp: 28.0 202710.0 305110.0 9257 11701.209476573847 122337.1079759165 4025
rat783_n2346_bounded-strongly-corr_01.ttp: 2.0 202736.0 305536.0 9267 11648.39488651772 123588.07187259322 3963
rat783_n2346_bounded-strongly-corr_01.ttp: 8.0 202730.0 310030.0 9280 12013.852986900783 122373.61634460976 3793
rat783_n2346_bounded-strongly-corr_01.ttp: 49.0 202689.0 307589.0 9256 11830.87684980074 122790.70360611245 4222
rat783_n2346_bounded-strongly-corr_01.ttp: 13.0 202725.0 310525.0 9251 11985.513593713647 123311.27766619285 3534
rat783_n2346_bounded-strongly-corr_01.ttp: 24.0 202714.0 310414.0 9259 11919.83470787068 124226.18186305999 3914
RESULTS FOR heuristics : 21
rat783_n2346_bounded-strongly-corr_01.ttp: 68.0 202670.0 309370.0 9265 11898.285308257313 123518.78348502077 4337
rat783_n2346_bounded-strongly-corr_01.ttp: 50.0 202688.0 309388.0 9279 11916.193725082363 123257.0540142135 4326
rat783_n2346_bounded-strongly-corr_01.ttp: 62.0 202676.0 306176.0 9257 11740.667154735289 122786.7790430348 4151
rat783_n2346_bounded-strongly-corr_01.ttp: 27.0 202711.0 307511.0 9250 11700.25241078537 124753.05734353254 4350
rat783_n2346_bounded-strongly-corr_01.ttp: 13.0 202725.0 306225.0 9257 11726.897070973904 123050.86775138762 4345
rat783_n2346_bounded-strongly-corr_01.ttp: 12.0 202726.0 309226.0 9256 11783.420425116516 125168.97295968005 4153
rat783_n2346_bounded-strongly-corr_01.ttp: 27.0 202711.0 307211.0 9251 11677.356807938888 124810.6866599946 4111
rat783_n2346_bounded-strongly-corr_01.ttp: 5.0 202733.0 307533.0 9247 11735.179027712364 124229.5035871329 3857
rat783_n2346_bounded-strongly-corr_01.ttp: 27.0 202711.0 305511.0 9260 11746.68505054365 122027.77951050818 4756
rat783_n2346_bounded-strongly-corr_01.ttp: 60.0 202678.0 308978.0 9254 11855.373164504674 123797.071170437 4069
rat783_n2346_bounded-strongly-corr_01.ttp: 4.0 202734.0 310034.0 9258 11945.586929581978 123443.9321599295 4159
rat783_n2346_bounded-strongly-corr_01.ttp: 104.0 202634.0 309834.0 9259 11920.82817656603 123630.66388203861 4278
rat783_n2346_bounded-strongly-corr_01.ttp: 67.0 202671.0 310471.0 9251 11884.061593071572 124841.95791622205 4045
rat783_n2346_bounded-strongly-corr_01.ttp: 13.0 202725.0 308825.0 9250 11776.255013104706 124879.89669530449 4116
rat783_n2346_bounded-strongly-corr_01.ttp: 8.0 202730.0 309530.0 9254 11915.65249798071 123407.5079815413 4193
rat783_n2346_bounded-strongly-corr_01.ttp: 40.0 202698.0 310298.0 9245 11958.396916047972 123507.8401713307 4159
rat783_n2346_bounded-strongly-corr_01.ttp: 46.0 202692.0 308492.0 9256 11824.747163405198 123789.4493076108 4140
rat783_n2346_bounded-strongly-corr_01.ttp: 40.0 202698.0 310298.0 9245 11958.392420169239 123507.91039695649 4120
rat783_n2346_bounded-strongly-corr_01.ttp: 40.0 202698.0 310298.0 9255 11864.528770036572 124974.06061202876 4161
rat783_n2346_bounded-strongly-corr_01.ttp: 5.0 202733.0 307533.0 9247 11735.2254994138 124228.77769915646 4052
rat783_n2346_bounded-strongly-corr_01.ttp: 59.0 202679.0 310079.0 9252 11967.31815302579 123149.49044973718 4056
rat783_n2346_bounded-strongly-corr_01.ttp: 40.0 202698.0 310298.0 9245 11958.290945463765 123509.49543185599 3920
rat783_n2346_bounded-strongly-corr_01.ttp: 27.0 202711.0 311311.0 9273 11958.831923821104 124514.04534991435 4258
rat783_n2346_bounded-strongly-corr_01.ttp: 52.0 202686.0 309486.0 9255 11899.094582882914 123622.14261536891 4402
rat783_n2346_bounded-strongly-corr_01.ttp: 11.0 202727.0 306327.0 9245 11619.329832422467 124833.06801756108 4356
rat783_n2346_bounded-strongly-corr_01.ttp: 72.0 202666.0 304866.0 9255 11777.330690313744 120904.09461729933 4288
rat783_n2346_bounded-strongly-corr_01.ttp: 67.0 202671.0 310471.0 9249 11880.84933265264 124892.13342396577 4089
rat783_n2346_bounded-strongly-corr_01.ttp: 96.0 202642.0 309242.0 9254 11813.743679701092 124711.32372306896 4088
rat783_n2346_bounded-strongly-corr_01.ttp: 12.0 202726.0 307026.0 9248 11674.203059127645 124674.94821642619 3930
rat783_n2346_bounded-strongly-corr_01.ttp: 41.0 202697.0 307897.0 9250 11809.42280142592 123433.81584172713 4131
RESULTS FOR heuristics : 22
rat783_n2346_bounded-strongly-corr_01.ttp: 21.0 202717.0 306917.0 9262 11826.531360658779 122186.58014650989 599834
rat783_n2346_bounded-strongly-corr_01.ttp: 9.0 202729.0 310029.0 9252 11957.45589427563 123253.53893141466 599790
rat783_n2346_bounded-strongly-corr_01.ttp: 7.0 202731.0 305131.0 9267 11655.623171792045 123070.16605660826 599843
rat783_n2346_bounded-strongly-corr_01.ttp: 26.0 202712.0 308712.0 9259 11861.884241494972 123429.36814784855 599790
rat783_n2346_bounded-strongly-corr_01.ttp: 5.0 202733.0 307133.0 9245 11666.548112132255 124901.51848849418 599815
rat783_n2346_bounded-strongly-corr_01.ttp: 9.0 202729.0 309729.0 9256 11899.874294477875 123852.96352025561 599803
rat783_n2346_bounded-strongly-corr_01.ttp: 6.0 202732.0 310332.0 9249 11954.062937837743 123609.53691097445 599841
rat783_n2346_bounded-strongly-corr_01.ttp: 17.0 202721.0 305621.0 9261 11670.020511288076 123335.27961368026 599843
rat783_n2346_bounded-strongly-corr_01.ttp: 0.0 202738.0 310038.0 9267 11884.660533680291 124399.60246391385 599798
rat783_n2346_bounded-strongly-corr_01.ttp: 9.0 202729.0 306729.0 9259 11679.942278673614 124288.30160711816 599839
rat783_n2346_bounded-strongly-corr_01.ttp: 5.0 202733.0 308033.0 9245 11703.302900106852 125227.408700331 599790
rat783_n2346_bounded-strongly-corr_01.ttp: 14.0 202724.0 308624.0 9253 11774.196479627119 124711.05098822442 599827
rat783_n2346_bounded-strongly-corr_01.ttp: 1.0 202737.0 309937.0 9247 11904.212533729326 123993.20022314796 599790
rat783_n2346_bounded-strongly-corr_01.ttp: 15.0 202723.0 309323.0 9252 11930.046790431179 122975.66913346498 599817
rat783_n2346_bounded-strongly-corr_01.ttp: 4.0 202734.0 309234.0 9246 11849.583645858256 124143.50345169404 599826
rat783_n2346_bounded-strongly-corr_01.ttp: 1.0 202737.0 307637.0 9250 11708.840414680975 124744.91272268316 599851
rat783_n2346_bounded-strongly-corr_01.ttp: 0.0 202738.0 308738.0 9271 11859.825091161878 123487.53207605149 599835
rat783_n2346_bounded-strongly-corr_01.ttp: 13.0 202725.0 306325.0 9256 11791.536865143076 122141.19416646517 599791
rat783_n2346_bounded-strongly-corr_01.ttp: 4.0 202734.0 310534.0 9251 11983.764873657674 123347.59267346715 599805
rat783_n2346_bounded-strongly-corr_01.ttp: 18.0 202720.0 308720.0 9259 11854.6750532119 123549.97566883013 599839
rat783_n2346_bounded-strongly-corr_01.ttp: 30.0 202708.0 309708.0 9248 11942.90570277815 123159.81292260531 599832
rat783_n2346_bounded-strongly-corr_01.ttp: 9.0 202729.0 308629.0 9253 11773.651932945588 124724.55680738992 599845
rat783_n2346_bounded-strongly-corr_01.ttp: 3.0 202735.0 308735.0 9255 11799.853855301068 124421.28278019733 599825
rat783_n2346_bounded-strongly-corr_01.ttp: 5.0 202733.0 307833.0 9251 11717.511826367558 124805.46527213877 599807
rat783_n2346_bounded-strongly-corr_01.ttp: 0.0 202738.0 305238.0 9256 11567.634412706593 124551.55047352304 599828
rat783_n2346_bounded-strongly-corr_01.ttp: 1.0 202737.0 305637.0 9249 11704.694793838464 122809.6673202432 599839
rat783_n2346_bounded-strongly-corr_01.ttp: 12.0 202726.0 310226.0 9249 11850.46669781118 125121.71018018937 599822
rat783_n2346_bounded-strongly-corr_01.ttp: 8.0 202730.0 306930.0 9245 11654.2786469383 124890.16753482376 599848
rat783_n2346_bounded-strongly-corr_01.ttp: 1.0 202737.0 308637.0 9252 11922.51350909807 122407.33898788816 599836
rat783_n2346_bounded-strongly-corr_01.ttp: 1.0 202737.0 310437.0 9252 11875.017063454865 124949.23346883501 599819
RESULTS FOR heuristics : 23
rat783_n2346_bounded-strongly-corr_01.ttp: 30.0 202708.0 308908.0 9251 11756.436347063624 125272.46425886621 65544
rat783_n2346_bounded-strongly-corr_01.ttp: 116.0 202622.0 309822.0 9252 11889.555902406437 124107.13680441148 65610
rat783_n2346_bounded-strongly-corr_01.ttp: 0.0 202738.0 304338.0 9257 11653.11290562468 122316.37641414252 66638
rat783_n2346_bounded-strongly-corr_01.ttp: 14.0 202724.0 309524.0 9252 11896.81948820194 123695.6795942857 65829
rat783_n2346_bounded-strongly-corr_01.ttp: 56.0 202682.0 308882.0 9257 11867.789019435932 123507.13551641075 65339
rat783_n2346_bounded-strongly-corr_01.ttp: 97.0 202641.0 311041.0 9253 12006.652891577272 123497.08183356302 65619
rat783_n2346_bounded-strongly-corr_01.ttp: 6.0 202732.0 310232.0 9276 11976.032903276562 123166.3660508201 97808
rat783_n2346_bounded-strongly-corr_01.ttp: 44.0 202694.0 308994.0 9257 11899.154433518415 123129.20774844236 65540
rat783_n2346_bounded-strongly-corr_01.ttp: 30.0 202708.0 310308.0 9264 11886.284526156614 124644.2357014337 65750
rat783_n2346_bounded-strongly-corr_01.ttp: 2.0 202736.0 310336.0 9259 11908.968497489608 124317.91206921233 66062
rat783_n2346_bounded-strongly-corr_01.ttp: 84.0 202654.0 305454.0 9252 11579.403268972797 124583.72093864492 66200
rat783_n2346_bounded-strongly-corr_01.ttp: 67.0 202671.0 309671.0 9257 11935.031202839476 123245.81261164739 66537
rat783_n2346_bounded-strongly-corr_01.ttp: 27.0 202711.0 308611.0 9254 11943.070655157198 122060.23636644456 65751
rat783_n2346_bounded-strongly-corr_01.ttp: 50.0 202688.0 304288.0 9258 11752.277831403993 120717.42027346964 65430
rat783_n2346_bounded-strongly-corr_01.ttp: 9.0 202729.0 306529.0 9255 11736.692252709556 123201.86701267675 66082
rat783_n2346_bounded-strongly-corr_01.ttp: 68.0 202670.0 311570.0 9259 12067.312571374341 123078.5776351328 66137
rat783_n2346_bounded-strongly-corr_01.ttp: 35.0 202703.0 308703.0 9254 11901.608171112366 122799.88036722486 65494
rat783_n2346_bounded-strongly-corr_01.ttp: 84.0 202654.0 305454.0 9252 11578.951002982318 124590.78533341619 65739
rat783_n2346_bounded-strongly-corr_01.ttp: 68.0 202670.0 309070.0 9253 11982.942198032495 121896.44286673242 65722
rat783_n2346_bounded-strongly-corr_01.ttp: 57.0 202681.0 305581.0 9249 11700.579529356248 122817.94775145542 65459
rat783_n2346_bounded-strongly-corr_01.ttp: 63.0 202675.0 309575.0 9252 11952.426732958753 122878.09443118429 66515
rat783_n2346_bounded-strongly-corr_01.ttp: 36.0 202702.0 310002.0 9253 11833.379248531674 125164.61613793526 65149
rat783_n2346_bounded-strongly-corr_01.ttp: 16.0 202722.0 305522.0 9258 11736.893642691006 122191.72130116649 64516
rat783_n2346_bounded-strongly-corr_01.ttp: 15.0 202723.0 309123.0 9276 11858.585261315618 123891.89821825005 65628
rat783_n2346_bounded-strongly-corr_01.ttp: 40.0 202698.0 310298.0 9250 11947.99915711025 123670.25316593793 65199
rat783_n2346_bounded-strongly-corr_01.ttp: 5.0 202733.0 305433.0 9253 11681.620410936835 122966.08918116664 64827
rat783_n2346_bounded-strongly-corr_01.ttp: 76.0 202662.0 309562.0 9255 11953.559861566455 122847.39496233198 65316
rat783_n2346_bounded-strongly-corr_01.ttp: 3.0 202735.0 310835.0 9255 12020.031998039636 123082.1001906209 65232
rat783_n2346_bounded-strongly-corr_01.ttp: 1.0 202737.0 310137.0 9276 11881.52800967133 124547.53248893382 66223
rat783_n2346_bounded-strongly-corr_01.ttp: 114.0 202624.0 309424.0 9277 11880.016518942688 123858.14197411522 64706
RESULTS FOR heuristics : 24
rat783_n2346_bounded-strongly-corr_01.ttp: 29.0 202709.0 309209.0 9254 11769.544406999614 125368.71636266605 597400
rat783_n2346_bounded-strongly-corr_01.ttp: 70.0 202668.0 308768.0 9254 11739.424646103784 125398.18702785892 597604
rat783_n2346_bounded-strongly-corr_01.ttp: 8.0 202730.0 308530.0 9261 11720.88152437358 125449.83058928468 597730
rat783_n2346_bounded-strongly-corr_01.ttp: 41.0 202697.0 311197.0 9253 11895.02904943523 125396.64624782171 596744
rat783_n2346_bounded-strongly-corr_01.ttp: 75.0 202663.0 309363.0 9254 11776.805005383196 125409.3058159145 597032
rat783_n2346_bounded-strongly-corr_01.ttp: 41.0 202697.0 311197.0 9253 11894.918971900877 125398.3656589083 597585
rat783_n2346_bounded-strongly-corr_01.ttp: 59.0 202679.0 311979.0 9253 11947.86904024575 125353.28559136137 596724
rat783_n2346_bounded-strongly-corr_01.ttp: 30.0 202708.0 308908.0 9251 11756.440446497716 125272.40022570567 596856
rat783_n2346_bounded-strongly-corr_01.ttp: 14.0 202724.0 308224.0 9260 11706.035570178998 125375.72439380406 597691
rat783_n2346_bounded-strongly-corr_01.ttp: 25.0 202713.0 308613.0 9256 11725.755590069355 125456.69768311668 596463
rat783_n2346_bounded-strongly-corr_01.ttp: 10.0 202728.0 310028.0 9256 11807.604302873418 125593.22078911721 597152
rat783_n2346_bounded-strongly-corr_01.ttp: 56.0 202682.0 312082.0 9254 11955.022536864652 125344.54797417414 596109
rat783_n2346_bounded-strongly-corr_01.ttp: 30.0 202708.0 308908.0 9251 11756.46253829624 125272.05515181273 597841
rat783_n2346_bounded-strongly-corr_01.ttp: 42.0 202696.0 308796.0 9257 11732.72594080839 125530.82080457296 596827
rat783_n2346_bounded-strongly-corr_01.ttp: 29.0 202709.0 309409.0 9254 11781.957568548874 125374.8227792666 596463
rat783_n2346_bounded-strongly-corr_01.ttp: 105.0 202633.0 308833.0 9254 11723.139154779226 125717.56640234849 597355
rat783_n2346_bounded-strongly-corr_01.ttp: 41.0 202697.0 311197.0 9255 11896.745496916557 125369.8353381634 597759
rat783_n2346_bounded-strongly-corr_01.ttp: 70.0 202668.0 308768.0 9254 11739.377491638312 125398.92358060958 596622
rat783_n2346_bounded-strongly-corr_01.ttp: 33.0 202705.0 308605.0 9260 11729.55872019055 125389.29279062364 597269
rat783_n2346_bounded-strongly-corr_01.ttp: 30.0 202708.0 308908.0 9251 11756.533675788054 125270.94398419061 597606
rat783_n2346_bounded-strongly-corr_01.ttp: 59.0 202679.0 311979.0 9255 11946.796219272732 125370.04305495994 595985
rat783_n2346_bounded-strongly-corr_01.ttp: 6.0 202732.0 308832.0 9254 11720.288510450251 125761.09346676708 596151
rat783_n2346_bounded-strongly-corr_01.ttp: 70.0 202668.0 308768.0 9254 11739.4596182285 125397.64076327084 597032
rat783_n2346_bounded-strongly-corr_01.ttp: 30.0 202708.0 308908.0 9251 11756.457584119573 125272.13253605229 597142
rat783_n2346_bounded-strongly-corr_01.ttp: 73.0 202665.0 309965.0 9264 11814.213234720208 125426.98927367036 597165
rat783_n2346_bounded-strongly-corr_01.ttp: 30.0 202708.0 308908.0 9251 11756.459901730737 125272.0963349659 597920
rat783_n2346_bounded-strongly-corr_01.ttp: 75.0 202663.0 309363.0 9254 11776.806951691038 125409.27541458598 597131
rat783_n2346_bounded-strongly-corr_01.ttp: 7.0 202731.0 310131.0 9275 11825.361342629109 125418.85582813332 597177
rat783_n2346_bounded-strongly-corr_01.ttp: 33.0 202705.0 309205.0 9256 11748.42640768163 125694.57951201295 597758
rat783_n2346_bounded-strongly-corr_01.ttp: 26.0 202712.0 309312.0 9257 11748.03882714396 125807.63352001135 597223
RESULTS FOR heuristics : 25
rat783_n2346_bounded-strongly-corr_01.ttp: 128.0 202610.0 309210.0 9259 11961.544091565242 122370.68128975094 67066
rat783_n2346_bounded-strongly-corr_01.ttp: 5.0 202733.0 307033.0 9245 11661.753068025551 124876.41707744088 66375
rat783_n2346_bounded-strongly-corr_01.ttp: 17.0 202721.0 307621.0 9250 11694.574691224982 124951.7433230658 66686
rat783_n2346_bounded-strongly-corr_01.ttp: 28.0 202710.0 308410.0 9277 11923.046852060876 122172.00817080913 66595
rat783_n2346_bounded-strongly-corr_01.ttp: 43.0 202695.0 308795.0 9264 11849.859489595514 123700.1947725181 66936
rat783_n2346_bounded-strongly-corr_01.ttp: 22.0 202716.0 305716.0 9254 11650.361116314809 123737.35936316269 66505
rat783_n2346_bounded-strongly-corr_01.ttp: 40.0 202698.0 308898.0 9251 11881.738307440497 123305.24763777945 66557
rat783_n2346_bounded-strongly-corr_01.ttp: 53.0 202685.0 308885.0 9246 11831.540224612067 124076.34169155953 66464
rat783_n2346_bounded-strongly-corr_01.ttp: 97.0 202641.0 310241.0 9260 11986.138480857215 123017.51692901031 67716
rat783_n2346_bounded-strongly-corr_01.ttp: 2.0 202736.0 310636.0 9253 11877.795887027116 125104.82824463645 66948
rat783_n2346_bounded-strongly-corr_01.ttp: 28.0 202710.0 308810.0 9254 11857.854967799027 123590.3054029792 67009
rat783_n2346_bounded-strongly-corr_01.ttp: 17.0 202721.0 307621.0 9250 11694.574691224982 124951.7433230658 67329
rat783_n2346_bounded-strongly-corr_01.ttp: 63.0 202675.0 309575.0 9252 11952.426732958753 122878.09443118429 67577
rat783_n2346_bounded-strongly-corr_01.ttp: 9.0 202729.0 308329.0 9257 11842.423745213886 123350.3410997591 66631
rat783_n2346_bounded-strongly-corr_01.ttp: 40.0 202698.0 310298.0 9250 11947.99915711025 123670.25316593793 66161
rat783_n2346_bounded-strongly-corr_01.ttp: 107.0 202631.0 309731.0 9258 11826.698710061291 124997.96614884265 67061
rat783_n2346_bounded-strongly-corr_01.ttp: 15.0 202723.0 307023.0 9251 11681.440051419086 124558.90639683389 66611
rat783_n2346_bounded-strongly-corr_01.ttp: 53.0 202685.0 309685.0 9254 11955.578189112923 122938.86868605614 66985
rat783_n2346_bounded-strongly-corr_01.ttp: 21.0 202717.0 306017.0 9250 11717.735233012487 122985.97566034496 34820
rat783_n2346_bounded-strongly-corr_01.ttp: 3.0 202735.0 309135.0 9279 11942.129133231165 122598.94293892922 66420
rat783_n2346_bounded-strongly-corr_01.ttp: 6.0 202732.0 305332.0 9256 11722.453967027552 122227.26903502966 66230
rat783_n2346_bounded-strongly-corr_01.ttp: 41.0 202697.0 309497.0 9252 11853.868743769292 124339.57022232367 67035
rat783_n2346_bounded-strongly-corr_01.ttp: 17.0 202721.0 307621.0 9250 11694.574691224982 124951.7433230658 66082
rat783_n2346_bounded-strongly-corr_01.ttp: 67.0 202671.0 311271.0 9258 11945.874850559208 124676.43483426518 66525
rat783_n2346_bounded-strongly-corr_01.ttp: 5.0 202733.0 307033.0 9245 11661.698100924852 124877.27566355382 66165
rat783_n2346_bounded-strongly-corr_01.ttp: 51.0 202687.0 311087.0 9265 11958.434511037714 124296.2529375909 66407
rat783_n2346_bounded-strongly-corr_01.ttp: 88.0 202650.0 306350.0 9278 11677.763894203865 123943.32797253566 67533
rat783_n2346_bounded-strongly-corr_01.ttp: 58.0 202680.0 310280.0 9259 11900.033563707486 124401.47573488907 67343
rat783_n2346_bounded-strongly-corr_01.ttp: 2.0 202736.0 309736.0 9252 11989.06021619592 122466.87942301974 66953
rat783_n2346_bounded-strongly-corr_01.ttp: 80.0 202658.0 309458.0 9253 11908.500184280898 123447.22712153237 66241
RESULTS FOR heuristics : 26
rat783_n2346_bounded-strongly-corr_01.ttp: 27.0 202711.0 307511.0 9250 11700.16156967242 124754.47628171681 78594
rat783_n2346_bounded-strongly-corr_01.ttp: 24.0 202714.0 307414.0 9278 11894.387201888485 121623.67190650187 78373
rat783_n2346_bounded-strongly-corr_01.ttp: 32.0 202706.0 309406.0 9254 11935.267647167137 122977.11935124933 78322
rat783_n2346_bounded-strongly-corr_01.ttp: 25.0 202713.0 306413.0 9257 11724.426419720789 123277.45932396129 78128
rat783_n2346_bounded-strongly-corr_01.ttp: 1.0 202737.0 308037.0 9249 11732.570086632599 124774.25524679883 83878
rat783_n2346_bounded-strongly-corr_01.ttp: 14.0 202724.0 306424.0 9255 11649.303239017945 124461.88340653971 78574
rat783_n2346_bounded-strongly-corr_01.ttp: 23.0 202715.0 307915.0 9253 11820.903242403205 123272.49135366196 78858
rat783_n2346_bounded-strongly-corr_01.ttp: 24.0 202714.0 304414.0 9255 11746.425669180693 120934.83104739757 78449
rat783_n2346_bounded-strongly-corr_01.ttp: 36.0 202702.0 308502.0 9259 11838.610970552905 123582.89663996364 78806
rat783_n2346_bounded-strongly-corr_01.ttp: 0.0 202738.0 305338.0 9256 11808.059916193386 120896.10410905932 78189
rat783_n2346_bounded-strongly-corr_01.ttp: 2.0 202736.0 306636.0 9249 11715.772833446115 123635.62834157169 77705
rat783_n2346_bounded-strongly-corr_01.ttp: 35.0 202703.0 308403.0 9277 11927.223556292834 122099.76805070593 79745
rat783_n2346_bounded-strongly-corr_01.ttp: 1.0 202737.0 308437.0 9255 11918.731732173199 122266.41034345466 79106
rat783_n2346_bounded-strongly-corr_01.ttp: 9.0 202729.0 307829.0 9260 11897.843022132492 121984.69199429048 120690
rat783_n2346_bounded-strongly-corr_01.ttp: 89.0 202649.0 305449.0 9263 11725.479634147583 122297.00811461476 77342
rat783_n2346_bounded-strongly-corr_01.ttp: 42.0 202696.0 309596.0 9255 11955.698255525354 122847.99324869397 78622
rat783_n2346_bounded-strongly-corr_01.ttp: 9.0 202729.0 308429.0 9274 11919.593689845788 122244.9465646088 82324
rat783_n2346_bounded-strongly-corr_01.ttp: 42.0 202696.0 305096.0 9274 11733.758194148448 121814.69700740126 80743
rat783_n2346_bounded-strongly-corr_01.ttp: 4.0 202734.0 309234.0 9257 11837.017998698992 124339.77886032176 78624
rat783_n2346_bounded-strongly-corr_01.ttp: 47.0 202691.0 307891.0 9255 11822.06025967373 123230.41874389636 81357
rat783_n2346_bounded-strongly-corr_01.ttp: 1.0 202737.0 308037.0 9259 11752.372634986312 124464.93944151382 78369
rat783_n2346_bounded-strongly-corr_01.ttp: 27.0 202711.0 305211.0 9250 11677.684220122615 122805.57248168477 78973
rat783_n2346_bounded-strongly-corr_01.ttp: 19.0 202719.0 310119.0 9260 11899.048156949779 124255.86778844448 77126
rat783_n2346_bounded-strongly-corr_01.ttp: 14.0 202724.0 306724.0 9246 11655.604064645282 124663.46451024071 77399
rat783_n2346_bounded-strongly-corr_01.ttp: 15.0 202723.0 308723.0 9273 11935.12403076738 122296.36263941354 78347
rat783_n2346_bounded-strongly-corr_01.ttp: 66.0 202672.0 306172.0 9259 11638.413443971753 124379.98200516123 77987
rat783_n2346_bounded-strongly-corr_01.ttp: 112.0 202626.0 308526.0 9251 11744.53335674491 125076.38896764451 77755
rat783_n2346_bounded-strongly-corr_01.ttp: 5.0 202733.0 309433.0 9260 11942.923218593147 122884.53932557505 116752
rat783_n2346_bounded-strongly-corr_01.ttp: 30.0 202708.0 310508.0 9253 11880.738252533594 124930.86849542527 77325
rat783_n2346_bounded-strongly-corr_01.ttp: 45.0 202693.0 309993.0 9254 11852.22086748618 124861.31004986589 82841
RESULTS FOR heuristics : 27
rat783_n2346_bounded-strongly-corr_01.ttp: 29.0 202709.0 309309.0 9251 11785.353875932842 125221.77245792901 129433
rat783_n2346_bounded-strongly-corr_01.ttp: 41.0 202697.0 311197.0 9253 11894.887499147613 125398.8572633143 130490
rat783_n2346_bounded-strongly-corr_01.ttp: 30.0 202708.0 308908.0 9251 11756.492199285502 125271.59184716048 129269
rat783_n2346_bounded-strongly-corr_01.ttp: 17.0 202721.0 308021.0 9245 11704.88645975482 125190.67349862971 128606
rat783_n2346_bounded-strongly-corr_01.ttp: 14.0 202724.0 310024.0 9253 11830.081997067986 125238.11920579808 128184
rat783_n2346_bounded-strongly-corr_01.ttp: 9.0 202729.0 308629.0 9245 11745.683911934844 125161.41729557773 128766
rat783_n2346_bounded-strongly-corr_01.ttp: 122.0 202616.0 310316.0 9258 11855.891480286082 125126.97507793142 128699
rat783_n2346_bounded-strongly-corr_01.ttp: 18.0 202720.0 309020.0 9253 11765.750067450452 125238.98394642395 129867
rat783_n2346_bounded-strongly-corr_01.ttp: 8.0 202730.0 309230.0 9252 11803.077320856493 124865.9322482216 129938
rat783_n2346_bounded-strongly-corr_01.ttp: 5.0 202733.0 307033.0 9245 11661.753068025551 124876.41707744088 129187
rat783_n2346_bounded-strongly-corr_01.ttp: 1.0 202737.0 306937.0 9250 11651.62711694243 124938.58443335924 128960
rat783_n2346_bounded-strongly-corr_01.ttp: 36.0 202702.0 308602.0 9253 11746.440472026925 125122.59982693943 129251
rat783_n2346_bounded-strongly-corr_01.ttp: 41.0 202697.0 310497.0 9254 11817.390851393187 125909.35490123843 129690
rat783_n2346_bounded-strongly-corr_01.ttp: 9.0 202729.0 308629.0 9245 11745.738578864077 125160.56339814313 129793
rat783_n2346_bounded-strongly-corr_01.ttp: 36.0 202702.0 308502.0 9248 11748.613812295815 124988.65225193938 129052
rat783_n2346_bounded-strongly-corr_01.ttp: 1.0 202737.0 307337.0 9247 11677.04076830698 124941.62319904496 127514
rat783_n2346_bounded-strongly-corr_01.ttp: 112.0 202626.0 308526.0 9251 11744.588889258843 125075.5215497769 159139
rat783_n2346_bounded-strongly-corr_01.ttp: 30.0 202708.0 308908.0 9251 11756.436347063624 125272.46425886621 128518
rat783_n2346_bounded-strongly-corr_01.ttp: 55.0 202683.0 309183.0 9254 11765.504629828678 125405.81768207607 130292
rat783_n2346_bounded-strongly-corr_01.ttp: 13.0 202725.0 308825.0 9250 11776.181108724164 124881.05108172857 129930
rat783_n2346_bounded-strongly-corr_01.ttp: 3.0 202735.0 308435.0 9250 11745.002973780116 124978.0535495546 128688
rat783_n2346_bounded-strongly-corr_01.ttp: 18.0 202720.0 309020.0 9255 11769.808283800303 125175.59460703927 130020
rat783_n2346_bounded-strongly-corr_01.ttp: 24.0 202714.0 305414.0 9255 11569.171273728889 124703.54470435478 127538
rat783_n2346_bounded-strongly-corr_01.ttp: 29.0 202709.0 308409.0 9253 11725.04683539502 125263.7684311298 129422
rat783_n2346_bounded-strongly-corr_01.ttp: 40.0 202698.0 310298.0 9255 11864.578407993615 124973.28526713976 129562
rat783_n2346_bounded-strongly-corr_01.ttp: 70.0 202668.0 308768.0 9254 11739.370017759251 125399.04032260051 129247
rat783_n2346_bounded-strongly-corr_01.ttp: 29.0 202709.0 309309.0 9251 11785.353875932842 125221.77245792901 128831
rat783_n2346_bounded-strongly-corr_01.ttp: 118.0 202620.0 308520.0 9248 11739.665949430506 125146.41786989552 129297
rat783_n2346_bounded-strongly-corr_01.ttp: 9.0 202729.0 308629.0 9245 11745.738578864077 125160.56339814313 128298
rat783_n2346_bounded-strongly-corr_01.ttp: 29.0 202709.0 309209.0 9254 11769.510280796243 125369.24941396268 130782
RESULTS FOR heuristics : 28
rat783_n2346_bounded-strongly-corr_01.ttp: 9.0 202729.0 308629.0 9245 11745.738578864077 125160.56339814313 140694
rat783_n2346_bounded-strongly-corr_01.ttp: 30.0 202708.0 308908.0 9251 11756.492199285502 125271.59184716048 141410
rat783_n2346_bounded-strongly-corr_01.ttp: 17.0 202721.0 308021.0 9245 11704.88645975482 125190.67349862971 141322
rat783_n2346_bounded-strongly-corr_01.ttp: 0.0 202738.0 309138.0 9277 11794.228232940266 124912.15500147306 142707
rat783_n2346_bounded-strongly-corr_01.ttp: 0.0 202738.0 309238.0 9251 11779.098963331726 125248.47419275844 144362
rat783_n2346_bounded-strongly-corr_01.ttp: 30.0 202708.0 308908.0 9252 11756.7021364324 125268.31262892592 140169
rat783_n2346_bounded-strongly-corr_01.ttp: 1.0 202737.0 307337.0 9249 11678.305842627715 124921.86273815509 141433
rat783_n2346_bounded-strongly-corr_01.ttp: 41.0 202697.0 311197.0 9253 11894.933474582698 125398.13912701825 141107
rat783_n2346_bounded-strongly-corr_01.ttp: 30.0 202708.0 308908.0 9251 11756.492199285502 125271.59184716048 140002
rat783_n2346_bounded-strongly-corr_01.ttp: 29.0 202709.0 309309.0 9254 11781.071769347556 125288.65896279117 140621
rat783_n2346_bounded-strongly-corr_01.ttp: 17.0 202721.0 308021.0 9245 11704.83227746822 125191.51982594642 140040
rat783_n2346_bounded-strongly-corr_01.ttp: 2.0 202736.0 311136.0 9254 11901.897968000307 125228.3537398352 141235
rat783_n2346_bounded-strongly-corr_01.ttp: 25.0 202713.0 308713.0 9251 11740.16829849434 125331.57117751843 185866
rat783_n2346_bounded-strongly-corr_01.ttp: 12.0 202726.0 307526.0 9255 11672.273320668266 125205.0907311617 177376
rat783_n2346_bounded-strongly-corr_01.ttp: 4.0 202734.0 309534.0 9247 11818.228871086001 124933.26503363668 141266
rat783_n2346_bounded-strongly-corr_01.ttp: 59.0 202679.0 309979.0 9262 11817.82792331685 125384.52783779081 140899
rat783_n2346_bounded-strongly-corr_01.ttp: 21.0 202717.0 308617.0 9247 11743.99928729495 125175.7311324529 177749
rat783_n2346_bounded-strongly-corr_01.ttp: 30.0 202708.0 308908.0 9251 11756.436347063624 125272.46425886621 142871
rat783_n2346_bounded-strongly-corr_01.ttp: 14.0 202724.0 308924.0 9250 11763.719834236783 125174.69618922146 141074
rat783_n2346_bounded-strongly-corr_01.ttp: 14.0 202724.0 310024.0 9253 11830.081997067986 125238.11920579808 140653
rat783_n2346_bounded-strongly-corr_01.ttp: 30.0 202708.0 310508.0 9255 11882.606857668578 124901.68088321682 140326
rat783_n2346_bounded-strongly-corr_01.ttp: 20.0 202718.0 309518.0 9253 11784.945828679705 125437.14615602302 178916
rat783_n2346_bounded-strongly-corr_01.ttp: 30.0 202708.0 308908.0 9251 11756.436347063624 125272.46425886621 140230
rat783_n2346_bounded-strongly-corr_01.ttp: 58.0 202680.0 308880.0 9254 11760.323932052399 125183.74018134153 141450
rat783_n2346_bounded-strongly-corr_01.ttp: 29.0 202709.0 309409.0 9254 11782.0037952113 125374.10071879951 142808
rat783_n2346_bounded-strongly-corr_01.ttp: 30.0 202708.0 308908.0 9251 11756.436347063624 125272.46425886621 140687
rat783_n2346_bounded-strongly-corr_01.ttp: 8.0 202730.0 308930.0 9254 11772.707891425343 125040.30273593616 140183
rat783_n2346_bounded-strongly-corr_01.ttp: 26.0 202712.0 309312.0 9257 11747.9279108237 125809.36603293382 141625
rat783_n2346_bounded-strongly-corr_01.ttp: 59.0 202679.0 311979.0 9253 11947.815649244985 125354.11955879335 140894
rat783_n2346_bounded-strongly-corr_01.ttp: 2.0 202736.0 310636.0 9255 11879.651029978944 125075.85091172889 140972
RESULTS FOR heuristics : 29
rat783_n2346_bounded-strongly-corr_01.ttp: 17.0 202721.0 308021.0 9245 11704.88645975482 125190.67349862971 600064
rat783_n2346_bounded-strongly-corr_01.ttp: 6.0 202732.0 309032.0 9258 11759.184529850121 125353.53764374112 602933
rat783_n2346_bounded-strongly-corr_01.ttp: 40.0 202698.0 309498.0 9261 11838.370551552676 124582.65198474721 601936
rat783_n2346_bounded-strongly-corr_01.ttp: 74.0 202664.0 309164.0 9256 11786.514343148143 125058.64596002601 605827
rat783_n2346_bounded-strongly-corr_01.ttp: 122.0 202616.0 310316.0 9258 11855.891480286082 125126.97507793142 601213
rat783_n2346_bounded-strongly-corr_01.ttp: 107.0 202631.0 309731.0 9258 11826.698710061291 124997.96614884265 605356
rat783_n2346_bounded-strongly-corr_01.ttp: 64.0 202674.0 310174.0 9259 11852.609820167116 125036.23460898967 600406
rat783_n2346_bounded-strongly-corr_01.ttp: 9.0 202729.0 308629.0 9245 11745.738578864077 125160.56339814313 602879
rat783_n2346_bounded-strongly-corr_01.ttp: 20.0 202718.0 308918.0 9254 11784.960019324453 124836.92449815205 601736
rat783_n2346_bounded-strongly-corr_01.ttp: 16.0 202722.0 311122.0 9255 11905.7435262442 125154.2861200656 602347
rat783_n2346_bounded-strongly-corr_01.ttp: 30.0 202708.0 308908.0 9251 11756.436347063624 125272.46425886621 604964
rat783_n2346_bounded-strongly-corr_01.ttp: 14.0 202724.0 310024.0 9253 11830.081997067986 125238.11920579808 606071
rat783_n2346_bounded-strongly-corr_01.ttp: 83.0 202655.0 310255.0 9265 11918.175871784975 124093.09288271869 603034
rat783_n2346_bounded-strongly-corr_01.ttp: 14.0 202724.0 310024.0 9255 11833.267300338406 125188.36476871409 606026
rat783_n2346_bounded-strongly-corr_01.ttp: 92.0 202646.0 308446.0 9258 11749.666194929678 124916.21403519844 600710
rat783_n2346_bounded-strongly-corr_01.ttp: 17.0 202721.0 308021.0 9245 11704.88645975482 125190.67349862971 602433
rat783_n2346_bounded-strongly-corr_01.ttp: 2.0 202736.0 309336.0 9266 11820.354001842177 124702.0704912252 600240
rat783_n2346_bounded-strongly-corr_01.ttp: 4.0 202734.0 310234.0 9253 11858.172743169165 125009.34175169765 602542
rat783_n2346_bounded-strongly-corr_01.ttp: 24.0 202714.0 308714.0 9256 11747.024733795086 125225.47365812075 600532
rat783_n2346_bounded-strongly-corr_01.ttp: 82.0 202656.0 310056.0 9259 11839.808898906611 125118.18499907875 601282
rat783_n2346_bounded-strongly-corr_01.ttp: 113.0 202625.0 311225.0 9258 11908.878162317787 125208.32310459617 604715
rat783_n2346_bounded-strongly-corr_01.ttp: 11.0 202727.0 310227.0 9259 11861.25928117994 124954.13002796934 604972
rat783_n2346_bounded-strongly-corr_01.ttp: 16.0 202722.0 309822.0 9254 11843.444855595064 124827.3913556051 600591
rat783_n2346_bounded-strongly-corr_01.ttp: 122.0 202616.0 310316.0 9258 11855.843747162084 125127.72066932826 603605
rat783_n2346_bounded-strongly-corr_01.ttp: 107.0 202631.0 309731.0 9258 11826.698710061291 124997.96614884265 600317
rat783_n2346_bounded-strongly-corr_01.ttp: 11.0 202727.0 306327.0 9245 11619.25362192757 124834.25842549137 602212
rat783_n2346_bounded-strongly-corr_01.ttp: 122.0 202616.0 310316.0 9258 11855.891480286082 125126.97507793142 600113
rat783_n2346_bounded-strongly-corr_01.ttp: 60.0 202678.0 310178.0 9259 11844.066829972659 125173.67611582708 600548
rat783_n2346_bounded-strongly-corr_01.ttp: 29.0 202709.0 309309.0 9251 11785.297653558919 125222.6506514097 603003
rat783_n2346_bounded-strongly-corr_01.ttp: 96.0 202642.0 310042.0 9260 11835.911725249809 125165.058851598 603130
RESULTS FOR heuristics : 30
rat783_n2346_bounded-strongly-corr_01.ttp: 1.0 202737.0 307637.0 9253 11710.30872666029 124721.97768956627 601850
rat783_n2346_bounded-strongly-corr_01.ttp: 3.0 202735.0 308235.0 9253 11739.758909839667 124859.96582830441 601606
rat783_n2346_bounded-strongly-corr_01.ttp: 22.0 202716.0 308516.0 9255 11748.87766341885 124998.53089739755 601708
rat783_n2346_bounded-strongly-corr_01.ttp: 57.0 202681.0 309781.0 9258 11828.900655819622 125013.57175609752 605720
rat783_n2346_bounded-strongly-corr_01.ttp: 30.0 202708.0 308908.0 9251 11756.436347063624 125272.46425886621 601887
rat783_n2346_bounded-strongly-corr_01.ttp: 40.0 202698.0 309598.0 9265 11838.166121094979 124685.84518849643 600535
rat783_n2346_bounded-strongly-corr_01.ttp: 101.0 202637.0 308037.0 9249 11718.170455209523 124999.17748962724 605092
rat783_n2346_bounded-strongly-corr_01.ttp: 12.0 202726.0 307026.0 9248 11674.133916264662 124676.028227946 605035
rat783_n2346_bounded-strongly-corr_01.ttp: 14.0 202724.0 310024.0 9253 11830.081997067986 125238.11920579808 604162
rat783_n2346_bounded-strongly-corr_01.ttp: 47.0 202691.0 308291.0 9254 11720.949058449796 125209.7757070142 600290
rat783_n2346_bounded-strongly-corr_01.ttp: 41.0 202697.0 309497.0 9252 11853.873046481873 124339.50301395316 602788
rat783_n2346_bounded-strongly-corr_01.ttp: 21.0 202717.0 311217.0 9258 11905.60303304665 125251.48062381134 601832
rat783_n2346_bounded-strongly-corr_01.ttp: 6.0 202732.0 306632.0 9251 11633.096033827293 124923.03995161771 600997
rat783_n2346_bounded-strongly-corr_01.ttp: 40.0 202698.0 310298.0 9250 11947.99915711025 123670.25316593793 600587
rat783_n2346_bounded-strongly-corr_01.ttp: 58.0 202680.0 310480.0 9260 11881.875877034829 124885.09880071599 602733
rat783_n2346_bounded-strongly-corr_01.ttp: 47.0 202691.0 308291.0 9254 11720.949058449796 125209.7757070142 602071
rat783_n2346_bounded-strongly-corr_01.ttp: 26.0 202712.0 309812.0 9258 11843.585089505272 124815.20090192766 600581
rat783_n2346_bounded-strongly-corr_01.ttp: 29.0 202709.0 305509.0 9252 11580.905829954814 124615.25093610582 601156
rat783_n2346_bounded-strongly-corr_01.ttp: 17.0 202721.0 308021.0 9245 11704.83227746822 125191.51982594642 605095
rat783_n2346_bounded-strongly-corr_01.ttp: 29.0 202709.0 309309.0 9251 11785.353875932842 125221.77245792901 605017
rat783_n2346_bounded-strongly-corr_01.ttp: 5.0 202733.0 307033.0 9245 11661.753068025551 124876.41707744088 601624
rat783_n2346_bounded-strongly-corr_01.ttp: 28.0 202710.0 308610.0 9256 11755.200466882066 124993.76870730214 601111
rat783_n2346_bounded-strongly-corr_01.ttp: 1.0 202737.0 310537.0 9259 11882.709822343724 124929.07257499103 603470
rat783_n2346_bounded-strongly-corr_01.ttp: 20.0 202718.0 308518.0 9251 11742.816510410641 125095.2061073858 600680
rat783_n2346_bounded-strongly-corr_01.ttp: 10.0 202728.0 306728.0 9266 11681.627431743693 124260.97951616353 601528
rat783_n2346_bounded-strongly-corr_01.ttp: 37.0 202701.0 310501.0 9258 11869.37034212066 125101.43525607532 600168
rat783_n2346_bounded-strongly-corr_01.ttp: 21.0 202717.0 311817.0 9260 11949.321675177032 125168.59543373476 600010
rat783_n2346_bounded-strongly-corr_01.ttp: 36.0 202702.0 306802.0 9252 11670.15062272199 124514.24727308252 600578
rat783_n2346_bounded-strongly-corr_01.ttp: 88.0 202650.0 306650.0 9249 11643.877067123925 124772.6402115243 600710
rat783_n2346_bounded-strongly-corr_01.ttp: 22.0 202716.0 310016.0 9258 11835.84116371906 125140.16102270829 600782
