Enter TTP instance file:
RESULTS FOR heuristics : 20
pla85900_n858990_uncorr-similar-weights_01.ttp: 255.0 7.8441083E7 6.7599763E7 142693867 1.9909204594562656E8 2.7781353810874686E7 469840
pla85900_n858990_uncorr-similar-weights_01.ttp: 855.0 7.8440483E7 6.7679267E7 142726457 2.038603711796287E8 2.690719276407426E7 491580
pla85900_n858990_uncorr-similar-weights_01.ttp: 20.0 7.8441318E7 6.764658E7 142643230 1.9845891430782682E8 2.7954797138434634E7 482215
pla85900_n858990_uncorr-similar-weights_01.ttp: 462.0 7.8440876E7 6.7602536E7 142749735 2.0151981210190758E8 2.7298573579618484E7 492675
pla85900_n858990_uncorr-similar-weights_01.ttp: 244.0 7.8441094E7 6.7227955E7 142692555 2.1228083380976945E8 2.477178823804611E7 482102
pla85900_n858990_uncorr-similar-weights_01.ttp: 934.0 7.8440404E7 6.7287804E7 142718796 2.1222918174639398E8 2.48419676507212E7 500396
pla85900_n858990_uncorr-similar-weights_01.ttp: 812.0 7.8440526E7 6.7669866E7 142697843 1.9812430968940735E8 2.804500406211853E7 493539
pla85900_n858990_uncorr-similar-weights_01.ttp: 961.0 7.8440377E7 6.7786769E7 142660019 2.0463216074401134E8 2.6860336851197727E7 477613
pla85900_n858990_uncorr-similar-weights_01.ttp: 191.0 7.8441147E7 6.7573417E7 142667560 2.0387896322557986E8 2.679762435488403E7 575634
pla85900_n858990_uncorr-similar-weights_01.ttp: 434.0 7.8440904E7 6.769936E7 142733495 2.019002079780177E8 2.731931840439646E7 647296
pla85900_n858990_uncorr-similar-weights_01.ttp: 343.0 7.8440995E7 6.7488728E7 142705986 2.0180317644960892E8 2.712809271007821E7 649835
pla85900_n858990_uncorr-similar-weights_01.ttp: 755.0 7.8440583E7 6.7695156E7 142684759 1.9846894002756318E8 2.800136799448736E7 657735
pla85900_n858990_uncorr-similar-weights_01.ttp: 113.0 7.8441225E7 6.7617901E7 142754794 2.0250205446251795E8 2.711749010749641E7 671301
pla85900_n858990_uncorr-similar-weights_01.ttp: 195.0 7.8441143E7 6.7787658E7 142662288 2.0474808016284674E8 2.683804196743065E7 657610
pla85900_n858990_uncorr-similar-weights_01.ttp: 29.0 7.8441309E7 6.7773324E7 142675407 2.0414404982877806E8 2.694451403424439E7 650262
pla85900_n858990_uncorr-similar-weights_01.ttp: 596.0 7.8440742E7 6.7537731E7 142699526 2.079105380396577E8 2.5955623392068453E7 674298
pla85900_n858990_uncorr-similar-weights_01.ttp: 252.0 7.8441086E7 6.7686205E7 142680726 2.03721906409871E8 2.6941823718025796E7 646447
pla85900_n858990_uncorr-similar-weights_01.ttp: 390.0 7.8440948E7 6.7621052E7 142599088 1.9780620048501906E8 2.805981190299619E7 653163
pla85900_n858990_uncorr-similar-weights_01.ttp: 889.0 7.8440449E7 6.7666793E7 142701372 2.040843288163808E8 2.684992723672384E7 665192
pla85900_n858990_uncorr-similar-weights_01.ttp: 608.0 7.844073E7 6.7657271E7 142753958 2.0151522088691998E8 2.7354226822616003E7 663158
pla85900_n858990_uncorr-similar-weights_01.ttp: 477.0 7.8440861E7 6.7517133E7 142660052 1.9917042081843156E8 2.7683048836313687E7 653071
pla85900_n858990_uncorr-similar-weights_01.ttp: 990.0 7.8440348E7 6.7784532E7 142679982 2.0474634662421677E8 2.6835262675156645E7 645185
pla85900_n858990_uncorr-similar-weights_01.ttp: 129.0 7.8441209E7 6.7654718E7 142704606 2.0400578626819235E8 2.6853560746361524E7 670596
pla85900_n858990_uncorr-similar-weights_01.ttp: 479.0 7.8440859E7 6.7661328E7 142652436 2.0388721639151487E8 2.6883884721697025E7 647884
pla85900_n858990_uncorr-similar-weights_01.ttp: 337.0 7.8441001E7 6.7589146E7 142643169 2.039122939269508E8 2.680668721460983E7 658991
pla85900_n858990_uncorr-similar-weights_01.ttp: 533.0 7.8440805E7 6.7595004E7 142659065 1.9880607716830558E8 2.783378856633888E7 665245
pla85900_n858990_uncorr-similar-weights_01.ttp: 