enter number of instance to run
Enter TTP instance file:
Instance :pcb3038_n9111_uncorr_01.ttp
RESULTS FOR heuristics : 20
pcb3038_n9111_uncorr_01.ttp: 15340.0 399837.0 1398908.0 140132 202793.90770020842 486335.41534906207 74988
pcb3038_n9111_uncorr_01.ttp: 20851.0 394326.0 1398897.0 140205 202384.8863121158 488165.011595479 81088
pcb3038_n9111_uncorr_01.ttp: 20464.0 394713.0 1392909.0 140102 201946.5555069126 484149.5002188933 81921
pcb3038_n9111_uncorr_01.ttp: 20463.0 394714.0 1398645.0 140200 201244.98939086025 493042.54774112883 80542
pcb3038_n9111_uncorr_01.ttp: 20784.0 394393.0 1398050.0 140160 202196.8435133076 488164.2041901158 81454
pcb3038_n9111_uncorr_01.ttp: 23023.0 392154.0 1404730.0 140128 203909.58124766545 487136.88438550546 81475
pcb3038_n9111_uncorr_01.ttp: 22361.0 392816.0 1397690.0 140313 202734.7789298889 485383.4948154999 81684
pcb3038_n9111_uncorr_01.ttp: 22139.0 393038.0 1389808.0 140096 201597.8829810145 482617.5265854348 81217
pcb3038_n9111_uncorr_01.ttp: 22805.0 392372.0 1398076.0 140095 202594.73074733382 486399.7116369979 79977
pcb3038_n9111_uncorr_01.ttp: 20185.0 394992.0 1394986.0 140148 201737.91031684852 487165.4035741817 80312
pcb3038_n9111_uncorr_01.ttp: 17882.0 397295.0 1394399.0 140113 202302.78869602302 484036.45086789643 81775
pcb3038_n9111_uncorr_01.ttp: 23320.0 391857.0 1394724.0 140081 202746.36162740953 482365.37267665716 81378
pcb3038_n9111_uncorr_01.ttp: 18251.0 396926.0 1401511.0 140215 203390.2624347947 486254.81904342375 80087
pcb3038_n9111_uncorr_01.ttp: 20578.0 394599.0 1390281.0 140161 201703.84557227866 482613.69492474606 82333
pcb3038_n9111_uncorr_01.ttp: 21933.0 393244.0 1392293.0 140302 202468.1721683692 481186.2252423386 80948
pcb3038_n9111_uncorr_01.ttp: 22769.0 392408.0 1393851.0 140047 202104.59018095848 484380.3441856869 80144
pcb3038_n9111_uncorr_01.ttp: 21068.0 394109.0 1396130.0 139977 201741.2216386617 488294.5026260223 80411
pcb3038_n9111_uncorr_01.ttp: 22400.0 392777.0 1404843.0 140096 205311.81114283387 480939.84985724755 81362
pcb3038_n9111_uncorr_01.ttp: 22630.0 392547.0 1400309.0 140045 203246.01378270076 485701.9379778466 81661
pcb3038_n9111_uncorr_01.ttp: 5.0 415172.0 1409574.0 140059 205105.93207853724 486597.3056465824 79946
pcb3038_n9111_uncorr_01.ttp: 18886.0 396291.0 1386139.0 140310 201144.1535847839 480990.30886847246 81143
pcb3038_n9111_uncorr_01.ttp: 18947.0 396230.0 1389219.0 140004 201389.32222417076 482967.04999123164 81826
pcb3038_n9111_uncorr_01.ttp: 19617.0 395560.0 1392627.0 140109 202391.565328458 481864.95602193894 81527
pcb3038_n9111_uncorr_01.ttp: 17626.0 397551.0 1397540.0 140320 200515.58850329887 495219.8517351551 80101
pcb3038_n9111_uncorr_01.ttp: 23893.0 391284.0 1394217.0 140162 202388.55027391642 483468.5237673761 80648
pcb3038_n9111_uncorr_01.ttp: 18563.0 396614.0 1396910.0 140045 202252.35742272137 486774.39159775386 81393
pcb3038_n9111_uncorr_01.ttp: 20141.0 395036.0 1397336.0 140080 202343.1929066359 486791.6319201385 81905
pcb3038_n9111_uncorr_01.ttp: 23478.0 391699.0 1398719.0 140229 203919.64114463137 481080.6148491588 81384
pcb3038_n9111_uncorr_01.ttp: 23191.0 391986.0 1394023.0 140247 202890.34042295837 481016.46809668734 81276
pcb3038_n9111_uncorr_01.ttp: 22472.0 392705.0 1397158.0 140183 202528.70090512934 485778.845926918 81510
RESULTS FOR heuristics : 24
pcb3038_n9111_uncorr_01.ttp: 19980.0 395197.0 1396763.0 140125 202205.6966734308 486837.36496956146 506870
pcb3038_n9111_uncorr_01.ttp: 20163.0 395014.0 1395165.0 139958 201651.39226734228 487733.7347969598 506354
pcb3038_n9111_uncorr_01.ttp: 21025.0 394152.0 1397729.0 140197 201770.2396326078 489762.9216532649 506930
pcb3038_n9111_uncorr_01.ttp: 20023.0 395154.0 1407539.0 140317 203677.95223385742 490988.2149476416 507108
pcb3038_n9111_uncorr_01.ttp: 23176.0 392001.0 1398248.0 140052 202381.04944719162 487533.2774876377 505574
pcb3038_n9111_uncorr_01.ttp: 19812.0 395365.0 1393299.0 140090 201144.39175419352 488149.2371061292 507724
pcb3038_n9111_uncorr_01.ttp: 23625.0 391552.0 1401366.0 140237 201739.8606727746 493536.6269725142 507063
pcb3038_n9111_uncorr_01.ttp: 18804.0 396373.0 1395256.0 140110 201985.22282841676 486322.4972721245 507072
pcb3038_n9111_uncorr_01.ttp: 18791.0 396386.0 1405800.0 140207 203722.5094684223 489048.70739209966 504094
pcb3038_n9111_uncorr_01.ttp: 21932.0 393245.0 1398414.0 140171 202024.91260808954 489301.89326359704 505576
pcb3038_n9111_uncorr_01.ttp: 21579.0 393598.0 1393726.0 140121 201606.52371499376 486496.64328252804 507662
pcb3038_n9111_uncorr_01.ttp: 21651.0 393526.0 1405079.0 140240 204501.9436567095 484820.2535448072 505967
pcb3038_n9111_uncorr_01.ttp: 20290.0 394887.0 1397372.0 140154 201787.94040206337 489326.2681907149 507699
pcb3038_n9111_uncorr_01.ttp: 20210.0 394967.0 1391438.0 140093 201096.5218634108 486503.65161465143 507228
pcb3038_n9111_uncorr_01.ttp: 22754.0 392423.0 1399808.0 140210 202677.06704796985 487761.19828413567 505966
pcb3038_n9111_uncorr_01.ttp: 22488.0 392689.0 1396883.0 140119 201270.16754443813 491167.2460500285 505587
pcb3038_n9111_uncorr_01.ttp: 18807.0 396370.0 1403251.0 140215 203738.78104809282 486426.48528358235 509003
pcb3038_n9111_uncorr_01.ttp: 21149.0 394028.0 1395399.0 140059 201725.9042672131 487632.43079754105 506492
pcb3038_n9111_uncorr_01.ttp: 20406.0 394771.0 1393659.0 140003 201756.2435776774 485755.9039004517 508882
pcb3038_n9111_uncorr_01.ttp: 20754.0 394423.0 1407103.0 140223 203491.2851092508 491392.2170083714 506021
pcb3038_n9111_uncorr_01.ttp: 21433.0 393744.0 1403549.0 140149 202771.53204690287 491077.1057889371 506547
pcb3038_n9111_uncorr_01.ttp: 21128.0 394049.0 1396262.0 140253 201518.08349659966 489430.6242653015 508449
pcb3038_n9111_uncorr_01.ttp: 20627.0 394550.0 1405881.0 140032 203610.76000899932 489632.579959503 505671
pcb3038_n9111_uncorr_01.ttp: 19693.0 395484.0 1399444.0 140058 201660.874801514 491970.063393187 504181
pcb3038_n9111_uncorr_01.ttp: 21087.0 394090.0 1398463.0 140192 202435.67539817258 487502.4607082234 507610
pcb3038_n9111_uncorr_01.ttp: 20626.0 394551.0 1400743.0 139996 202143.21255141497 491098.54351863265 504475
pcb3038_n9111_uncorr_01.ttp: 19876.0 395301.0 1400899.0 140211 202208.84545828516 490959.1954377168 505821
pcb3038_n9111_uncorr_01.ttp: 22844.0 392333.0 1393409.0 140186 200633.3341197369 490558.996461184 506349
pcb3038_n9111_uncorr_01.ttp: 16460.0 398717.0 1386317.0 140099 197783.03334861802 496293.3499312189 505462
pcb3038_n9111_uncorr_01.ttp: 16680.0 398497.0 1401315.0 140226 201516.6393668864 494490.1228490112 488482
