Enter TTP instance file:
RESULTS FOR heuristics : 20
pla85900_n429495_uncorr_01.ttp: 1489983.0 1.8058197E7 6.5623441E7 142672063 2.0929284584978068E8 2.376487183004386E7 991374
pla85900_n429495_uncorr_01.ttp: 1498743.0 1.8049437E7 6.5627195E7 142612593 2.094346319330567E8 2.3740268613388658E7 993387
pla85900_n429495_uncorr_01.ttp: 1508616.0 1.8039564E7 6.5644199E7 142687894 2.1314611231851757E8 2.3014976536296487E7 999940
pla85900_n429495_uncorr_01.ttp: 1500058.0 1.8048122E7 6.5582279E7 142643545 2.117519876573348E8 2.323188146853304E7 999987
pla85900_n429495_uncorr_01.ttp: 1511454.0 1.8036726E7 6.5644513E7 142740022 2.094117728386936E8 2.376215843226128E7 980447
pla85900_n429495_uncorr_01.ttp: 1095708.0 1.8452472E7 6.6380929E7 142668211 2.1021867493130177E8 2.4337194013739645E7 987993
pla85900_n429495_uncorr_01.ttp: 1512005.0 1.8036175E7 6.5666199E7 142720878 2.089143499243699E8 2.388332901512602E7 984781
pla85900_n429495_uncorr_01.ttp: 1510757.0 1.8037423E7 6.5697493E7 142713518 2.097839670194934E8 2.3740699596101314E7 1009339
pla85900_n429495_uncorr_01.ttp: 1118472.0 1.8429708E7 6.6316641E7 142840479 2.1039585318081248E8 2.4237470363837503E7 993744
pla85900_n429495_uncorr_01.ttp: 1100064.0 1.8448116E7 6.6345347E7 142672291 2.1042903783559904E8 2.4259539432880193E7 999891
pla85900_n429495_uncorr_01.ttp: 1478167.0 1.8070013E7 6.5663133E7 142733085 2.108177704205978E8 2.349957891588044E7 996103
pla85900_n429495_uncorr_01.ttp: 1086273.0 1.8461907E7 6.6257461E7 142715526 2.1027871748444408E8 2.4201717503111184E7 1003255
pla85900_n429495_uncorr_01.ttp: 0.0 1.954818E7 6.653633E7 142733412 2.1145840302717078E8 2.4244649394565843E7 984532
pla85900_n429495_uncorr_01.ttp: 1488631.0 1.8059549E7 6.5646671E7 142751040 2.1049002989031643E8 2.3548665021936715E7 991957
pla85900_n429495_uncorr_01.ttp: 1371682.0 1.8176498E7 6.5859501E7 142719492 2.090842756394963E8 2.404264587210074E7 1000312
pla85900_n429495_uncorr_01.ttp: 1102494.0 1.8445686E7 6.630424E7 142672592 2.101195690973018E8 2.4280326180539638E7 988404
pla85900_n429495_uncorr_01.ttp: 0.0 1.954818E7 6.6579339E7 142600827 2.1214771064114258E8 2.4149796871771485E7 971111
pla85900_n429495_uncorr_01.ttp: 1100304.0 1.8447876E7 6.6309496E7 142692902 2.104937072006356E8 2.4210754559872873E7 996573
pla85900_n429495_uncorr_01.ttp: 1090993.0 1.8457187E7 6.6335278E7 142715761 2.1008108176020908E8 2.431906164795818E7 1015494
pla85900_n429495_uncorr_01.ttp: 1492958.0 1.8055222E7 6.5701748E7 142710415 2.099703220377114E8 2.370768359245771E7 1013588
pla85900_n429495_uncorr_01.ttp: 1504517.0 1.8043663E7 6.5667843E7 142670585 2.0956037071033096E8 2.3755768857933804E7 1009598
pla85900_n429495_uncorr_01.ttp: 1088283.0 1.8459897E7 6.6333645E7 142645598 2.0973696686831582E8 2.4386251626336835E7 996767
pla85900_n429495_uncorr_01.ttp: 