Enter TTP instance file:
RESULTS FOR heuristics : 20
pla33810_n33809_uncorr_01.ttp: 85486.0 1449904.0 5259685.0 66275508 9.875486268736227E7 2297039.119379132 50290
pla33810_n33809_uncorr_01.ttp: 110448.0 1424942.0 5208292.0 66333518 1.000105605831731E8 2207975.182504807 51139
pla33810_n33809_uncorr_01.ttp: 100429.0 1434961.0 5217462.0 66302687 9.834834478037015E7 2267011.6565888957 50463
pla33810_n33809_uncorr_01.ttp: 59910.0 1475480.0 5280681.0 66249118 9.904574881977464E7 2309308.535406761 51409
pla33810_n33809_uncorr_01.ttp: 87364.0 1448026.0 5264921.0 66294827 1.001252189622058E8 2261164.4311338263 49979
pla33810_n33809_uncorr_01.ttp: 70178.0 1465212.0 5287156.0 66337431 1.008214121463761E8 2262513.635608717 51010
pla33810_n33809_uncorr_01.ttp: 88159.0 1447231.0 5217983.0 66310882 9.87709295571285E7 2254855.113286145 50936
pla33810_n33809_uncorr_01.ttp: 57883.0 1477507.0 5266532.0 66228252 9.866253052418374E7 2306656.084274488 49448
pla33810_n33809_uncorr_01.ttp: 89805.0 1445585.0 5227727.0 66232235 9.862289942324845E7 2269040.0173025467 50879
pla33810_n33809_uncorr_01.ttp: 117399.0 1417991.0 5203223.0 66247468 9.976688049260305E7 2210216.5852219085 51574
pla33810_n33809_uncorr_01.ttp: 85126.0 1450264.0 5203139.0 66298464 9.951172206151715E7 2217787.3381544854 52272
pla33810_n33809_uncorr_01.ttp: 71730.0 1463660.0 5261066.0 66313157 9.977384852516578E7 2267850.5442450265 50798
pla33810_n33809_uncorr_01.ttp: 139674.0 1395716.0 5158620.0 66371781 1.0047470481604636E8 2144378.8555186093 52573
pla33810_n33809_uncorr_01.ttp: 90039.0 1445351.0 5218019.0 66347818 9.893524782466596E7 2249961.565260021 51686
pla33810_n33809_uncorr_01.ttp: 81343.0 1454047.0 5254328.0 66350875 9.93464302531712E7 2273935.092404864 50436
pla33810_n33809_uncorr_01.ttp: 78389.0 1457001.0 5259837.0 66299657 9.922619030815884E7 2283051.2907552347 51731
pla33810_n33809_uncorr_01.ttp: 105049.0 1430341.0 5208116.0 66207976 9.985111984539075E7 2212582.4046382774 49224
pla33810_n33809_uncorr_01.ttp: 116261.0 1419129.0 5191025.0 66389900 9.995089436184493E7 2192498.1691446523 52109
pla33810_n33809_uncorr_01.ttp: 127555.0 1407835.0 5199599.0 66316641 9.984655584796093E7 2204202.324561172 51187
pla33810_n33809_uncorr_01.ttp: 95882.0 1439508.0 5279357.0 66344890 1.0015339259881996E8 2274755.2220354015 51721
pla33810_n33809_uncorr_01.ttp: 121501.0 1413889.0 5193829.0 66265787 9.912042560523541E7 2220216.231842938 51401
pla33810_n33809_uncorr_01.ttp: 131515.0 1403875.0 5175632.0 66378226 9.934985758803658E7 2195136.2723589027 52186
pla33810_n33809_uncorr_01.ttp: 139194.0 1396196.0 5159274.0 66194742 1.0038452014930868E8 2147738.3955207397 49592
pla33810_n33809_uncorr_01.ttp: 86270.0 1449120.0 5266813.0 66386065 1.002896728999596E8 2258122.813001212 51216
pla33810_n33809_uncorr_01.ttp: 60191.0 1475199.0 5244942.0 66424980 9.924123377717856E7 2267704.9866846437 51434
pla33810_n33809_uncorr_01.ttp: 100619.0 1434771.0 5217730.0 66365468 9.958863480032212E7 2230070.955990337 51626
pla33810_n33809_uncorr_01.ttp: 98990.0 1436400.0 5253418.0 66291964 1.0089327202936287E8 2226619.839119114 50779
pla33810_n33809_uncorr_01.ttp: 96220.0 1439170.0 5206502.0 66355301 9.955087715723674E7 2219975.685282898 51587
pla33810_n33809_uncorr_01.ttp: 76552.0 1458838.0 5257487.0 66319025 1.0015121325575675E8 2252950.6023272974 51263
pla33810_n33809_uncorr_01.ttp: 50227.0 1485163.0 5254729.0 66238570 9.77965471910872E7 2320832.584267384 50510
RESULTS FOR heuristics : 21
pla33810_n33809_uncorr_01.ttp: 73216.0 1462174.0 5254062.0 66358704 9.898066392332302E7 2284642.0823003096 599991
pla33810_n33809_uncorr_01.ttp: 85580.0 1449810.0 5254135.0 66349819 9.925133952112776E7 2276594.8143661674 599991
pla33810_n33809_uncorr_01.ttp: 73669.0 1461721.0 5252338.0 66237774 9.863006999326368E7 2293435.90020209 599991
pla33810_n33809_uncorr_01.ttp: 76308.0 1459082.0 5255942.0 66315971 9.873674626101565E7 2293839.6121695307 599991
pla33810_n33809_uncorr_01.ttp: 54808.0 1480582.0 5287388.0 66252172 9.86164711001707E7 2328893.866994879 599990
pla33810_n33809_uncorr_01.ttp: 93423.0 1441967.0 5242804.0 66310086 9.873298635648634E7 2280814.40930541 599991
pla33810_n33809_uncorr_01.ttp: 86709.0 1448681.0 5222304.0 66303608 9.97433820424054E7 2230002.538727838 599992
pla33810_n33809_uncorr_01.ttp: 86556.0 1448834.0 5248149.0 66273607 9.882154979458737E7 2283502.506162379 599991
pla33810_n33809_uncorr_01.ttp: 67028.0 1468362.0 5246121.0 66324581 9.935977226869422E7 2265327.8319391734 599990
pla33810_n33809_uncorr_01.ttp: 55287.0 1480103.0 5246454.0 66366863 9.922996980485183E7 2269554.9058544454 599991
pla33810_n33809_uncorr_01.ttp: 57441.0 1477949.0 5275969.0 66340046 9.905132391843927E7 2304429.282446822 599992
pla33810_n33809_uncorr_01.ttp: 70164.0 1465226.0 5235175.0 66339123 9.948480346791318E7 2250630.895962605 599990
pla33810_n33809_uncorr_01.ttp: 87059.0 1448331.0 5245842.0 66312611 9.885548676567468E7 2280177.39702976 599991
pla33810_n33809_uncorr_01.ttp: 132550.0 1402840.0 5158867.0 66320928 1.0080850138582642E8 2134611.9584252075 599990
pla33810_n33809_uncorr_01.ttp: 136907.0 1398483.0 5183626.0 66295618 9.997319829084189E7 2184430.0512747434 567456
pla33810_n33809_uncorr_01.ttp: 67473.0 1467917.0 5267917.0 66284554 9.896942410639334E7 2298834.2768082 599991
pla33810_n33809_uncorr_01.ttp: 71639.0 1463751.0 5255677.0 66354193 9.894230287267783E7 2287407.913819665 599991
pla33810_n33809_uncorr_01.ttp: 93358.0 1442032.0 5234782.0 66320162 9.880098476707497E7 2270752.4569877507 599991
pla33810_n33809_uncorr_01.ttp: 87494.0 1447896.0 5231822.0 66236223 9.954853025642864E7 2245366.0923071406 599991
pla33810_n33809_uncorr_01.ttp: 93963.0 1441427.0 5216624.0 66338193 1.0003980608351427E8 2215429.817494572 599991
pla33810_n33809_uncorr_01.ttp: 45702.0 1489688.0 5285486.0 66267322 9.855429392684124E7 2328857.182194763 599991
pla33810_n33809_uncorr_01.ttp: 131954.0 1403436.0 5181241.0 66327701 1.0028572992359506E8 2172669.1022921484 599991
pla33810_n33809_uncorr_01.ttp: 62368.0 1473022.0 5242496.0 66377127 9.940304783520666E7 2260404.5649438 599991
pla33810_n33809_uncorr_01.ttp: 99941.0 1435449.0 5238913.0 66331906 9.856746222366904E7 2281889.133289929 599990
pla33810_n33809_uncorr_01.ttp: 55893.0 1479497.0 5251456.0 66287095 9.929363750901362E7 2272646.8747295914 599992
pla33810_n33809_uncorr_01.ttp: 74232.0 1461158.0 5247401.0 66269736 9.875529592730556E7 2284742.122180833 599991
pla33810_n33809_uncorr_01.ttp: 61135.0 1474255.0 5230174.0 66261653 9.938050213876235E7 2248758.9358371296 599991
pla33810_n33809_uncorr_01.ttp: 64041.0 1471349.0 5266737.0 66383055 9.899290005141641E7 2296949.9984575077 599990
pla33810_n33809_uncorr_01.ttp: 72599.0 1462791.0 5245974.0 66306598 9.886790050979301E7 2279936.9847062095 599991
pla33810_n33809_uncorr_01.ttp: 73907.0 1461483.0 5253437.0 66342511 9.85617319495099E7 2296585.041514703 599991
RESULTS FOR heuristics : 22
pla33810_n33809_uncorr_01.ttp: 58722.0 1476668.0 5239709.0 66271557 9.943718475617455E7 2256593.4573147637 599793
pla33810_n33809_uncorr_01.ttp: 110474.0 1424916.0 5200933.0 66309878 1.0008396662742144E8 2198414.001177357 599792
pla33810_n33809_uncorr_01.ttp: 84967.0 1450423.0 5221820.0 66257819 9.97965160432147E7 2227924.5187035594 599796
pla33810_n33809_uncorr_01.ttp: 70512.0 1464878.0 5257629.0 66308738 9.856184889461502E7 2300773.5331615494 599807
pla33810_n33809_uncorr_01.ttp: 92284.0 1443106.0 5214418.0 66297805 9.992729348188922E7 2216599.1955433236 599806
pla33810_n33809_uncorr_01.ttp: 92697.0 1442693.0 5211864.0 66282619 9.988299396911313E7 2215374.1809266065 599802
pla33810_n33809_uncorr_01.ttp: 56246.0 1479144.0 5237564.0 66307454 9.927705361539562E7 2259252.3915381315 599806
pla33810_n33809_uncorr_01.ttp: 63228.0 1472162.0 5267104.0 66334520 9.868092864651543E7 2306676.1406045374 599803
pla33810_n33809_uncorr_01.ttp: 84189.0 1451201.0 5244260.0 66304096 9.956694401934157E7 2257251.679419753 599792
pla33810_n33809_uncorr_01.ttp: 90922.0 1444468.0 5219304.0 66371137 9.999711488050067E7 2219390.55358498 599802
pla33810_n33809_uncorr_01.ttp: 46168.0 1489222.0 5286131.0 66229542 9.856127343726069E7 2329292.7968821796 599798
pla33810_n33809_uncorr_01.ttp: 101689.0 1433701.0 5245017.0 66351400 9.903816512889382E7 2273872.0461331853 599795
pla33810_n33809_uncorr_01.ttp: 63758.0 1471632.0 5280041.0 66290511 9.8975589763417E7 2310773.30709749 599803
pla33810_n33809_uncorr_01.ttp: 91059.0 1444331.0 5230343.0 66329192 9.983017165585613E7 2235437.850324316 599807
pla33810_n33809_uncorr_01.ttp: 104734.0 1430656.0 5207836.0 66356752 1.0000853713974674E8 2207579.885807598 599792
pla33810_n33809_uncorr_01.ttp: 55778.0 1479612.0 5284433.0 66258606 9.854944770682259E7 2327949.5687953224 599792
pla33810_n33809_uncorr_01.ttp: 70722.0 1464668.0 5215015.0 66272009 9.9599859541918E7 2227019.21374246 599793
pla33810_n33809_uncorr_01.ttp: 96889.0 1438501.0 5215288.0 66331643 9.979983105648613E7 2221293.068305416 599803
pla33810_n33809_uncorr_01.ttp: 70210.0 1465180.0 5232771.0 66308557 9.958834718930554E7 2245120.584320834 599804
pla33810_n33809_uncorr_01.ttp: 91150.0 1444240.0 5218237.0 66281664 9.987950402070765E7 2221851.8793787705 599797
pla33810_n33809_uncorr_01.ttp: 90090.0 1445300.0 5224924.0 66278299 9.965254909856139E7 2235347.527043158 599796
pla33810_n33809_uncorr_01.ttp: 46328.0 1489062.0 5273945.0 66276913 9.866336938156284E7 2314043.918553115 599811
pla33810_n33809_uncorr_01.ttp: 61009.0 1474381.0 5258227.0 66234117 9.877558277153419E7 2294959.516853974 599809
pla33810_n33809_uncorr_01.ttp: 59314.0 1476076.0 5269094.0 66307317 9.894027001934125E7 2300885.8994197627 599795
pla33810_n33809_uncorr_01.ttp: 50772.0 1484618.0 5229467.0 66264240 9.93696027832871E7 2248378.9165013875 599804
pla33810_n33809_uncorr_01.ttp: 73725.0 1461665.0 5252989.0 66214417 9.860729050834674E7 2294770.2847495982 599800
pla33810_n33809_uncorr_01.ttp: 50689.0 1484701.0 5265113.0 66344883 9.902082812366852E7 2294488.1562899444 599803
pla33810_n33809_uncorr_01.ttp: 83779.0 1451611.0 5225678.0 66277441 9.988904735874665E7 2229006.579237601 599798
pla33810_n33809_uncorr_01.ttp: 94427.0 1440963.0 5218180.0 66219499 9.99042600293835E7 2221052.1991184955 599800
pla33810_n33809_uncorr_01.ttp: 90673.0 1444717.0 5250139.0 66349847 9.93171804943804E7 2270623.585168588 599801
RESULTS FOR heuristics : 23
pla33810_n33809_uncorr_01.ttp: 69964.0 1465426.0 5263993.0 66239238 9.874252208188568E7 2301717.33754343 599908
pla33810_n33809_uncorr_01.ttp: 89142.0 1446248.0 5233121.0 66269500 9.915162892782143E7 2258572.1321653575 599814
pla33810_n33809_uncorr_01.ttp: 109883.0 1425507.0 5224675.0 66263473 1.001698462835225E8 2219579.611494325 599832
pla33810_n33809_uncorr_01.ttp: 110229.0 1425161.0 5201848.0 66225318 1.0026719887026152E8 2193832.0338921547 599847
pla33810_n33809_uncorr_01.ttp: 133959.0 1401431.0 5172601.0 66318767 9.97946790153331E7 2178760.629540007 599795
pla33810_n33809_uncorr_01.ttp: 88306.0 1447084.0 5256137.0 66195594 1.0032533567240597E8 2246376.929827821 599816
pla33810_n33809_uncorr_01.ttp: 133532.0 1401858.0 5193935.0 66357271 9.980714262387547E7 2199720.721283736 599929
pla33810_n33809_uncorr_01.ttp: 67860.0 1467530.0 5252567.0 66258415 9.83327515589239E7 2302584.4532322832 599809
pla33810_n33809_uncorr_01.ttp: 62649.0 1472741.0 5261003.0 66291953 9.894680335857871E7 2292598.8992426386 599835
pla33810_n33809_uncorr_01.ttp: 128390.0 1407000.0 5180965.0 66316079 9.971875738621347E7 2189402.278413596 599852
pla33810_n33809_uncorr_01.ttp: 64106.0 1471284.0 5259202.0 66264991 1.0066114704360722E8 2239367.5886917836 599863
pla33810_n33809_uncorr_01.ttp: 84804.0 1450586.0 5266454.0 66303174 9.959229053804626E7 2278685.2838586126 599999
pla33810_n33809_uncorr_01.ttp: 63199.0 1472191.0 5259311.0 66335244 9.989679767847764E7 2262407.0696456707 599819
pla33810_n33809_uncorr_01.ttp: 59026.0 1476364.0 5261787.0 66185481 9.820213975057977E7 2315722.8074826067 599794
pla33810_n33809_uncorr_01.ttp: 132587.0 1402803.0 5201781.0 66309495 1.002669693940136E8 2193771.918179592 599848
pla33810_n33809_uncorr_01.ttp: 104637.0 1430753.0 5196735.0 66430536 9.948679178176224E7 2212131.2465471327 599925
pla33810_n33809_uncorr_01.ttp: 70010.0 1465380.0 5251454.0 66304403 1.0003426391572672E8 2250426.0825281986 599877
pla33810_n33809_uncorr_01.ttp: 65068.0 1470322.0 5257469.0 66380479 9.911189175482562E7 2284112.2473552315 599926
pla33810_n33809_uncorr_01.ttp: 83840.0 1451550.0 5265238.0 66379475 9.919001628582478E7 2289537.5114252567 599835
pla33810_n33809_uncorr_01.ttp: 61663.0 1473727.0 5260326.0 66347197 9.958197063481459E7 2272866.8809555625 599873
pla33810_n33809_uncorr_01.ttp: 97570.0 1437820.0 5221153.0 66343144 9.920036267807662E7 2245142.1196577013 599824
pla33810_n33809_uncorr_01.ttp: 80019.0 1455371.0 5271906.0 66304865 9.948606125416552E7 2287324.1623750348 599907
pla33810_n33809_uncorr_01.ttp: 135138.0 1400252.0 5185491.0 66298766 9.999961142474216E7 2185502.6572577353 599797
pla33810_n33809_uncorr_01.ttp: 72356.0 1463034.0 5262289.0 66349568 1.0110406549516514E8 2229167.0351450457 599803
pla33810_n33809_uncorr_01.ttp: 149349.0 1386041.0 5170591.0 66326738 9.951253069677344E7 2185215.079096797 599821
pla33810_n33809_uncorr_01.ttp: 99666.0 1435724.0 5275182.0 66318913 9.99369926447073E7 2277072.220658781 599913
pla33810_n33809_uncorr_01.ttp: 56679.0 1478711.0 5253677.0 66334643 9.993356737055777E7 2255669.978883267 599913
pla33810_n33809_uncorr_01.ttp: 153356.0 1382034.0 5162543.0 66273245 1.001405850793269E8 2158325.447620193 599848
pla33810_n33809_uncorr_01.ttp: 70577.0 1464813.0 5245514.0 66377867 9.953632947057249E7 2259424.1158828256 599851
pla33810_n33809_uncorr_01.ttp: 95264.0 1440126.0 5201706.0 66305905 9.904448987722391E7 2230371.303683283 599911
RESULTS FOR heuristics : 24
pla33810_n33809_uncorr_01.ttp: 10.0 1535380.0 5347148.0 66224491 1.0091758649753313E8 2319620.4050740064 565831
pla33810_n33809_uncorr_01.ttp: 60440.0 1474950.0 5267589.0 66237068 9.862843330144528E7 2308736.000956642 572399
pla33810_n33809_uncorr_01.ttp: 50345.0 1485045.0 5267201.0 66327557 9.818610825266305E7 2321617.7524201088 546412
pla33810_n33809_uncorr_01.ttp: 64047.0 1471343.0 5266996.0 66246430 9.859649659908397E7 2309101.102027481 569378
pla33810_n33809_uncorr_01.ttp: 60076.0 1475314.0 5282098.0 66273844 9.895163971349083E7 2313548.808595275 551469
pla33810_n33809_uncorr_01.ttp: 59524.0 1475866.0 5273487.0 66321991 9.854710047050907E7 2317073.985884728 550577
pla33810_n33809_uncorr_01.ttp: 8.0 1535382.0 5346346.0 66249830 1.0048257913611509E8 2331868.6259165476 556811
pla33810_n33809_uncorr_01.ttp: 65873.0 1469517.0 5267361.0 66334583 9.875112003359428E7 2304827.3989921715 554837
pla33810_n33809_uncorr_01.ttp: 71072.0 1464318.0 5269782.0 66250450 9.87718481003471E7 2306626.556989587 553359
pla33810_n33809_uncorr_01.ttp: 2.0 1535388.0 5338624.0 66346847 1.0107076121052782E8 2306501.1636841656 550200
pla33810_n33809_uncorr_01.ttp: 7.0 1535383.0 5345405.0 66291537 1.0100364390267733E8 2315295.68291968 554516
pla33810_n33809_uncorr_01.ttp: 64716.0 1470674.0 5262771.0 66267221 9.818358162346055E7 2317263.551296184 552310
pla33810_n33809_uncorr_01.ttp: 58826.0 1476564.0 5272169.0 66376655 9.82242365637316E7 2325441.9030880523 553530
pla33810_n33809_uncorr_01.ttp: 56602.0 1478788.0 5262773.0 66312554 9.736080942082961E7 2341948.7173751118 550816
pla33810_n33809_uncorr_01.ttp: 1.0 1535389.0 5332098.0 66316264 1.0032606638311106E8 2322316.0085066683 559392
pla33810_n33809_uncorr_01.ttp: 4.0 1535386.0 5345275.0 66312483 1.008405616764581E8 2320058.149706257 551483
pla33810_n33809_uncorr_01.ttp: 0.0 1535390.0 5319166.0 66224356 1.0052881484184262E8 2303301.5547447214 559041
pla33810_n33809_uncorr_01.ttp: 58094.0 1477296.0 5266837.0 66229995 9.832300764314091E7 2317146.7707057726 560530
pla33810_n33809_uncorr_01.ttp: 67972.0 1467418.0 5256968.0 66325471 9.867226385076877E7 2296800.084476937 554431
pla33810_n33809_uncorr_01.ttp: 65115.0 1470275.0 5271154.0 66345545 9.821483111298752E7 2324709.0666103745 555930
pla33810_n33809_uncorr_01.ttp: 53832.0 1481558.0 5257912.0 66303108 9.749508366463774E7 2333059.4900608677 555306
pla33810_n33809_uncorr_01.ttp: 43280.0 1492110.0 5278167.0 66294559 9.872654609715997E7 2316370.617085201 560053
pla33810_n33809_uncorr_01.ttp: 0.0 1535390.0 5344996.0 66271992 1.0146969707874794E8 2300905.087637562 554841
pla33810_n33809_uncorr_01.ttp: 63113.0 1472277.0 5257430.0 66368447 9.749433294232684E7 2332600.011730195 555171
pla33810_n33809_uncorr_01.ttp: 57469.0 1477921.0 5266500.0 66244269 9.894217805027252E7 2298234.6584918243 551047
pla33810_n33809_uncorr_01.ttp: 8.0 1535382.0 5299454.0 66262815 9.99468386913502E7 2301048.839259494 553906
pla33810_n33809_uncorr_01.ttp: 79512.0 1455878.0 5266747.0 66217460 9.854875996595742E7 2310284.2010212773 553689
pla33810_n33809_uncorr_01.ttp: 62894.0 1472496.0 5254146.0 66281965 9.803569452300443E7 2313075.164309867 553385
pla33810_n33809_uncorr_01.ttp: 54302.0 1481088.0 5267971.0 66345666 9.826421134398124E7 2320044.659680563 570293
pla33810_n33809_uncorr_01.ttp: 66460.0 1468930.0 5258672.0 66324363 9.80650471434815E7 2316720.5856955554 545965
RESULTS FOR heuristics : 25
pla33810_n33809_uncorr_01.ttp: 99839.0 1435551.0 5248033.0 66264778 1.002198018792437E8 2241438.943622689 600016
pla33810_n33809_uncorr_01.ttp: 98779.0 1436611.0 5242260.0 66276199 1.0019458852938843E8 2236422.3441183474 600015
pla33810_n33809_uncorr_01.ttp: 110825.0 1424565.0 5202374.0 66269766 1.0050477814969711E8 2187230.655509087 600015
pla33810_n33809_uncorr_01.ttp: 105722.0 1429668.0 5218275.0 66335537 1.006474599943685E8 2198851.2001689454 600015
pla33810_n33809_uncorr_01.ttp: 54355.0 1481035.0 5269297.0 66306926 9.952366818460788E7 2283586.9544617636 600016
pla33810_n33809_uncorr_01.ttp: 87261.0 1448129.0 5230487.0 66319189 1.0069778745937832E8 2209553.3762186505 600016
pla33810_n33809_uncorr_01.ttp: 80908.0 1454482.0 5209636.0 66290995 1.0050643600133997E8 2194442.919959801 600015
pla33810_n33809_uncorr_01.ttp: 83803.0 1451587.0 5225406.0 66388866 1.0028652803053398E8 2216810.1590839806 600015
pla33810_n33809_uncorr_01.ttp: 87075.0 1448315.0 5230914.0 66276426 1.0067338616781995E8 2210712.414965402 600015
pla33810_n33809_uncorr_01.ttp: 94517.0 1440873.0 5219106.0 66290620 1.0032035314031653E8 2209495.405790504 600015
pla33810_n33809_uncorr_01.ttp: 102520.0 1432870.0 5237178.0 66390702 1.0042520889899106E8 2224421.733030268 600016
pla33810_n33809_uncorr_01.ttp: 49509.0 1485881.0 5273853.0 66249303 9.907811962953858E7 2301509.411113843 600015
pla33810_n33809_uncorr_01.ttp: 108067.0 1427323.0 5239166.0 66313577 9.931936402618067E7 2259585.07921458 600015
pla33810_n33809_uncorr_01.ttp: 72593.0 1462797.0 5242556.0 66295300 1.0068360214149083E8 2222047.935755275 600017
pla33810_n33809_uncorr_01.ttp: 100809.0 1434581.0 5254416.0 66335830 9.939966620674773E7 2272426.013797568 600016
pla33810_n33809_uncorr_01.ttp: 98199.0 1437191.0 5218642.0 66355089 1.0031117076275931E8 2209306.877117221 600014
pla33810_n33809_uncorr_01.ttp: 76016.0 1459374.0 5265824.0 66292830 9.920707335099363E7 2289611.799470191 600015
pla33810_n33809_uncorr_01.ttp: 82747.0 1452643.0 5280490.0 66309736 9.97064474850698E7 2289296.5754479063 600015
pla33810_n33809_uncorr_01.ttp: 46683.0 1488707.0 5284218.0 66283956 9.913336344243759E7 2310217.0967268725 600016
pla33810_n33809_uncorr_01.ttp: 100954.0 1434436.0 5206895.0 66312251 1.0094853842796007E8 2178438.847161198 600015
pla33810_n33809_uncorr_01.ttp: 101570.0 1433820.0 5240694.0 66365085 1.0045921964715518E8 2226917.410585345 600015
pla33810_n33809_uncorr_01.ttp: 97643.0 1437747.0 5226425.0 66391163 1.0003684393787408E8 2225319.681863778 600015
pla33810_n33809_uncorr_01.ttp: 108548.0 1426842.0 5226311.0 66289657 1.0058094083290148E8 2208882.775012956 600015
pla33810_n33809_uncorr_01.ttp: 88711.0 1446679.0 5238809.0 66306422 9.998877286251989E7 2239145.8141244035 600015
pla33810_n33809_uncorr_01.ttp: 120971.0 1414419.0 5215384.0 66316949 1.0049039384967794E8 2200672.184509662 600014
pla33810_n33809_uncorr_01.ttp: 108034.0 1427356.0 5222586.0 66260615 1.0064160755253132E8 2203337.7734240605 600016
pla33810_n33809_uncorr_01.ttp: 90828.0 1444562.0 5219063.0 66346180 1.0070769746993078E8 2197832.0759020764 600015
pla33810_n33809_uncorr_01.ttp: 91031.0 1444359.0 5222724.0 66315984 1.0097495996687281E8 2193475.200993816 600015
pla33810_n33809_uncorr_01.ttp: 98955.0 1436435.0 5209326.0 66353234 1.0081498911071353E8 2184876.326678594 600015
pla33810_n33809_uncorr_01.ttp: 98204.0 1437186.0 5222564.0 66350315 1.002482271244108E8 2215117.1862676763 600015
RESULTS FOR heuristics : 26
pla33810_n33809_uncorr_01.ttp: 64002.0 1471388.0 5271035.0 66312097 9.905700807302627E7 2299324.757809212 600016
pla33810_n33809_uncorr_01.ttp: 94576.0 1440814.0 5220385.0 66280256 9.96785408781662E7 2230028.773655014 600017
pla33810_n33809_uncorr_01.ttp: 85151.0 1450239.0 5231757.0 66287672 9.988388321920843E7 2235240.503423747 600016
pla33810_n33809_uncorr_01.ttp: 52258.0 1483132.0 5257779.0 66252266 9.894871155488747E7 2289317.653353376 600015
pla33810_n33809_uncorr_01.ttp: 79515.0 1455875.0 5225763.0 66313568 9.944568892592365E7 2242392.332222291 600016
pla33810_n33809_uncorr_01.ttp: 67343.0 1468047.0 5262143.0 66299141 9.921629145362164E7 2285654.256391351 600017
pla33810_n33809_uncorr_01.ttp: 107735.0 1427655.0 5210130.0 66352409 9.98047226862313E7 2215988.3194130613 600016
pla33810_n33809_uncorr_01.ttp: 55227.0 1480163.0 5258434.0 66331413 9.91812779078188E7 2282995.6627654363 600016
pla33810_n33809_uncorr_01.ttp: 85035.0 1450355.0 5224121.0 66270207 9.983512445854163E7 2229067.266243751 600016
pla33810_n33809_uncorr_01.ttp: 111545.0 1423845.0 5204867.0 66303942 9.986719361817902E7 2208851.1914546294 600016
pla33810_n33809_uncorr_01.ttp: 53199.0 1482191.0 5267616.0 66334739 9.875727893361022E7 2304897.6319916938 600017
pla33810_n33809_uncorr_01.ttp: 56418.0 1478972.0 5277428.0 66347643 9.848395739121547E7 2322909.278263536 600016
pla33810_n33809_uncorr_01.ttp: 