Enter TTP instance file:
RESULTS FOR heuristics : 20
pcb3038_n30370_bounded-strongly-corr_01.ttp: 63.0 2618435.0 3988035.0 140311 178887.987109112 1719735.3234564597 4402
pcb3038_n30370_bounded-strongly-corr_01.ttp: 43.0 2618455.0 3967455.0 140147 177439.34293109216 1717524.1316337516 3831
pcb3038_n30370_bounded-strongly-corr_01.ttp: 1.0 2618497.0 3987097.0 140070 178570.9891211893 1722816.8579433197 3708
pcb3038_n30370_bounded-strongly-corr_01.ttp: 76.0 2618422.0 3976822.0 140046 178476.968531103 1713734.039025614 3846
pcb3038_n30370_bounded-strongly-corr_01.ttp: 58.0 2618440.0 3975940.0 140068 177674.19504658392 1723031.2068093158 3838
pcb3038_n30370_bounded-strongly-corr_01.ttp: 69.0 2618429.0 3973329.0 140213 178666.19559095695 1707841.6399066658 3839
pcb3038_n30370_bounded-strongly-corr_01.ttp: 46.0 2618452.0 3984352.0 140082 178507.94208442044 1720871.294369549 3744
pcb3038_n30370_bounded-strongly-corr_01.ttp: 15.0 2618483.0 3990483.0 140203 179940.91851286814 1708832.1532568322 5030
pcb3038_n30370_bounded-strongly-corr_01.ttp: 46.0 2618452.0 4004552.0 140215 180366.1116229048 1717509.704621567 4256
pcb3038_n30370_bounded-strongly-corr_01.ttp: 36.0 2618462.0 3975162.0 140002 178456.96861604007 1712327.6379486118 4063
pcb3038_n30370_bounded-strongly-corr_01.ttp: 14.0 2618484.0 3982084.0 140213 178392.8538086378 1720062.6137064728 3793
pcb3038_n30370_bounded-strongly-corr_01.ttp: 4.0 2618494.0 3978294.0 140065 177826.83663290102 1723449.711494815 3900
pcb3038_n30370_bounded-strongly-corr_01.ttp: 88.0 2618410.0 3974710.0 140123 177948.93834311698 1718317.4618092766 4205
pcb3038_n30370_bounded-strongly-corr_01.ttp: 10.0 2618488.0 3971788.0 140259 177654.37153530092 1719130.5689323843 4881
pcb3038_n30370_bounded-strongly-corr_01.ttp: 20.0 2618478.0 3973578.0 140222 178176.04952748347 1714305.6919915099 4604
pcb3038_n30370_bounded-strongly-corr_01.ttp: 4.0 2618494.0 3970894.0 140107 177282.31832174992 1722954.2036802112 5261
pcb3038_n30370_bounded-strongly-corr_01.ttp: 102.0 2618396.0 3991796.0 140211 179381.7929776091 1717234.8650439167 4457
pcb3038_n30370_bounded-strongly-corr_01.ttp: 24.0 2618474.0 3975274.0 140253 177952.25831768315 1718839.3645317778 4603
pcb3038_n30370_bounded-strongly-corr_01.ttp: 50.0 2618448.0 3978948.0 140236 179009.43917001915 1709108.3113241573 4864
pcb3038_n30370_bounded-strongly-corr_01.ttp: 12.0 2618486.0 3982886.0 140273 178512.14077857777 1719352.054927634 4391
pcb3038_n30370_bounded-strongly-corr_01.ttp: 63.0 2618435.0 3996635.0 140216 179609.8237853564 1719182.4344016812 4435
pcb3038_n30370_bounded-strongly-corr_01.ttp: 23.0 2618475.0 3985075.0 140244 178519.6655631662 1721445.6406590524 4828
pcb3038_n30370_bounded-strongly-corr_01.ttp: 21.0 2618477.0 3989377.0 140264 179321.6141758189 1715578.9322506166 4551
pcb3038_n30370_bounded-strongly-corr_01.ttp: 34.0 2618464.0 3996264.0 140315 179466.3086563346 1720631.2062376775 4757
pcb3038_n30370_bounded-strongly-corr_01.ttp: 65.0 2618433.0 3980133.0 140112 179710.8548047023 1701399.361076375 4494
pcb3038_n30370_bounded-strongly-corr_01.ttp: 3.0 2618495.0 3978095.0 140125 177882.78235676038 1722541.3197162785 4790
pcb3038_n30370_bounded-strongly-corr_01.ttp: 102.0 2618396.0 3993896.0 140172 179669.86264241932 1715682.141694123 5022
pcb3038_n30370_bounded-strongly-corr_01.ttp: 0.0 2618498.0 3999298.0 140235 179877.28293985978 1718454.0523225782 4300
pcb3038_n30370_bounded-strongly-corr_01.ttp: 6.0 2618492.0 3980992.0 140099 178005.46898752425 1723882.6532381927 4926
pcb3038_n30370_bounded-strongly-corr_01.ttp: 82.0 2618416.0 3971716.0 140026 177385.44871028527 1722468.510353583 4021
RESULTS FOR heuristics : 21
pcb3038_n30370_bounded-strongly-corr_01.ttp: 72.0 2618426.0 3980426.0 140156 178902.5385984149 1711941.8105720994 14204
pcb3038_n30370_bounded-strongly-corr_01.ttp: 40.0 2618458.0 3995258.0 140202 179605.3587651462 1717862.0508579463 14623
pcb3038_n30370_bounded-strongly-corr_01.ttp: 3.0 2618495.0 3994395.0 140320 179414.1815726266 1719423.1776590948 14674
pcb3038_n30370_bounded-strongly-corr_01.ttp: 60.0 2618438.0 3976238.0 140275 178144.48398267914 1717365.9430996287 15248
pcb3038_n30370_bounded-strongly-corr_01.ttp: 2.0 2618496.0 3973396.0 140379 177101.41560920022 1727750.050075341 14700
pcb3038_n30370_bounded-strongly-corr_01.ttp: 26.0 2618472.0 3981072.0 140309 179541.2973799038 1704488.3492228203 15235
pcb3038_n30370_bounded-strongly-corr_01.ttp: 29.0 2618469.0 3978469.0 140144 179327.07721163394 1704601.660956482 15119
pcb3038_n30370_bounded-strongly-corr_01.ttp: 45.0 2618453.0 3987753.0 140222 179541.78974812952 1711163.105993718 15019
pcb3038_n30370_bounded-strongly-corr_01.ttp: 6.0 2618492.0 3981592.0 140049 178077.64830759086 1723567.419459748 13812
pcb3038_n30370_bounded-strongly-corr_01.ttp: 36.0 2618462.0 3970962.0 140217 177875.80414309495 1715496.803465556 11822
pcb3038_n30370_bounded-strongly-corr_01.ttp: 0.0 2618498.0 3979798.0 140154 178826.9168533489 1712272.6942995358 13133
pcb3038_n30370_bounded-strongly-corr_01.ttp: 8.0 2618490.0 3981690.0 140198 179484.47317867828 1705826.8800943596 13024
pcb3038_n30370_bounded-strongly-corr_01.ttp: 128.0 2618370.0 3985970.0 140231 178889.8578129706 1717646.602931533 13940
pcb3038_n30370_bounded-strongly-corr_01.ttp: 32.0 2618466.0 3970466.0 140265 177311.0030416032 1722162.4814324714 14951
pcb3038_n30370_bounded-strongly-corr_01.ttp: 55.0 2618443.0 3979343.0 140173 179174.92377255444 1707404.96656401 13589
pcb3038_n30370_bounded-strongly-corr_01.ttp: 116.0 2618382.0 3979282.0 140045 178914.4217996697 1710647.131580188 13592
pcb3038_n30370_bounded-strongly-corr_01.ttp: 54.0 2618444.0 3988644.0 140176 178355.28982496166 1727098.9250194863 14823
pcb3038_n30370_bounded-strongly-corr_01.ttp: 25.0 2618473.0 3994673.0 140068 179364.08542291186 1720336.3968374776 14465
pcb3038_n30370_bounded-strongly-corr_01.ttp: 19.0 2618479.0 3981079.0 140292 178086.18627626312 1722946.158016984 14873
pcb3038_n30370_bounded-strongly-corr_01.ttp: 4.0 2618494.0 3993094.0 140185 179209.39101012508 1720718.9219916142 14866
pcb3038_n30370_bounded-strongly-corr_01.ttp: 28.0 2618470.0 3980870.0 140297 179224.3080102117 1708305.7744305157 15422
pcb3038_n30370_bounded-strongly-corr_01.ttp: 38.0 2618460.0 3997460.0 140113 179448.5942139045 1722051.825367691 12314
pcb3038_n30370_bounded-strongly-corr_01.ttp: 87.0 2618411.0 3981611.0 140146 179103.87425528278 1710573.8744430146 13135
pcb3038_n30370_bounded-strongly-corr_01.ttp: 12.0 2618486.0 3991086.0 140135 179377.5306347352 1716578.911551558 13603
pcb3038_n30370_bounded-strongly-corr_01.ttp: 52.0 2618446.0 3963746.0 140098 177085.85974814618 1718297.2983935066 16202
pcb3038_n30370_bounded-strongly-corr_01.ttp: 83.0 2618415.0 3983615.0 140203 178748.6067478794 1717082.6664368892 17160
pcb3038_n30370_bounded-strongly-corr_01.ttp: 55.0 2618443.0 3970643.0 140035 178235.00778099644 1710623.1013369653 12612
pcb3038_n30370_bounded-strongly-corr_01.ttp: 70.0 2618428.0 3985628.0 140409 178937.24488668737 1716703.7348368042 12729
pcb3038_n30370_bounded-strongly-corr_01.ttp: 10.0 2618488.0 3979688.0 140066 178370.09800608543 1717955.1572828367 13713
pcb3038_n30370_bounded-strongly-corr_01.ttp: 0.0 2618498.0 3980898.0 140192 178382.393861414 1719009.2458372707 15194
RESULTS FOR heuristics : 22
pcb3038_n30370_bounded-strongly-corr_01.ttp: 15.0 2618483.0 3984583.0 140134 178766.62440287738 1717822.202571515 599796
pcb3038_n30370_bounded-strongly-corr_01.ttp: 11.0 2618487.0 3997887.0 140150 180224.21009947892 1712644.0159386075 599804
pcb3038_n30370_bounded-strongly-corr_01.ttp: 3.0 2618495.0 3991595.0 140340 181698.51583720383 1687657.8191842553 599797
pcb3038_n30370_bounded-strongly-corr_01.ttp: 2.0 2618496.0 3981196.0 140193 179526.15730422988 1704804.325382365 599798
pcb3038_n30370_bounded-strongly-corr_01.ttp: 2.0 2618496.0 3969196.0 140146 177755.2051130362 1715259.999166701 599791
pcb3038_n30370_bounded-strongly-corr_01.ttp: 17.0 2618481.0 3979681.0 140000 178048.4129803936 1722027.123408609 599801
pcb3038_n30370_bounded-strongly-corr_01.ttp: 12.0 2618486.0 3986686.0 140005 178630.68175941214 1721648.9552906542 599797
pcb3038_n30370_bounded-strongly-corr_01.ttp: 25.0 2618473.0 3979973.0 140101 178534.41847802763 1716156.5736986096 599804
pcb3038_n30370_bounded-strongly-corr_01.ttp: 5.0 2618493.0 3965793.0 140318 177590.28664459803 1713948.1653464972 599797
pcb3038_n30370_bounded-strongly-corr_01.ttp: 26.0 2618472.0 3991372.0 140331 178385.8326575992 1729439.641901642 599806
pcb3038_n30370_bounded-strongly-corr_01.ttp: 20.0 2618478.0 3969978.0 140173 178121.06321704393 1711402.918407883 599804
pcb3038_n30370_bounded-strongly-corr_01.ttp: 15.0 2618483.0 3992583.0 139981 180032.901159588 1709765.8132964242 599792
pcb3038_n30370_bounded-strongly-corr_01.ttp: 