Enter TTP instance file:
RESULTS FOR heuristics : 20
rat783_n7820_bounded-strongly-corr_01.ttp: 30.0 673733.0 1015733.0 9256 11782.910821139081 411387.50398377655 910
rat783_n7820_bounded-strongly-corr_01.ttp: 87.0 673676.0 1021376.0 9257 11870.334046828531 412546.56673816463 666
rat783_n7820_bounded-strongly-corr_01.ttp: 56.0 673707.0 1019007.0 9249 11806.178500891147 413468.1046892931 613
rat783_n7820_bounded-strongly-corr_01.ttp: 63.0 673700.0 1015300.0 9254 11718.384866949482 414264.0401741611 569
rat783_n7820_bounded-strongly-corr_01.ttp: 39.0 673724.0 1019024.0 9245 11797.438644524009 413933.37192236364 744
rat783_n7820_bounded-strongly-corr_01.ttp: 2.0 673761.0 1014261.0 9252 11797.590579412292 409162.57918194355 598
rat783_n7820_bounded-strongly-corr_01.ttp: 126.0 673637.0 1014437.0 9278 11752.177520454832 411667.8149758717 648
rat783_n7820_bounded-strongly-corr_01.ttp: 2.0 673761.0 1014261.0 9252 11797.602036617243 409161.9915419016 568
rat783_n7820_bounded-strongly-corr_01.ttp: 12.0 673751.0 1020651.0 9254 11824.480013825298 414173.4200909005 602
rat783_n7820_bounded-strongly-corr_01.ttp: 20.0 673743.0 1012443.0 9255 11669.768974799175 413900.54928255035 594
rat783_n7820_bounded-strongly-corr_01.ttp: 42.0 673721.0 1015521.0 9254 11743.323293551291 413205.9482737542 619
rat783_n7820_bounded-strongly-corr_01.ttp: 2.0 673761.0 1016161.0 9245 11745.01770714462 413759.0418005525 582
rat783_n7820_bounded-strongly-corr_01.ttp: 14.0 673749.0 1016349.0 9278 11820.970739669867 410051.4107623325 628
rat783_n7820_bounded-strongly-corr_01.ttp: 1.0 673762.0 1016662.0 9257 11756.047094343969 413694.3445310979 588
rat783_n7820_bounded-strongly-corr_01.ttp: 28.0 673735.0 1016335.0 9253 11755.599407014419 413390.3064142305 564
rat783_n7820_bounded-strongly-corr_01.ttp: 10.0 673753.0 1013253.0 9280 11664.900529973058 414960.2518176818 630
rat783_n7820_bounded-strongly-corr_01.ttp: 10.0 673753.0 1014853.0 9257 11719.906218053964 413739.01007601223 599
rat783_n7820_bounded-strongly-corr_01.ttp: 8.0 673755.0 1015555.0 9258 11755.838862346147 412598.0247502661 597
rat783_n7820_bounded-strongly-corr_01.ttp: 26.0 673737.0 1018737.0 9265 11789.549976643795 414050.9816979398 639
rat783_n7820_bounded-strongly-corr_01.ttp: 26.0 673737.0 1017237.0 9253 11760.823099790612 414024.3832117395 572
rat783_n7820_bounded-strongly-corr_01.ttp: 14.0 673749.0 1021449.0 9260 11863.586128492332 412965.6674696283 625
rat783_n7820_bounded-strongly-corr_01.ttp: 18.0 673745.0 1023645.0 9268 11879.072942877052 414367.34875983605 598
rat783_n7820_bounded-strongly-corr_01.ttp: 36.0 673727.0 1015327.0 9259 11729.575701121557 413717.06228947535 615
rat783_n7820_bounded-strongly-corr_01.ttp: 18.0 673745.0 1011045.0 9277 11719.152294033478 409969.6788390229 619
rat783_n7820_bounded-strongly-corr_01.ttp: 122.0 673641.0 1015541.0 9251 11717.763408317765 414536.9147873818 621
rat783_n7820_bounded-strongly-corr_01.ttp: 4.0 673759.0 1016359.0 9258 11745.62617747488 413925.8333573134 614
rat783_n7820_bounded-strongly-corr_01.ttp: 1.0 673762.0 1015262.0 9270 11733.434947615062 413454.12153682346 673
rat783_n7820_bounded-strongly-corr_01.ttp: 1.0 673762.0 1017262.0 9265 11797.842076968831 412150.6798722687 618
rat783_n7820_bounded-strongly-corr_01.ttp: 31.0 673732.0 1014432.0 9250 11729.730039105352 412814.1462942865 624
rat783_n7820_bounded-strongly-corr_01.ttp: 6.0 673757.0 1015457.0 9251 11721.26105428972 414273.5205254803 590
RESULTS FOR heuristics : 21
rat783_n7820_bounded-strongly-corr_01.ttp: 90.0 673673.0 1012673.0 9256 11725.04445682148 411295.46980962623 969
rat783_n7820_bounded-strongly-corr_01.ttp: 20.0 673743.0 1013743.0 9281 11724.448426405368 412396.0402096687 1022
rat783_n7820_bounded-strongly-corr_01.ttp: 72.0 673691.0 1015891.0 9252 11742.33480575191 413626.64781298453 1067
rat783_n7820_bounded-strongly-corr_01.ttp: 50.0 673713.0 1012213.0 9253 11757.221126696131 409185.12841175543 1039
rat783_n7820_bounded-strongly-corr_01.ttp: 25.0 673738.0 1014238.0 9253 11786.657365828005 409700.3437066816 996
rat783_n7820_bounded-strongly-corr_01.ttp: 5.0 673758.0 1012758.0 9257 11753.310304284558 409930.714493245 1078
rat783_n7820_bounded-strongly-corr_01.ttp: 2.0 673761.0 1013361.0 9254 11733.08788392832 411570.9224333165 1029
rat783_n7820_bounded-strongly-corr_01.ttp: 25.0 673738.0 1016838.0 9256 11762.205117591197 413554.49951874756 1077
rat783_n7820_bounded-strongly-corr_01.ttp: 25.0 673738.0 1015838.0 9261 11802.447989296068 410490.4426290047 1031
rat783_n7820_bounded-strongly-corr_01.ttp: 51.0 673712.0 1020412.0 9256 11823.807543036784 413968.91111764335 1020
rat783_n7820_bounded-strongly-corr_01.ttp: 6.0 673757.0 1017457.0 9254 11755.62822335777 414510.82842398004 1011
rat783_n7820_bounded-strongly-corr_01.ttp: 1.0 673762.0 1019262.0 9247 11798.084153337697 414138.26377530955 975
rat783_n7820_bounded-strongly-corr_01.ttp: 2.0 673761.0 1013361.0 9252 11731.170209994309 411669.2799293919 994
rat783_n7820_bounded-strongly-corr_01.ttp: 1.0 673762.0 1019262.0 9247 11798.302044990287 414127.0881124482 979
rat783_n7820_bounded-strongly-corr_01.ttp: 54.0 673709.0 1012309.0 9284 11734.865874956744 410427.7292734686 1011
rat783_n7820_bounded-strongly-corr_01.ttp: 10.0 673753.0 1015953.0 9254 11732.37868269134 414199.2973647611 973
rat783_n7820_bounded-strongly-corr_01.ttp: 15.0 673748.0 1012848.0 9260 11748.808119096944 410251.6315715178 1004
rat783_n7820_bounded-strongly-corr_01.ttp: 20.0 673743.0 1014443.0 9277 11727.550189109656 412936.95080056577 1023
rat783_n7820_bounded-strongly-corr_01.ttp: 5.0 673758.0 1018058.0 9248 11783.695322433565 413672.26691238245 973
rat783_n7820_bounded-strongly-corr_01.ttp: 55.0 673708.0 1019908.0 9245 11819.52271273054 413684.6800640506 984
rat783_n7820_bounded-strongly-corr_01.ttp: 4.0 673759.0 1012559.0 9261 11767.242666566694 409017.12363179435 989
rat783_n7820_bounded-strongly-corr_01.ttp: 62.0 673701.0 1015301.0 9270 11727.569315486422 413793.9698087014 973
rat783_n7820_bounded-strongly-corr_01.ttp: 2.0 673761.0 1014261.0 9252 11797.466041277574 409168.9667428732 963
rat783_n7820_bounded-strongly-corr_01.ttp: 1.0 673762.0 1020462.0 9252 11824.961135774583 413959.7433461216 972
rat783_n7820_bounded-strongly-corr_01.ttp: 91.0 673672.0 1013072.0 9254 11731.925765027208 411341.52751175454 976
rat783_n7820_bounded-strongly-corr_01.ttp: 17.0 673746.0 1019546.0 9273 11841.50162806692 412195.3814964476 1009
rat783_n7820_bounded-strongly-corr_01.ttp: 9.0 673754.0 1014654.0 9250 11698.965923346424 414614.0377915619 967
rat783_n7820_bounded-strongly-corr_01.ttp: 32.0 673731.0 1019931.0 9250 11813.64353740494 414009.2229665007 962
rat783_n7820_bounded-strongly-corr_01.ttp: 15.0 673748.0 1021748.0 9258 11849.83288327511 413970.0714168196 999
rat783_n7820_bounded-strongly-corr_01.ttp: 2.0 673761.0 1014261.0 9252 11797.510426142562 409166.690243148 949
RESULTS FOR heuristics : 22
rat783_n7820_bounded-strongly-corr_01.ttp: 0.0 673763.0 1011963.0 9261 11759.141658344734 408836.6243434986 599792
rat783_n7820_bounded-strongly-corr_01.ttp: 28.0 673735.0 1012035.0 9245 11656.971693727888 414148.9218286966 599790
rat783_n7820_bounded-strongly-corr_01.ttp: 10.0 673753.0 1014653.0 9258 11712.003738082994 413944.32827372325 599790
rat783_n7820_bounded-strongly-corr_01.ttp: 5.0 673758.0 1013758.0 9249 11708.397449636615 413234.29480813805 599791
rat783_n7820_bounded-strongly-corr_01.ttp: 6.0 673757.0 1013257.0 9270 11680.655965460992 414156.1555315057 599791
rat783_n7820_bounded-strongly-corr_01.ttp: 16.0 673747.0 1017047.0 9273 11769.598072055089 413384.3148842945 599791
rat783_n7820_bounded-strongly-corr_01.ttp: 4.0 673759.0 1019159.0 9257 11803.902841824138 413736.82324284 599791
rat783_n7820_bounded-strongly-corr_01.ttp: 4.0 673759.0 1016159.0 9249 11738.549491988684 414088.79655590036 599791
rat783_n7820_bounded-strongly-corr_01.ttp: 0.0 673763.0 1013663.0 9256 11684.763875206392 414351.4608406641 599790
rat783_n7820_bounded-strongly-corr_01.ttp: 13.0 673750.0 1017950.0 9249 11776.971989287636 413909.10666943714 599791
rat783_n7820_bounded-strongly-corr_01.ttp: 21.0 673742.0 1018642.0 9252 11826.30524500779 412070.8039835504 599790
rat783_n7820_bounded-strongly-corr_01.ttp: 1.0 673762.0 1013762.0 9256 11709.639898821933 413174.569589423 599791
rat783_n7820_bounded-strongly-corr_01.ttp: 3.0 673760.0 1015960.0 9256 11734.221358291155 414111.78653324663 599791
rat783_n7820_bounded-strongly-corr_01.ttp: 9.0 673754.0 1012254.0 9252 11751.332071849736 409528.178034827 599792
rat783_n7820_bounded-strongly-corr_01.ttp: 6.0 673757.0 1011257.0 9253 11715.954786807984 410345.6789846185 599791
rat783_n7820_bounded-strongly-corr_01.ttp: 22.0 673741.0 1012341.0 9255 11747.815064913313 409795.5653205962 599792
rat783_n7820_bounded-strongly-corr_01.ttp: 4.0 673759.0 1017059.0 9255 11759.284087403968 413925.31915705046 599790
rat783_n7820_bounded-strongly-corr_01.ttp: 46.0 673717.0 1012617.0 9252 11761.362921566231 409376.69575286796 599791
rat783_n7820_bounded-strongly-corr_01.ttp: 14.0 673749.0 1009649.0 9254 11690.078280304857 410064.88500316394 599791
rat783_n7820_bounded-strongly-corr_01.ttp: 1.0 673762.0 1012162.0 9271 11694.228204453719 412365.0353935688 599790
rat783_n7820_bounded-strongly-corr_01.ttp: 9.0 673754.0 1017954.0 9261 11770.70180016898 414234.70466933306 599790
rat783_n7820_bounded-strongly-corr_01.ttp: 3.0 673760.0 1012160.0 9272 11763.288130428251 408820.951790335 599792
rat783_n7820_bounded-strongly-corr_01.ttp: 22.0 673741.0 1016941.0 9259 11763.013609500074 413616.0319687412 599792
rat783_n7820_bounded-strongly-corr_01.ttp: 29.0 673734.0 1015434.0 9251 11744.392808547364 413064.0928496057 599792
rat783_n7820_bounded-strongly-corr_01.ttp: 4.0 673759.0 1011959.0 9255 11691.52134175407 412300.87038143375 599790
rat783_n7820_bounded-strongly-corr_01.ttp: 3.0 673760.0 1016860.0 9252 11762.558659665896 413558.3663457362 599792
rat783_n7820_bounded-strongly-corr_01.ttp: 11.0 673752.0 1012552.0 9255 11667.29256507205 414136.5643374546 599791
rat783_n7820_bounded-strongly-corr_01.ttp: 7.0 673756.0 1009856.0 9247 11616.165146724627 414062.8896244939 599791
rat783_n7820_bounded-strongly-corr_01.ttp: 4.0 673759.0 1013259.0 9249 11676.251187926651 414384.07657124207 599790
rat783_n7820_bounded-strongly-corr_01.ttp: 17.0 673746.0 1014646.0 9260 11727.929226004451 413120.50999823166 599792
RESULTS FOR heuristics : 23
rat783_n7820_bounded-strongly-corr_01.ttp: 29.0 673734.0 1012934.0 9280 11803.767783181327 407518.7504006297 19344
rat783_n7820_bounded-strongly-corr_01.ttp: 12.0 673751.0 1011751.0 9256 11668.611304958853 413267.9261686604 19222
rat783_n7820_bounded-strongly-corr_01.ttp: 7.0 673756.0 1018556.0 9247 11774.135703518332 414660.57976654475 19337
rat783_n7820_bounded-strongly-corr_01.ttp: 107.0 673656.0 1022156.0 9270 11852.125593395009 414260.47831477004 19423
rat783_n7820_bounded-strongly-corr_01.ttp: 37.0 673726.0 1017026.0 9255 11758.887957884035 413912.63664012786 19291
rat783_n7820_bounded-strongly-corr_01.ttp: 32.0 673731.0 1010931.0 9272 11775.479968646865 406966.6324081023 19285
rat783_n7820_bounded-strongly-corr_01.ttp: 32.0 673731.0 1012031.0 9256 11763.968145204557 408657.07383245823 19665
rat783_n7820_bounded-strongly-corr_01.ttp: 31.0 673732.0 1013832.0 9261 11780.024388040416 409634.5491374071 19935
rat783_n7820_bounded-strongly-corr_01.ttp: 2.0 673761.0 1014261.0 9252 11797.46505469342 409169.01734477445 20278
rat783_n7820_bounded-strongly-corr_01.ttp: 2.0 673761.0 1014261.0 9252 11797.25495509526 409179.7933531641 20335
rat783_n7820_bounded-strongly-corr_01.ttp: 39.0 673724.0 1019024.0 9245 11797.17637991174 413946.82347432687 20274
rat783_n7820_bounded-strongly-corr_01.ttp: 17.0 673746.0 1015346.0 9250 11724.718222577787 413985.20236398536 19998
rat783_n7820_bounded-strongly-corr_01.ttp: 29.0 673734.0 1014334.0 9248 11695.163423269858 414489.06802048895 19969
rat783_n7820_bounded-strongly-corr_01.ttp: 6.0 673757.0 1012557.0 9257 11759.848249106348 409394.3833033354 20001
rat783_n7820_bounded-strongly-corr_01.ttp: 30.0 673733.0 1009933.0 9258 11669.301569854724 411414.52248215117 20009
rat783_n7820_bounded-strongly-corr_01.ttp: 3.0 673760.0 1013160.0 9245 11682.228831998002 413978.48320682254 20003
rat783_n7820_bounded-strongly-corr_01.ttp: 1.0 673762.0 1017562.0 9260 11785.914584328355 413062.4409697987 20082
rat783_n7820_bounded-strongly-corr_01.ttp: 85.0 673678.0 1020678.0 9251 11829.501249856168 413942.88089487713 20292
rat783_n7820_bounded-strongly-corr_01.ttp: 76.0 673687.0 1021087.0 9260 11841.678251190962 413727.3224964156 20272
rat783_n7820_bounded-strongly-corr_01.ttp: 60.0 673703.0 1014103.0 9258 11802.377302241372 408759.06816804 20243
rat783_n7820_bounded-strongly-corr_01.ttp: 68.0 673695.0 1014095.0 9255 11800.555467488814 408844.5100724988 20160
rat783_n7820_bounded-strongly-corr_01.ttp: 51.0 673712.0 1016812.0 9260 11758.111121918519 413738.4805567992 20124
rat783_n7820_bounded-strongly-corr_01.ttp: 4.0 673759.0 1015359.0 9259 11738.361261319935 413298.4509069006 20115
rat783_n7820_bounded-strongly-corr_01.ttp: 26.0 673737.0 1007137.0 9261 11669.943242480107 408585.6110931953 19894
rat783_n7820_bounded-strongly-corr_01.ttp: 8.0 673755.0 1020955.0 9252 11841.883108673392 413584.8153561418 20177
rat783_n7820_bounded-strongly-corr_01.ttp: 0.0 673763.0 1014763.0 9256 11819.458953239184 408542.9502883622 20229
rat783_n7820_bounded-strongly-corr_01.ttp: 2.0 673761.0 1013361.0 9252 11731.133272180528 411671.17446986074 20086
rat783_n7820_bounded-strongly-corr_01.ttp: 84.0 673679.0 1013679.0 9255 11777.698970681535 409600.81979374413 20089
rat783_n7820_bounded-strongly-corr_01.ttp: 58.0 673705.0 1015405.0 9258 11747.198843002974 412891.17134237743 20237
rat783_n7820_bounded-strongly-corr_01.ttp: 86.0 673677.0 1013577.0 9277 11786.693079493489 409037.511952779 20083
RESULTS FOR heuristics : 24
rat783_n7820_bounded-strongly-corr_01.ttp: 58.0 673705.0 1015605.0 9255 11668.947162538974 417104.700033376 599413
rat783_n7820_bounded-strongly-corr_01.ttp: 71.0 673692.0 1022792.0 9263 11808.23506580302 417147.6234749631 599559
rat783_n7820_bounded-strongly-corr_01.ttp: 14.0 673749.0 1018949.0 9263 11739.992371996954 416804.7912402763 599396
rat783_n7820_bounded-strongly-corr_01.ttp: 2.0 673761.0 1013961.0 9260 11653.74079654172 416240.6345453751 599537
rat783_n7820_bounded-strongly-corr_01.ttp: 2.0 673761.0 1018661.0 9258 11754.913426590336 415751.4903501817 599584
rat783_n7820_bounded-strongly-corr_01.ttp: 9.0 673754.0 1014954.0 9253 11656.032973856294 417116.06877091073 599301
rat783_n7820_bounded-strongly-corr_01.ttp: 7.0 673756.0 1018156.0 9256 11729.720669114855 416538.6268810991 599509
rat783_n7820_bounded-strongly-corr_01.ttp: 4.0 673759.0 1012959.0 9261 11635.441960915734 416177.181824632 599308
rat783_n7820_bounded-strongly-corr_01.ttp: 25.0 673738.0 1014838.0 9251 11631.257142629214 418270.8211545476 599519
rat783_n7820_bounded-strongly-corr_01.ttp: 128.0 673635.0 1021935.0 9258 11815.275338989093 415929.5278632494 599463
rat783_n7820_bounded-strongly-corr_01.ttp: 89.0 673674.0 1021974.0 9256 11815.970050568203 415932.8961063569 599395
rat783_n7820_bounded-strongly-corr_01.ttp: 4.0 673759.0 1015459.0 9252 11696.400149612817 415550.63632635865 599379
rat783_n7820_bounded-strongly-corr_01.ttp: 1.0 673762.0 1022362.0 9255 11830.477343451612 415576.8170543668 599418
rat783_n7820_bounded-strongly-corr_01.ttp: 4.0 673759.0 1015459.0 9252 11697.774726966667 415480.13425387966 599382
rat783_n7820_bounded-strongly-corr_01.ttp: 41.0 673722.0 1014722.0 9248 11687.166710754498 415287.21940540185 599474
rat783_n7820_bounded-strongly-corr_01.ttp: 74.0 673689.0 1013289.0 9265 11652.991199111828 415607.0813975544 599385
rat783_n7820_bounded-strongly-corr_01.ttp: 4.0 673759.0 1015459.0 9252 11696.402418689304 415550.51994542556 599485
rat783_n7820_bounded-strongly-corr_01.ttp: 26.0 673737.0 1015137.0 9255 11636.447850138135 418303.58976641507 599305
rat783_n7820_bounded-strongly-corr_01.ttp: 42.0 673721.0 1013721.0 9259 11641.433386867928 416631.881587544 599329
rat783_n7820_bounded-strongly-corr_01.ttp: 47.0 673716.0 1017316.0 9260 11719.392856989116 416228.34036502824 599334
rat783_n7820_bounded-strongly-corr_01.ttp: 22.0 673741.0 1013441.0 9262 11649.062543524287 415960.5821426393 599478
rat783_n7820_bounded-strongly-corr_01.ttp: 39.0 673724.0 1014824.0 9252 11685.186385912308 415490.7902665577 599455
rat783_n7820_bounded-strongly-corr_01.ttp: 60.0 673703.0 1022703.0 9258 11785.365429990008 418231.60709581245 599615
rat783_n7820_bounded-strongly-corr_01.ttp: 84.0 673679.0 1015279.0 9257 11661.64492746752 417153.23167019093 599479
rat783_n7820_bounded-strongly-corr_01.ttp: 4.0 673759.0 1015459.0 9252 11696.408573540564 415550.2042631045 599542
rat783_n7820_bounded-strongly-corr_01.ttp: 7.0 673756.0 1018156.0 9256 11729.730110954464 416538.1426091455 599320
rat783_n7820_bounded-strongly-corr_01.ttp: 42.0 673721.0 1013721.0 9259 11641.469150265077 416630.04728290427 599506
rat783_n7820_bounded-strongly-corr_01.ttp: 89.0 673674.0 1015174.0 9252 11628.924332060378 418726.47100862325 599625
rat783_n7820_bounded-strongly-corr_01.ttp: 42.0 673721.0 1013721.0 9259 11641.509454695874 416627.9800686487 599644
rat783_n7820_bounded-strongly-corr_01.ttp: 4.0 673759.0 1015459.0 9252 11696.437961198966 415548.69697010505 599524
RESULTS FOR heuristics : 25
rat783_n7820_bounded-strongly-corr_01.ttp: 45.0 673718.0 1016818.0 9251 11773.910225199561 412934.1445495145 20039
rat783_n7820_bounded-strongly-corr_01.ttp: 8.0 673755.0 1018455.0 9256 11796.414592335797 413416.89555909694 20027
rat783_n7820_bounded-strongly-corr_01.ttp: 33.0 673730.0 1018130.0 9256 11790.661902764727 413386.95100719715 20228
rat783_n7820_bounded-strongly-corr_01.ttp: 19.0 673744.0 1014344.0 9257 11703.005321358394 414096.85706752795 20270
rat783_n7820_bounded-strongly-corr_01.ttp: 33.0 673730.0 1013930.0 9247 11712.25929040594 413208.2209950794 20225
rat783_n7820_bounded-strongly-corr_01.ttp: 13.0 673750.0 1019150.0 9247 11789.496151567031 414466.742386127 20433
rat783_n7820_bounded-strongly-corr_01.ttp: 13.0 673750.0 1021150.0 9253 11839.206970527915 413917.07448162325 20578
rat783_n7820_bounded-strongly-corr_01.ttp: 2.0 673761.0 1014461.0 9270 11735.219845400552 412561.57412940566 20366
rat783_n7820_bounded-strongly-corr_01.ttp: 22.0 673741.0 1016841.0 9255 11761.1912842627 413609.4990301661 20485
rat783_n7820_bounded-strongly-corr_01.ttp: 24.0 673739.0 1013939.0 9245 11697.631653653441 413967.47248411505 20390
rat783_n7820_bounded-strongly-corr_01.ttp: 13.0 673750.0 1018750.0 9253 11791.908122528066 413943.0323955355 20855
rat783_n7820_bounded-strongly-corr_01.ttp: 40.0 673723.0 1016023.0 9256 11738.794808079461 413940.2142936045 20768
rat783_n7820_bounded-strongly-corr_01.ttp: 17.0 673746.0 1018046.0 9256 11835.940414103598 410980.6161606265 20995
rat783_n7820_bounded-strongly-corr_01.ttp: 72.0 673691.0 1015891.0 9252 11742.355467455327 413625.58807421627 20795
rat783_n7820_bounded-strongly-corr_01.ttp: 21.0 673742.0 1012642.0 9251 11789.149414243253 407976.5265434636 20780
rat783_n7820_bounded-strongly-corr_01.ttp: 8.0 673755.0 1015455.0 9251 11721.548346056818 414256.78533074586 20636
rat783_n7820_bounded-strongly-corr_01.ttp: 2.0 673761.0 1017061.0 9263 11783.229645849684 412699.15146436973 21003
rat783_n7820_bounded-strongly-corr_01.ttp: 52.0 673711.0 1009111.0 9258 11734.486687727785 407249.17778644187 20877
rat783_n7820_bounded-strongly-corr_01.ttp: 12.0 673751.0 1019051.0 9253 11797.5810369572 413953.0686144653 20925
rat783_n7820_bounded-strongly-corr_01.ttp: 29.0 673734.0 1015634.0 9251 11718.890539832864 414572.10421197244 20723
rat783_n7820_bounded-strongly-corr_01.ttp: 59.0 673704.0 1011904.0 9271 11753.088440724581 409088.0938752362 20844
rat783_n7820_bounded-strongly-corr_01.ttp: 12.0 673751.0 1010351.0 9256 11682.103613176932 411175.90568015515 20774
rat783_n7820_bounded-strongly-corr_01.ttp: 57.0 673706.0 1019706.0 9270 11900.60500518382 409323.9692841219 21082
rat783_n7820_bounded-strongly-corr_01.ttp: 9.0 673754.0 1014354.0 9256 11717.588119185159 413358.9053669933 20791
rat783_n7820_bounded-strongly-corr_01.ttp: 75.0 673688.0 1016488.0 9262 11754.573786533514 413595.91048869607 20906
rat783_n7820_bounded-strongly-corr_01.ttp: 4.0 673759.0 1017559.0 9261 11795.145971143782 412585.9631400354 20782
rat783_n7820_bounded-strongly-corr_01.ttp: 38.0 673725.0 1015325.0 9249 11723.878845069956 414007.25403636193 20779
rat783_n7820_bounded-strongly-corr_01.ttp: 6.0 673757.0 1017157.0 9260 11787.96283783668 412552.38604735676 20834
rat783_n7820_bounded-strongly-corr_01.ttp: 45.0 673718.0 1016818.0 9251 11773.974218244162 412930.86234625697 20727
rat783_n7820_bounded-strongly-corr_01.ttp: 28.0 673735.0 1019535.0 9272 11825.127671530177 413024.2017272172 21101
RESULTS FOR heuristics : 26
rat783_n7820_bounded-strongly-corr_01.ttp: 14.0 673749.0 1015949.0 9251 11743.440334415598 413627.94524782395 26628
rat783_n7820_bounded-strongly-corr_01.ttp: 2.0 673761.0 1014261.0 9252 11797.23542644853 409180.79497745493 26468
rat783_n7820_bounded-strongly-corr_01.ttp: 2.0 673761.0 1012761.0 9250 11676.232400643808 413887.0401709791 26584
rat783_n7820_bounded-strongly-corr_01.ttp: 0.0 673763.0 1014263.0 9253 11715.953700778748 413351.734687058 26582
rat783_n7820_bounded-strongly-corr_01.ttp: 13.0 673750.0 1012150.0 9257 11719.74979068774 411044.03323562583 26509
rat783_n7820_bounded-strongly-corr_01.ttp: 28.0 673735.0 1015035.0 9262 11760.124473439293 411858.21575729863 26553
rat783_n7820_bounded-strongly-corr_01.ttp: 20.0 673743.0 1012443.0 9255 11669.795259699715 413899.2011300017 26662
rat783_n7820_bounded-strongly-corr_01.ttp: 2.0 673761.0 1014261.0 9252 11797.42533109213 409171.05476828467 26668
rat783_n7820_bounded-strongly-corr_01.ttp: 7.0 673756.0 1015656.0 9251 11719.336194980975 414571.24655942584 27012
rat783_n7820_bounded-strongly-corr_01.ttp: 10.0 673753.0 1017953.0 9274 11845.96696474396 410373.3543782823 26639
rat783_n7820_bounded-strongly-corr_01.ttp: 19.0 673744.0 1014544.0 9245 11692.549637395145 414833.12909800303 30083
rat783_n7820_bounded-strongly-corr_01.ttp: 45.0 673718.0 1016918.0 9255 11762.435287696242 413622.69409405976 26707
rat783_n7820_bounded-strongly-corr_01.ttp: 8.0 673755.0 1020955.0 9252 11841.90006115559 413583.9458633298 26776
rat783_n7820_bounded-strongly-corr_01.ttp: 33.0 673730.0 1015230.0 9270 11726.39069767179 413783.4211164139 41962
rat783_n7820_bounded-strongly-corr_01.ttp: 19.0 673744.0 1014344.0 9257 11703.013479841391 414096.43861893506 26466
rat783_n7820_bounded-strongly-corr_01.ttp: 26.0 673737.0 1015337.0 9255 11719.138839600477 414262.3689168915 26502
rat783_n7820_bounded-strongly-corr_01.ttp: 26.0 673737.0 1018937.0 9245 11794.569274396465 413993.5419162053 41827
rat783_n7820_bounded-strongly-corr_01.ttp: 13.0 673750.0 1012150.0 9257 11719.74979068774 411044.03323562583 26711
rat783_n7820_bounded-strongly-corr_01.ttp: 19.0 673744.0 1016844.0 9250 11764.282731962006 413453.9386776687 26748
rat783_n7820_bounded-strongly-corr_01.ttp: 1.0 673762.0 1019262.0 9251 11802.025781279106 413936.09767819464 26730
rat783_n7820_bounded-strongly-corr_01.ttp: 32.0 673731.0 1017031.0 9272 11790.222648266737 412310.4803703991 71714
rat783_n7820_bounded-strongly-corr_01.ttp: 27.0 673736.0 1011236.0 9247 11646.827584569635 413870.2131874234 26591
rat783_n7820_bounded-strongly-corr_01.ttp: 40.0 673723.0 1019023.0 9259 11831.639631795862 412178.2032851903 26960
rat783_n7820_bounded-strongly-corr_01.ttp: 7.0 673756.0 1016156.0 9245 11739.005715470566 414062.3968535147 26749
rat783_n7820_bounded-strongly-corr_01.ttp: 34.0 673729.0 1020029.0 9248 11830.34729701578 413250.4871360606 26803
rat783_n7820_bounded-strongly-corr_01.ttp: 0.0 673763.0 1012363.0 9260 11774.59013312264 408444.2720721398 26698
rat783_n7820_bounded-strongly-corr_01.ttp: 80.0 673683.0 1018583.0 9253 11794.267147342942 413655.0380127805 55196
rat783_n7820_bounded-strongly-corr_01.ttp: 3.0 673760.0 1013160.0 9245 11682.242407680827 413977.7869100503 26050
rat783_n7820_bounded-strongly-corr_01.ttp: 17.0 673746.0 1014146.0 9254 11811.226093536272 408348.2136625246 26310
rat783_n7820_bounded-strongly-corr_01.ttp: 3.0 673760.0 1013160.0 9245 11682.20329795363 413979.7928479583 26456
RESULTS FOR heuristics : 27
rat783_n7820_bounded-strongly-corr_01.ttp: 55.0 673708.0 1009608.0 9249 11593.924998759103 414955.58681364567 90668
rat783_n7820_bounded-strongly-corr_01.ttp: 41.0 673722.0 1014722.0 9248 11685.841195663792 415355.20507440413 91018
rat783_n7820_bounded-strongly-corr_01.ttp: 41.0 673722.0 1014722.0 9248 11687.176458043674 415286.71946694003 91034
rat783_n7820_bounded-strongly-corr_01.ttp: 3.0 673760.0 1011760.0 9249 11636.649024902343 414916.2715127588 90720
rat783_n7820_bounded-strongly-corr_01.ttp: 58.0 673705.0 1015605.0 9255 11668.908791943859 417106.6680611995 90864
rat783_n7820_bounded-strongly-corr_01.ttp: 41.0 673722.0 1014722.0 9248 11685.84370987765 415355.0761203753 90102
rat783_n7820_bounded-strongly-corr_01.ttp: 41.0 673722.0 1014722.0 9248 11685.841195663792 415355.20507440413 90126
rat783_n7820_bounded-strongly-corr_01.ttp: 41.0 673722.0 1014722.0 9248 11687.158016964573 415287.66530988703 90242
rat783_n7820_bounded-strongly-corr_01.ttp: 4.0 673759.0 1015459.0 9252 11697.804319484232 415478.6164536538 90643
rat783_n7820_bounded-strongly-corr_01.ttp: 12.0 673751.0 1010451.0 9251 11607.063654230855 415124.7051744994 90356
rat783_n7820_bounded-strongly-corr_01.ttp: 9.0 673754.0 1014854.0 9249 11696.458016343451 414942.66834174434 90460
rat783_n7820_bounded-strongly-corr_01.ttp: 21.0 673742.0 1012542.0 9255 11644.29582360817 415306.067207137 90444
rat783_n7820_bounded-strongly-corr_01.ttp: 7.0 673756.0 1018156.0 9256 11729.673092426938 416541.0670894224 90475
rat783_n7820_bounded-strongly-corr_01.ttp: 41.0 673722.0 1014722.0 9248 11687.173943829815 415286.84842096874 90403
rat783_n7820_bounded-strongly-corr_01.ttp: 10.0 673753.0 1011153.0 9249 11623.582196756608 414979.46912835364 90301
rat783_n7820_bounded-strongly-corr_01.ttp: 120.0 673643.0 1016843.0 9254 11736.07622784008 414899.6502740823 90777
rat783_n7820_bounded-strongly-corr_01.ttp: 41.0 673722.0 1014722.0 9248 11685.785466882435 415358.0634035999 90612
rat783_n7820_bounded-strongly-corr_01.ttp: 7.0 673756.0 1012656.0 9248 11657.68579491417 414733.2955788522 90378
rat783_n7820_bounded-strongly-corr_01.ttp: 41.0 673722.0 1014722.0 9248 11685.801393747677 415357.2465146816 90775
rat783_n7820_bounded-strongly-corr_01.ttp: 10.0 673753.0 1011153.0 9249 11623.617838806736 414977.6410476025 90878
rat783_n7820_bounded-strongly-corr_01.ttp: 41.0 673722.0 1014722.0 9248 11685.785466882435 415358.0634035999 91005
rat783_n7820_bounded-strongly-corr_01.ttp: 4.0 673759.0 1015459.0 9252 11697.806833698089 415478.4874996251 90525
rat783_n7820_bounded-strongly-corr_01.ttp: 55.0 673708.0 1014608.0 9250 11687.112403695612 415176.00481445214 90491
rat783_n7820_bounded-strongly-corr_01.ttp: 39.0 673724.0 1014824.0 9252 11685.181845774227 415491.0231302399 90351
rat783_n7820_bounded-strongly-corr_01.ttp: 42.0 673721.0 1023021.0 9262 11839.208799480133 415787.980674664 90606
rat783_n7820_bounded-strongly-corr_01.ttp: 4.0 673759.0 1015459.0 9252 11696.378650402417 415551.73902086006 90546
rat783_n7820_bounded-strongly-corr_01.ttp: 34.0 673729.0 1015429.0 9250 11705.084401043154 415075.2210704966 90499
rat783_n7820_bounded-strongly-corr_01.ttp: 41.0 673722.0 1014722.0 9248 11685.801393747677 415357.2465146816 90136
rat783_n7820_bounded-strongly-corr_01.ttp: 12.0 673751.0 1010451.0 9251 11607.014235290382 415127.2398719563 90201
rat783_n7820_bounded-strongly-corr_01.ttp: 33.0 673730.0 1017330.0 9255 11743.365194220814 415012.7991884145 90530
RESULTS FOR heuristics : 28
rat783_n7820_bounded-strongly-corr_01.ttp: 29.0 673734.0 1012634.0 9258 11652.01893234033 415001.94896026445 96123
rat783_n7820_bounded-strongly-corr_01.ttp: 41.0 673722.0 1014722.0 9248 11685.798879533819 415357.37546871044 96219
rat783_n7820_bounded-strongly-corr_01.ttp: 14.0 673749.0 1014649.0 9248 11685.465332354848 415301.4831035199 97181
rat783_n7820_bounded-strongly-corr_01.ttp: 23.0 673740.0 1015240.0 9258 11702.395302040002 415024.14495836827 97130
rat783_n7820_bounded-strongly-corr_01.ttp: 10.0 673753.0 1011153.0 9251 11625.447780334625 414883.78334663704 96246
rat783_n7820_bounded-strongly-corr_01.ttp: 41.0 673722.0 1014722.0 9250 11689.406097241526 415172.3612724821 96354
rat783_n7820_bounded-strongly-corr_01.ttp: 4.0 673759.0 1015459.0 9252 11697.756228912272 415481.08301908954 95543
rat783_n7820_bounded-strongly-corr_01.ttp: 1.0 673762.0 1011962.0 9252 11630.533283950148 415431.947866197 98311
rat783_n7820_bounded-strongly-corr_01.ttp: 10.0 673753.0 1011153.0 9249 11623.597516432255 414978.6833821896 95936
rat783_n7820_bounded-strongly-corr_01.ttp: 1.0 673762.0 1022362.0 9255 11830.406438771375 415580.4537554162 96217
rat783_n7820_bounded-strongly-corr_01.ttp: 10.0 673753.0 1019153.0 9268 11784.96783435068 414701.9997761536 96335
rat783_n7820_bounded-strongly-corr_01.ttp: 55.0 673708.0 1014608.0 9250 11687.112403695612 415176.00481445214 95728
rat783_n7820_bounded-strongly-corr_01.ttp: 26.0 673737.0 1012137.0 9254 11635.879256821416 415332.75291762955 96051
rat783_n7820_bounded-strongly-corr_01.ttp: 10.0 673753.0 1011153.0 9251 11625.644170958672 414873.71047152975 96139
rat783_n7820_bounded-strongly-corr_01.ttp: 3.0 673760.0 1015060.0 9254 11693.484020841615 415301.2045710336 96469
rat783_n7820_bounded-strongly-corr_01.ttp: 41.0 673722.0 1014722.0 9248 11685.801393747677 415357.2465146816 95671
rat783_n7820_bounded-strongly-corr_01.ttp: 41.0 673722.0 1014722.0 9248 11685.801393747677 415357.2465146816 96364
rat783_n7820_bounded-strongly-corr_01.ttp: 25.0 673738.0 1014638.0 9248 11685.059228495578 415311.31217046175 109436
rat783_n7820_bounded-strongly-corr_01.ttp: 100.0 673663.0 1015363.0 9255 11695.863437182192 415482.1643069254 98199
rat783_n7820_bounded-strongly-corr_01.ttp: 14.0 673749.0 1018849.0 9254 11773.693814948596 414976.2442312866 109099
rat783_n7820_bounded-strongly-corr_01.ttp: 10.0 673753.0 1011153.0 9249 11623.582196756608 414979.46912835364 96333
rat783_n7820_bounded-strongly-corr_01.ttp: 5.0 673758.0 1016458.0 9258 11725.436497212211 415060.36205798574 110428
rat783_n7820_bounded-strongly-corr_01.ttp: 41.0 673722.0 1014722.0 9248 11687.202847308405 415285.3659615519 95948
rat783_n7820_bounded-strongly-corr_01.ttp: 48.0 673715.0 1013515.0 9266 11658.38542735593 415556.4114309143 96369
rat783_n7820_bounded-strongly-corr_01.ttp: 11.0 673752.0 1016652.0 9256 11725.80696627833 415235.3606995845 124434
rat783_n7820_bounded-strongly-corr_01.ttp: 4.0 673759.0 1015459.0 9252 11697.80678948244 415478.4897674457 96251
rat783_n7820_bounded-strongly-corr_01.ttp: 10.0 673753.0 1011153.0 9249 11623.597516432255 414978.6833821896 97217
rat783_n7820_bounded-strongly-corr_01.ttp: 48.0 673715.0 1013515.0 9264 11656.289051744961 415663.93453600095 96477
rat783_n7820_bounded-strongly-corr_01.ttp: 10.0 673753.0 1011153.0 9249 11623.564378663103 414980.38301836944 96702
rat783_n7820_bounded-strongly-corr_01.ttp: 56.0 673707.0 1022007.0 9254 11814.111621005544 416061.2149586256 110769
RESULTS FOR heuristics : 29
rat783_n7820_bounded-strongly-corr_01.ttp: 29.0 673734.0 1016934.0 9253 11746.61761587914 414449.9824815589 601860
rat783_n7820_bounded-strongly-corr_01.ttp: 28.0 673735.0 1011235.0 9249 11634.086328731346 414522.7121993693 601050
rat783_n7820_bounded-strongly-corr_01.ttp: 29.0 673734.0 1012634.0 9258 11651.984535173746 415003.7131909386 600082
rat783_n7820_bounded-strongly-corr_01.ttp: 29.0 673734.0 1015634.0 9251 11718.888025619006 414572.23316600116 601271
rat783_n7820_bounded-strongly-corr_01.ttp: 7.0 673756.0 1018556.0 9247 11774.118579149133 414661.45807544095 601552
rat783_n7820_bounded-strongly-corr_01.ttp: 13.0 673750.0 1011850.0 9250 11649.315463678975 414356.6098679054 600086
rat783_n7820_bounded-strongly-corr_01.ttp: 67.0 673696.0 1014896.0 9245 11701.080519255245 414747.58016739844 600197
rat783_n7820_bounded-strongly-corr_01.ttp: 67.0 673696.0 1014896.0 9245 11701.133599963114 414744.85765789193 600255
rat783_n7820_bounded-strongly-corr_01.ttp: 0.0 673763.0 1010663.0 9255 11618.49041468906 414750.6266305981 600081
rat783_n7820_bounded-strongly-corr_01.ttp: 34.0 673729.0 1015429.0 9250 11705.097141802316 415074.5675969592 600660
rat783_n7820_bounded-strongly-corr_01.ttp: 5.0 673758.0 1011458.0 9254 11633.739738017413 414763.4888370868 600394
rat783_n7820_bounded-strongly-corr_01.ttp: 55.0 673708.0 1009608.0 9249 11593.924998759103 414955.58681364567 600644
rat783_n7820_bounded-strongly-corr_01.ttp: 41.0 673722.0 1014722.0 9248 11687.218774173643 415284.54907263385 600491
rat783_n7820_bounded-strongly-corr_01.ttp: 37.0 673726.0 1019226.0 9256 11790.974658046762 414466.90978878154 600880
rat783_n7820_bounded-strongly-corr_01.ttp: 17.0 673746.0 1015546.0 9251 11716.447696485375 414609.3976472651 600034
rat783_n7820_bounded-strongly-corr_01.ttp: 1.0 673762.0 1022162.0 9254 11846.737006004454 414542.85896203155 600705
rat783_n7820_bounded-strongly-corr_01.ttp: 5.0 673758.0 1015358.0 9260 11707.827329029646 414863.5362940695 600396
rat783_n7820_bounded-strongly-corr_01.ttp: 6.0 673757.0 1018557.0 9258 11773.84567259255 414676.4554527281 600756
rat783_n7820_bounded-strongly-corr_01.ttp: 1.0 673762.0 1014962.0 9249 11700.423402174214 414847.28370248456 600352
rat783_n7820_bounded-strongly-corr_01.ttp: 54.0 673709.0 1016609.0 9255 11734.852065448124 414728.4375631658 599990
rat783_n7820_bounded-strongly-corr_01.ttp: 8.0 673755.0 1019055.0 9250 11790.038272775699 414343.9369893344 600643
rat783_n7820_bounded-strongly-corr_01.ttp: 30.0 673733.0 1015633.0 9253 11719.84225565471 414522.2907074699 601309
rat783_n7820_bounded-strongly-corr_01.ttp: 8.0 673755.0 1015455.0 9251 11721.550860270676 414256.65637671703 600643
rat783_n7820_bounded-strongly-corr_01.ttp: 33.0 673730.0 1012330.0 9256 11649.069841060902 414849.2078519864 600088
rat783_n7820_bounded-strongly-corr_01.ttp: 133.0 673630.0 1015130.0 9258 11700.638026897861 415004.27560040867 600079
rat783_n7820_bounded-strongly-corr_01.ttp: 7.0 673756.0 1018556.0 9247 11774.118579149133 414661.45807544095 600082
rat783_n7820_bounded-strongly-corr_01.ttp: 15.0 673748.0 1010848.0 9271 11624.336526960537 414635.77953219414 600003
rat783_n7820_bounded-strongly-corr_01.ttp: 39.0 673724.0 1012924.0 9254 11665.026604450446 414624.7854577366 600099
rat783_n7820_bounded-strongly-corr_01.ttp: 85.0 673678.0 1015278.0 9260 11712.822188418932 414527.349955993 600093
rat783_n7820_bounded-strongly-corr_01.ttp: 120.0 673643.0 1016843.0 9254 11736.053535956784 414900.8141407765 601201
RESULTS FOR heuristics : 30
rat783_n7820_bounded-strongly-corr_01.ttp: 33.0 673730.0 1014630.0 9248 11684.808590997878 415316.1673677189 599990
rat783_n7820_bounded-strongly-corr_01.ttp: 20.0 673743.0 1011843.0 9255 11649.329605196248 414348.8845494845 600230
rat783_n7820_bounded-strongly-corr_01.ttp: 36.0 673727.0 1018927.0 9250 11782.744997460492 414590.00908025145 600480
rat783_n7820_bounded-strongly-corr_01.ttp: 57.0 673706.0 1014606.0 9245 11695.017976899888 414768.5279648048 600127
rat783_n7820_bounded-strongly-corr_01.ttp: 29.0 673734.0 1015634.0 9251 11718.890539832864 414572.10421197244 601185
rat783_n7820_bounded-strongly-corr_01.ttp: 14.0 673749.0 1011249.0 9245 11632.552865309499 414615.3635382758 601002
rat783_n7820_bounded-strongly-corr_01.ttp: 41.0 673722.0 1014722.0 9248 11687.202847308405 415285.3659615519 600254
rat783_n7820_bounded-strongly-corr_01.ttp: 55.0 673708.0 1014608.0 9251 11690.791936183881 414987.2815931287 601886
rat783_n7820_bounded-strongly-corr_01.ttp: 44.0 673719.0 1014919.0 9247 11706.807180892292 414476.8596920343 600693
rat783_n7820_bounded-strongly-corr_01.ttp: 9.0 673754.0 1014854.0 9249 11697.850899604438 414871.2273592884 600141
rat783_n7820_bounded-strongly-corr_01.ttp: 7.0 673756.0 1018556.0 9247 11774.071378117367 414663.87901636027 601312
rat783_n7820_bounded-strongly-corr_01.ttp: 3.0 673760.0 1011760.0 9249 11636.618296725439 414917.8475609523 600181
rat783_n7820_bounded-strongly-corr_01.ttp: 15.0 673748.0 1010848.0 9271 11624.615520026438 414621.46997784404 600218
rat783_n7820_bounded-strongly-corr_01.ttp: 78.0 673685.0 1012685.0 9248 11663.835740385977 414446.86487560323 601654
rat783_n7820_bounded-strongly-corr_01.ttp: 41.0 673722.0 1014722.0 9248 11687.202847308405 415285.3659615519 600237
rat783_n7820_bounded-strongly-corr_01.ttp: 14.0 673749.0 1011249.0 9245 11632.480643776245 414619.06778071634 601011
rat783_n7820_bounded-strongly-corr_01.ttp: 31.0 673732.0 1012632.0 9248 11661.785541185624 414499.01959258935 600368
rat783_n7820_bounded-strongly-corr_01.ttp: 21.0 673742.0 1010842.0 9270 11621.915472051285 414753.95543848956 601354
rat783_n7820_bounded-strongly-corr_01.ttp: 14.0 673749.0 1015049.0 9255 11710.839935948456 414400.0196852037 600877
rat783_n7820_bounded-strongly-corr_01.ttp: 44.0 673719.0 1015419.0 9254 11721.91876945557 414201.7863146239 600241
rat783_n7820_bounded-strongly-corr_01.ttp: 22.0 673741.0 1011741.0 9254 11648.37989034155 414295.5954243819 600164
rat783_n7820_bounded-strongly-corr_01.ttp: 7.0 673756.0 1018556.0 9247 11774.071378117367 414663.87901636027 601359
rat783_n7820_bounded-strongly-corr_01.ttp: 41.0 673722.0 1014722.0 9248 11687.158016964573 415287.66530988703 600179
rat783_n7820_bounded-strongly-corr_01.ttp: 9.0 673754.0 1012454.0 9254 11652.338470005343 414805.559873426 600527
rat783_n7820_bounded-strongly-corr_01.ttp: 9.0 673754.0 1009954.0 9260 11598.980224109213 415042.30430543853 600666
rat783_n7820_bounded-strongly-corr_01.ttp: 0.0 673763.0 1013663.0 9251 11682.366838422433 414474.4048573134 600228
rat783_n7820_bounded-strongly-corr_01.ttp: 29.0 673734.0 1015934.0 9251 11725.1676302291 414550.1522455495 599991
rat783_n7820_bounded-strongly-corr_01.ttp: 55.0 673708.0 1009608.0 9249 11593.924998759103 414955.58681364567 600153
rat783_n7820_bounded-strongly-corr_01.ttp: 23.0 673740.0 1022040.0 9254 11814.67026016463 416065.5623561562 599993
rat783_n7820_bounded-strongly-corr_01.ttp: 59.0 673704.0 1017204.0 9250 11759.768515648911 414045.4728323673 600079
