Enter TTP instance file:
RESULTS FOR heuristics : 20
pla33810_n33809_uncorr-similar-weights_01.ttp: 628.0 3086727.0 2627705.0 66356548 9.162589537366943E7 795187.0925266114 51104
pla33810_n33809_uncorr-similar-weights_01.ttp: 780.0 3086575.0 2614732.0 66310300 8.978491573754743E7 819033.6852490513 50835
pla33810_n33809_uncorr-similar-weights_01.ttp: 635.0 3086720.0 2640953.0 66300123 9.220255408453892E7 796901.9183092215 49730
pla33810_n33809_uncorr-similar-weights_01.ttp: 593.0 3086762.0 2610287.0 66412830 9.636644752846716E7 682958.0494306567 50641
pla33810_n33809_uncorr-similar-weights_01.ttp: 675.0 3086680.0 2595501.0 66263644 9.454092498475501E7 704682.5003048999 49669
pla33810_n33809_uncorr-similar-weights_01.ttp: 560.0 3086795.0 2615735.0 66157668 9.264375346087572E7 762859.9307824855 50034
pla33810_n33809_uncorr-similar-weights_01.ttp: 575.0 3086780.0 2650946.0 66285818 9.193524885201378E7 812241.0229597243 50458
pla33810_n33809_uncorr-similar-weights_01.ttp: 604.0 3086751.0 2631274.0 66321941 9.152761168185319E7 800721.7663629362 50981
pla33810_n33809_uncorr-similar-weights_01.ttp: 512.0 3086843.0 2618372.0 66271118 8.955626119887125E7 827246.7760225749 51316
pla33810_n33809_uncorr-similar-weights_01.ttp: 522.0 3086833.0 2628567.0 66339424 9.131081451107995E7 802350.7097784008 49524
pla33810_n33809_uncorr-similar-weights_01.ttp: 863.0 3086492.0 2623576.0 66305730 9.495746081382935E7 724426.783723413 50237
pla33810_n33809_uncorr-similar-weights_01.ttp: 583.0 3086772.0 2622308.0 66334123 9.280630708606288E7 766181.8582787423 49467
pla33810_n33809_uncorr-similar-weights_01.ttp: 840.0 3086515.0 2634666.0 66350330 9.170451507460776E7 800575.6985078447 50811
pla33810_n33809_uncorr-similar-weights_01.ttp: 662.0 3086693.0 2618856.0 66280227 8.954299884531106E7 827996.0230937786 49834
pla33810_n33809_uncorr-similar-weights_01.ttp: 701.0 3086654.0 2608558.0 66295909 9.394457979508589E7 729666.4040982821 50643
pla33810_n33809_uncorr-similar-weights_01.ttp: 694.0 3086661.0 2616109.0 66302347 9.080854121541117E7 799938.1756917764 50842
pla33810_n33809_uncorr-similar-weights_01.ttp: 513.0 3086842.0 2595739.0 66341564 9.572486550192279E7 681241.6899615442 51012
pla33810_n33809_uncorr-similar-weights_01.ttp: 694.0 3086661.0 2641513.0 66312740 9.214097857982355E7 798693.4284035289 50629
pla33810_n33809_uncorr-similar-weights_01.ttp: 688.0 3086667.0 2618202.0 66338247 9.040570891514368E7 810087.8216971264 49465
pla33810_n33809_uncorr-similar-weights_01.ttp: 629.0 3086726.0 2649814.0 66225620 9.250931954062243E7 799627.6091875513 49357
pla33810_n33809_uncorr-similar-weights_01.ttp: 590.0 3086765.0 2623590.0 66283474 9.178767698319498E7 787836.4603361003 49615
pla33810_n33809_uncorr-similar-weights_01.ttp: 618.0 3086737.0 2641864.0 66296697 9.173694329068772E7 807125.1341862455 50647
pla33810_n33809_uncorr-similar-weights_01.ttp: 720.0 3086635.0 2625814.0 66275607 9.107996347580075E7 804214.7304839848 52113
pla33810_n33809_uncorr-similar-weights_01.ttp: 643.0 3086712.0 2637889.0 66289603 9.245506141173396E7 788787.7717653208 51485
pla33810_n33809_uncorr-similar-weights_01.ttp: 683.0 3086672.0 2618741.0 66271668 9.606357427087694E7 697469.514582461 50196
pla33810_n33809_uncorr-similar-weights_01.ttp: 576.0 3086779.0 2607677.0 66367100 9.15167797651219E7 777341.4046975619 50402
pla33810_n33809_uncorr-similar-weights_01.ttp: 485.0 3086870.0 2617541.0 66253132 9.099211853626847E7 797698.6292746305 50670
pla33810_n33809_uncorr-similar-weights_01.ttp: 594.0 3086761.0 2633941.0 66257007 9.126706680400437E7 808599.6639199127 49193
pla33810_n33809_uncorr-similar-weights_01.ttp: 663.0 3086692.0 2618666.0 66271315 9.362524597735567E7 746161.0804528864 50712
pla33810_n33809_uncorr-similar-weights_01.ttp: 597.0 3086758.0 2621305.0 66322454 9.604020672513485E7 700500.865497303 50377
RESULTS FOR heuristics : 21
pla33810_n33809_uncorr-similar-weights_01.ttp: 9653.0 3077702.0 2606182.0 66305202 9.367571187171885E7 732667.7625656228 599991
pla33810_n33809_uncorr-similar-weights_01.ttp: 57895.0 3029460.0 2571477.0 66244475 9.420356354279885E7 687405.729144023 599991
pla33810_n33809_uncorr-similar-weights_01.ttp: 48875.0 3038480.0 2580208.0 66280060 9.458628632669842E7 688482.2734660315 599991
pla33810_n33809_uncorr-similar-weights_01.ttp: 698.0 3086657.0 2627153.0 66314517 9.010991152188274E7 824954.769562345 94098
pla33810_n33809_uncorr-similar-weights_01.ttp: 2656.0 3084699.0 2657653.0 66231055 9.241654005152088E7 809322.1989695823 599991
pla33810_n33809_uncorr-similar-weights_01.ttp: 35833.0 3051522.0 2598294.0 66270755 9.385684846065982E7 721157.0307868037 599991
pla33810_n33809_uncorr-similar-weights_01.ttp: 10610.0 3076745.0 2637002.0 66295657 9.216923616101997E7 793617.2767796007 599990
pla33810_n33809_uncorr-similar-weights_01.ttp: 1678.0 3085677.0 2638963.0 66266702 9.2348756165703E7 791987.87668594 599991
pla33810_n33809_uncorr-similar-weights_01.ttp: 1776.0 3085579.0 2637851.0 66325300 9.235059989027016E7 790839.0021945967 599990
pla33810_n33809_uncorr-similar-weights_01.ttp: 1572.0 3085783.0 2657328.0 66241324 9.189542641334796E7 819419.4717330409 599991
pla33810_n33809_uncorr-similar-weights_01.ttp: 20873.0 3066482.0 2609650.0 66321158 9.226710302588499E7 764307.9394823003 599991
pla33810_n33809_uncorr-similar-weights_01.ttp: 14832.0 3072523.0 2603908.0 66382448 9.382808367640899E7 727346.3264718202 599991
pla33810_n33809_uncorr-similar-weights_01.ttp: 20826.0 3066529.0 2634176.0 66366529 9.202433240924244E7 793689.3518151513 599990
pla33810_n33809_uncorr-similar-weights_01.ttp: 5749.0 3081606.0 2610602.0 66335714 9.414309552837586E7 727740.0894324826 599991
pla33810_n33809_uncorr-similar-weights_01.ttp: 4826.0 3082529.0 2638811.0 66293616 9.179389188270496E7 802933.1623459009 599990
pla33810_n33809_uncorr-similar-weights_01.ttp: 793.0 3086562.0 2609844.0 66302544 9.165738086093244E7 776696.3827813512 93402
pla33810_n33809_uncorr-similar-weights_01.ttp: 14907.0 3072448.0 2605138.0 66242670 9.405586745476766E7 724020.6509046468 599991
pla33810_n33809_uncorr-similar-weights_01.ttp: 29951.0 3057404.0 2570341.0 66277542 9.501823913507749E7 669976.2172984502 599990
pla33810_n33809_uncorr-similar-weights_01.ttp: 743.0 3086612.0 2625883.0 66351515 9.009584146865998E7 823966.1706268003 95623
pla33810_n33809_uncorr-similar-weights_01.ttp: 2681.0 3084674.0 2623260.0 66284844 9.357167618785006E7 751826.4762429988 599991
pla33810_n33809_uncorr-similar-weights_01.ttp: 3649.0 3083706.0 2621335.0 66291771 9.398166213800745E7 741701.7572398509 599991
pla33810_n33809_uncorr-similar-weights_01.ttp: 29754.0 3057601.0 2597879.0 66354538 9.421424597417536E7 713594.0805164927 599991
pla33810_n33809_uncorr-similar-weights_01.ttp: 21874.0 3065481.0 2626932.0 66300221 9.230701954124144E7 780791.6091751712 599991
pla33810_n33809_uncorr-similar-weights_01.ttp: 7718.0 3079637.0 2628639.0 66285820 9.20488986479761E7 787661.0270404778 599990
pla33810_n33809_uncorr-similar-weights_01.ttp: 13868.0 3073487.0 2601904.0 66292045 9.415533187926647E7 718797.3624146706 599991
pla33810_n33809_uncorr-similar-weights_01.ttp: 6816.0 3080539.0 2608301.0 66259102 9.399780466579975E7 728344.9066840049 599991
pla33810_n33809_uncorr-similar-weights_01.ttp: 16713.0 3070642.0 2624493.0 66260882 9.174478880395082E7 789597.2239209837 599991
pla33810_n33809_uncorr-similar-weights_01.ttp: 591.0 3086764.0 2612664.0 66307144 9.379521462278284E7 736759.7075443431 599991
pla33810_n33809_uncorr-similar-weights_01.ttp: 65050.0 3022305.0 2572655.0 66274210 9.439044315358177E7 684846.1369283646 599991
pla33810_n33809_uncorr-similar-weights_01.ttp: 8755.0 3078600.0 2602221.0 66340132 9.382037736389957E7 725813.4527220086 599990
RESULTS FOR heuristics : 22
pla33810_n33809_uncorr-similar-weights_01.ttp: 20776.0 3066579.0 2583335.0 66264296 9.34604759233624E7 714125.4815327518 599803
pla33810_n33809_uncorr-similar-weights_01.ttp: 7634.0 3079721.0 2611123.0 66233294 9.292543512602909E7 752614.2974794181 599812
pla33810_n33809_uncorr-similar-weights_01.ttp: 510.0 3086845.0 2638873.0 66311358 9.053312263884635E7 828210.547223073 599790
pla33810_n33809_uncorr-similar-weights_01.ttp: 4683.0 3082672.0 2619936.0 66329354 9.17038131291797E7 785859.7374164059 599798
pla33810_n33809_uncorr-similar-weights_01.ttp: 659.0 3086696.0 2614380.0 66303072 8.950338244912408E7 824312.3510175182 599798
pla33810_n33809_uncorr-similar-weights_01.ttp: 711.0 3086644.0 2600746.0 66264482 9.299626706894812E7 740820.6586210376 599805
pla33810_n33809_uncorr-similar-weights_01.ttp: 526.0 3086829.0 2629947.0 66292974 9.12653941565614E7 804639.1168687718 599798
pla33810_n33809_uncorr-similar-weights_01.ttp: 656.0 3086699.0 2604445.0 66354428 9.064508961774065E7 791543.2076451872 599796
pla33810_n33809_uncorr-similar-weights_01.ttp: 7629.0 3079726.0 2625989.0 66235858 9.129963416310711E7 799996.3167378576 599795
pla33810_n33809_uncorr-similar-weights_01.ttp: 708.0 3086647.0 2611719.0 66237601 9.222882437699877E7 767142.5124600246 599798
pla33810_n33809_uncorr-similar-weights_01.ttp: 524.0 3086831.0 2626923.0 66292584 9.03582422250445E7 819758.15549911 599792
pla33810_n33809_uncorr-similar-weights_01.ttp: 32689.0 3054666.0 2588847.0 66369071 9.305526995302023E7 727741.6009395954 599801
pla33810_n33809_uncorr-similar-weights_01.ttp: 14742.0 3072613.0 2583430.0 66228030 9.378654883814597E7 707699.0232370805 599805
pla33810_n33809_uncorr-similar-weights_01.ttp: 577.0 3086778.0 2603462.0 66254792 9.234258282527317E7 756610.3434945366 599801
pla33810_n33809_uncorr-similar-weights_01.ttp: 601.0 3086754.0 2624049.0 66307852 9.155292595612738E7 792990.4808774525 599796
pla33810_n33809_uncorr-similar-weights_01.ttp: 6833.0 3080522.0 2597138.0 66367084 9.305227393726985E7 736092.5212546028 599800
pla33810_n33809_uncorr-similar-weights_01.ttp: 828.0 3086527.0 2611894.0 66281279 9.165884100079572E7 778717.1799840855 599808
pla33810_n33809_uncorr-similar-weights_01.ttp: 8863.0 3078492.0 2574967.0 66270339 9.374317885073172E7 700103.4229853656 599795
pla33810_n33809_uncorr-similar-weights_01.ttp: 10763.0 3076592.0 2589226.0 66259019 9.347950859420243E7 719635.8281159513 599795
pla33810_n33809_uncorr-similar-weights_01.ttp: 696.0 3086659.0 2602426.0 66410981 9.007644769926564E7 800897.046014687 599810
pla33810_n33809_uncorr-similar-weights_01.ttp: 695.0 3086660.0 2593939.0 66275553 9.320027966957758E7 729933.4066084484 599797
pla33810_n33809_uncorr-similar-weights_01.ttp: 645.0 3086710.0 2611653.0 66335780 9.081455394664697E7 795361.9210670604 599796
pla33810_n33809_uncorr-similar-weights_01.ttp: 69869.0 3017486.0 2564286.0 66282967 9.356307896422516E7 693024.4207154969 599800
pla33810_n33809_uncorr-similar-weights_01.ttp: 565.0 3086790.0 2638804.0 66213256 9.122379172789054E7 814328.1654421892 599791
pla33810_n33809_uncorr-similar-weights_01.ttp: 533.0 3086822.0 2628843.0 66215181 9.112489017943211E7 806345.1964113577 599791
pla33810_n33809_uncorr-similar-weights_01.ttp: 695.0 3086660.0 2615974.0 66289409 9.201945989833173E7 775584.8020333652 599808
pla33810_n33809_uncorr-similar-weights_01.ttp: 575.0 3086780.0 2622927.0 66248975 9.034075878138451E7 816111.8243723097 599803
pla33810_n33809_uncorr-similar-weights_01.ttp: 14043.0 3073312.0 2604890.0 66260715 9.258232414604422E7 753243.5170791154 599804
pla33810_n33809_uncorr-similar-weights_01.ttp: 29946.0 3057409.0 2560476.0 66219471 9.473728911059135E7 665730.2177881729 599808
pla33810_n33809_uncorr-similar-weights_01.ttp: 696.0 3086659.0 2604189.0 66280221 9.331073437046033E7 737974.3125907932 599811
RESULTS FOR heuristics : 23
pla33810_n33809_uncorr-similar-weights_01.ttp: 806.0 3086549.0 2604693.0 66275215 9.171332447785497E7 770426.5104429007 599832
pla33810_n33809_uncorr-similar-weights_01.ttp: 594.0 3086761.0 2617538.0 66276516 9.57058669733472E7 703420.6605330559 599844
pla33810_n33809_uncorr-similar-weights_01.ttp: 517.0 3086838.0 2628071.0 66321518 9.141857206966567E7 799699.5586066865 599840
pla33810_n33809_uncorr-similar-weights_01.ttp: 578.0 3086777.0 2620047.0 66254176 9.072300614667645E7 805586.8770664709 599867
pla33810_n33809_uncorr-similar-weights_01.ttp: 577.0 3086778.0 2645989.0 66303577 9.110000453453836E7 823988.9093092328 599825
pla33810_n33809_uncorr-similar-weights_01.ttp: 583.0 3086772.0 2620194.0 66265735 9.445354823474154E7 731123.0353051692 599888
pla33810_n33809_uncorr-similar-weights_01.ttp: 606.0 3086749.0 2612777.0 66366159 9.549534106502996E7 702870.1786994007 599872
pla33810_n33809_uncorr-similar-weights_01.ttp: 582.0 3086773.0 2618443.0 66305477 9.571120015310796E7 704218.996937841 599829
pla33810_n33809_uncorr-similar-weights_01.ttp: 668.0 3086687.0 2586695.0 66296170 9.687590211478E7 649176.9577044002 599797
pla33810_n33809_uncorr-similar-weights_01.ttp: 752.0 3086603.0 2594313.0 66217312 9.44896056212301E7 704520.887575398 599832
pla33810_n33809_uncorr-similar-weights_01.ttp: 537.0 3086818.0 2627082.0 66274065 9.182761624639906E7 790529.6750720188 599807
pla33810_n33809_uncorr-similar-weights_01.ttp: 717.0 3086638.0 2626597.0 66297154 9.396363831308988E7 747324.2337382024 599818
pla33810_n33809_uncorr-similar-weights_01.ttp: 584.0 3086771.0 2590376.0 66265840 9.281453040327941E7 734085.3919344118 599814
pla33810_n33809_uncorr-similar-weights_01.ttp: 611.0 3086744.0 2582902.0 66349844 9.55405226298451E7 672091.5474030981 599885
pla33810_n33809_uncorr-similar-weights_01.ttp: 566.0 3086789.0 2594506.0 66184584 9.404466095796794E7 713612.7808406411 599830
pla33810_n33809_uncorr-similar-weights_01.ttp: 541.0 3086814.0 2653221.0 66268907 9.233965729898714E7 806427.8540202572 599832
pla33810_n33809_uncorr-similar-weights_01.ttp: 624.0 3086731.0 2612746.0 66280647 9.548791322334053E7 702987.7355331895 599804
pla33810_n33809_uncorr-similar-weights_01.ttp: 697.0 3086658.0 2628288.0 66330287 9.134014569958346E7 801485.0860083308 599860
pla33810_n33809_uncorr-similar-weights_01.ttp: 531.0 3086824.0 2621475.0 66288623 9.028059801625682E7 815863.0396748635 599822
pla33810_n33809_uncorr-similar-weights_01.ttp: 646.0 3086709.0 2609556.0 66259751 9.00231831812886E7 809092.3363742279 599895
pla33810_n33809_uncorr-similar-weights_01.ttp: 594.0 3086761.0 2640867.0 66296088 9.082298240423E7 824407.3519154 599825
pla33810_n33809_uncorr-similar-weights_01.ttp: 596.0 3086759.0 2625078.0 66280048 9.461381241468309E7 732801.7517063383 599806
pla33810_n33809_uncorr-similar-weights_01.ttp: 875.0 3086480.0 2627831.0 66267218 9.4644023749745E7 734950.5250051001 599805
pla33810_n33809_uncorr-similar-weights_01.ttp: 598.0 3086757.0 2616367.0 66332061 9.04979969143605E7 806407.06171279 599854
pla33810_n33809_uncorr-similar-weights_01.ttp: 655.0 3086700.0 2622770.0 66241517 9.035611348798788E7 815647.7302402426 599803
pla33810_n33809_uncorr-similar-weights_01.ttp: 592.0 3086763.0 2621929.0 66265080 9.39607058247386E7 742714.8835052277 599916
pla33810_n33809_uncorr-similar-weights_01.ttp: 602.0 3086753.0 2619389.0 66296707 9.157457919347826E7 787897.4161304347 599870
pla33810_n33809_uncorr-similar-weights_01.ttp: 624.0 3086731.0 2614824.0 66307139 9.552655831870858E7 704292.8336258284 599875
pla33810_n33809_uncorr-similar-weights_01.ttp: 708.0 3086647.0 2608360.0 66282023 9.232425897844447E7 761874.8204311104 599814
pla33810_n33809_uncorr-similar-weights_01.ttp: 713.0 3086642.0 2651999.0 66244224 9.123806405257218E7 827237.7189485563 599837
RESULTS FOR heuristics : 24
pla33810_n33809_uncorr-similar-weights_01.ttp: 528.0 3086827.0 2641946.0 66251735 9.066177985115257E7 828710.4029769485 572171
pla33810_n33809_uncorr-similar-weights_01.ttp: 732.0 3086623.0 2624215.0 66252086 8.979218593142273E7 828371.2813715455 571878
pla33810_n33809_uncorr-similar-weights_01.ttp: 582.0 3086773.0 2619825.0 66342750 8.96954472702489E7 825916.0545950218 565870
pla33810_n33809_uncorr-similar-weights_01.ttp: 546.0 3086809.0 2611422.0 66322674 8.915190316188438E7 828383.9367623124 562455
pla33810_n33809_uncorr-similar-weights_01.ttp: 689.0 3086666.0 2642446.0 66284927 9.077335326254605E7 826978.9347490789 558432
pla33810_n33809_uncorr-similar-weights_01.ttp: 800.0 3086555.0 2629460.0 66300087 8.929714280661952E7 843517.1438676096 558541
pla33810_n33809_uncorr-similar-weights_01.ttp: 590.0 3086765.0 2639550.0 66259191 9.10059960632259E7 819430.078735482 566340
pla33810_n33809_uncorr-similar-weights_01.ttp: 520.0 3086835.0 2639996.0 66230785 9.081664660771382E7 823663.0678457236 548520
pla33810_n33809_uncorr-similar-weights_01.ttp: 583.0 3086772.0 2638159.0 66271104 9.093135732950753E7 819531.8534098493 566047
pla33810_n33809_uncorr-similar-weights_01.ttp: 470.0 3086885.0 2628613.0 66314643 9.045931191435467E7 819426.7617129066 547961
pla33810_n33809_uncorr-similar-weights_01.ttp: 544.0 3086811.0 2626180.0 66249873 9.013246572197348E7 823530.6855605303 563799
pla33810_n33809_uncorr-similar-weights_01.ttp: 626.0 3086729.0 2626559.0 66299466 9.001259437072036E7 826307.1125855928 547654
pla33810_n33809_uncorr-similar-weights_01.ttp: 626.0 3086729.0 2633327.0 66303318 9.026518619942538E7 828023.2760114924 570364
pla33810_n33809_uncorr-similar-weights_01.ttp: 642.0 3086713.0 2623101.0 66338837 8.990023012073381E7 825096.3975853238 567905
pla33810_n33809_uncorr-similar-weights_01.ttp: 610.0 3086745.0 2635476.0 66188244 9.090260061456394E7 817423.9877087211 566431
pla33810_n33809_uncorr-similar-weights_01.ttp: 689.0 3086666.0 2631329.0 66240030 9.050440337418456E7 821240.9325163087 548151
pla33810_n33809_uncorr-similar-weights_01.ttp: 694.0 3086661.0 2633099.0 66296812 9.036169482629143E7 825865.1034741714 572027
pla33810_n33809_uncorr-similar-weights_01.ttp: 663.0 3086692.0 2634424.0 66245505 9.161204991574018E7 802183.0016851965 571763
pla33810_n33809_uncorr-similar-weights_01.ttp: 725.0 3086630.0 2628891.0 66379300 8.943571737041777E7 840176.6525916446 565912
pla33810_n33809_uncorr-similar-weights_01.ttp: 533.0 3086822.0 2640705.0 66311988 9.097442774674295E7 821216.445065141 573557
pla33810_n33809_uncorr-similar-weights_01.ttp: 546.0 3086809.0 2635027.0 66344655 9.023251082259735E7 830376.7835480529 572392
pla33810_n33809_uncorr-similar-weights_01.ttp: 444.0 3086911.0 2634934.0 66290312 9.013879978718603E7 832158.0042562794 572700
pla33810_n33809_uncorr-similar-weights_01.ttp: 568.0 3086787.0 2640935.0 66292277 9.044694501376411E7 831996.0997247177 564380
pla33810_n33809_uncorr-similar-weights_01.ttp: 639.0 3086716.0 2625694.0 66319834 8.975939606822686E7 830506.0786354628 570532
pla33810_n33809_uncorr-similar-weights_01.ttp: 619.0 3086736.0 2642348.0 66279447 9.034452552217612E7 835457.4895564776 569225
pla33810_n33809_uncorr-similar-weights_01.ttp: 658.0 3086697.0 2615963.0 66367557 9.027594320510843E7 810444.1358978313 569424
pla33810_n33809_uncorr-similar-weights_01.ttp: 601.0 3086754.0 2632315.0 66228429 9.047793226554622E7 822756.3546890756 569862
pla33810_n33809_uncorr-similar-weights_01.ttp: 551.0 3086804.0 2625728.0 66275719 8.988448768114422E7 828038.2463771156 563918
pla33810_n33809_uncorr-similar-weights_01.ttp: 746.0 3086609.0 2638407.0 66315098 8.955044042076708E7 847398.1915846583 569577
pla33810_n33809_uncorr-similar-weights_01.ttp: 527.0 3086828.0 2628199.0 66235621 9.054345635626109E7 817329.8728747782 564000
RESULTS FOR heuristics : 25
pla33810_n33809_uncorr-similar-weights_01.ttp: 750.0 3086605.0 2617754.0 66269615 9.115856695000297E7 794582.6609999407 600011
pla33810_n33809_uncorr-similar-weights_01.ttp: 523.0 3086832.0 2603585.0 66311174 9.326552019333896E7 738274.5961332207 600012
pla33810_n33809_uncorr-similar-weights_01.ttp: 662.0 3086693.0 2615412.0 66332263 9.041997552332117E7 807012.4895335766 600014
pla33810_n33809_uncorr-similar-weights_01.ttp: 3618.0 3083737.0 2608311.0 66237434 9.355074678312828E7 737296.0643374345 600015
pla33810_n33809_uncorr-similar-weights_01.ttp: 626.0 3086729.0 2643472.0 66372160 8.964871603267342E7 850497.6793465316 600015
pla33810_n33809_uncorr-similar-weights_01.ttp: 764.0 3086591.0 2625922.0 66288726 9.051503569249755E7 815621.286150049 600014
pla33810_n33809_uncorr-similar-weights_01.ttp: 42775.0 3044580.0 2615043.0 66244101 9.209455271548475E7 773151.945690305 600014
pla33810_n33809_uncorr-similar-weights_01.ttp: 584.0 3086771.0 2630824.0 66388074 9.064594848110619E7 817905.030377876 600015
pla33810_n33809_uncorr-similar-weights_01.ttp: 7732.0 3079623.0 2623753.0 66341803 9.192395356601599E7 785273.9286796802 600016
pla33810_n33809_uncorr-similar-weights_01.ttp: 25666.0 3061689.0 2603530.0 66285753 9.416673007292698E7 720195.3985414603 600015
pla33810_n33809_uncorr-similar-weights_01.ttp: 839.0 3086516.0 2623352.0 66331580 9.249046639840776E7 773542.6720318447 600014
pla33810_n33809_uncorr-similar-weights_01.ttp: 35800.0 3051555.0 2584591.0 66288757 9.417826002895734E7 701025.7994208531 600014
pla33810_n33809_uncorr-similar-weights_01.ttp: 823.0 3086532.0 2608983.0 66308253 8.996643493639068E7 809654.3012721862 600015
pla33810_n33809_uncorr-similar-weights_01.ttp: 18541.0 3068814.0 2596935.0 66356298 9.334769212993456E7 729981.1574013087 600014
pla33810_n33809_uncorr-similar-weights_01.ttp: 45831.0 3041524.0 2591448.0 66333299 9.449179017548455E7 701612.196490309 600024
pla33810_n33809_uncorr-similar-weights_01.ttp: 618.0 3086737.0 2615426.0 66296130 9.057174735151453E7 803991.0529697093 600015
pla33810_n33809_uncorr-similar-weights_01.ttp: 639.0 3086716.0 2633094.0 66272629 9.134654036893344E7 806163.1926213312 600014
pla33810_n33809_uncorr-similar-weights_01.ttp: 575.0 3086780.0 2624689.0 66291668 8.996520139780788E7 825384.9720438423 600014
pla33810_n33809_uncorr-similar-weights_01.ttp: 826.0 3086529.0 2604023.0 66355931 9.176267247101663E7 768769.5505796673 600014
pla33810_n33809_uncorr-similar-weights_01.ttp: 2601.0 3084754.0 2609819.0 66271449 9.382646865102798E7 733289.6269794405 600015
pla33810_n33809_uncorr-similar-weights_01.ttp: 21680.0 3065675.0 2609032.0 66288681 9.193033812087624E7 770425.2375824752 600015
pla33810_n33809_uncorr-similar-weights_01.ttp: 785.0 3086570.0 2638106.0 66218876 9.114479101171117E7 815210.1797657767 600014
pla33810_n33809_uncorr-similar-weights_01.ttp: 773.0 3086582.0 2630001.0 66387889 9.16311796027802E7 797377.4079443961 600015
pla33810_n33809_uncorr-similar-weights_01.ttp: 438.0 3086917.0 2630204.0 66335595 9.108248264887543E7 808554.3470224913 600015
pla33810_n33809_uncorr-similar-weights_01.ttp: 20822.0 3066533.0 2613794.0 66329398 9.210902006554794E7 771613.5986890411 600014
pla33810_n33809_uncorr-similar-weights_01.ttp: 29770.0 3057585.0 2590487.0 66252186 9.41042506675222E7 708401.9866495559 600014
pla33810_n33809_uncorr-similar-weights_01.ttp: 16701.0 3070654.0 2600347.0 66451071 9.337394882623558E7 732868.0234752884 600015
pla33810_n33809_uncorr-similar-weights_01.ttp: 83019.0 3004336.0 2568867.0 66383319 9.415087913957609E7 685849.4172084781 600014
pla33810_n33809_uncorr-similar-weights_01.ttp: 17644.0 3069711.0 2598877.0 66289695 9.368986121115054E7 725079.7757769891 600015
pla33810_n33809_uncorr-similar-weights_01.ttp: 35795.0 3051560.0 2596131.0 66239507 9.434650552926876E7 709200.8894146248 600015
RESULTS FOR heuristics : 26
pla33810_n33809_uncorr-similar-weights_01.ttp: 687.0 3086668.0 2637660.0 66366658 9.105009613489951E7 816658.0773020098 600015
pla33810_n33809_uncorr-similar-weights_01.ttp: 422.0 3086933.0 2611788.0 66345810 9.301846901004982E7 751418.6197990035 600015
pla33810_n33809_uncorr-similar-weights_01.ttp: 5585.0 3081770.0 2631906.0 66263597 9.13876732595948E7 804152.5348081039 600015
pla33810_n33809_uncorr-similar-weights_01.ttp: 8706.0 3078649.0 2591731.0 66372132 9.333124116904819E7 725106.1766190361 600016
pla33810_n33809_uncorr-similar-weights_01.ttp: 695.0 3086660.0 2599091.0 66307703 9.30992036795736E7 737106.9264085281 600016
pla33810_n33809_uncorr-similar-weights_01.ttp: 23791.0 3063564.0 2608311.0 66370447 9.180776544187073E7 772155.6911625853 600016
pla33810_n33809_uncorr-similar-weights_01.ttp: 34907.0 3052448.0 2571064.0 66313554 9.313843647552942E7 708295.2704894117 600017
pla33810_n33809_uncorr-similar-weights_01.ttp: 25829.0 3061526.0 2607316.0 66311928 9.163801551204976E7 774555.6897590046 600016
pla33810_n33809_uncorr-similar-weights_01.ttp: 23791.0 3063564.0 2582151.0 66310528 9.3832150357787E7 705507.9928442601 600015
pla33810_n33809_uncorr-similar-weights_01.ttp: 782.0 3086573.0 2611344.0 66243735 9.255673294114101E7 760209.3411771797 600016
pla33810_n33809_uncorr-similar-weights_01.ttp: 17850.0 3069505.0 2575801.0 66187577 9.407139911322053E7 694373.0177355893 600016
pla33810_n33809_uncorr-similar-weights_01.ttp: 25799.0 3061556.0 2585123.0 66248299 9.358598872245693E7 713403.2255508613 600016
pla33810_n33809_uncorr-similar-weights_01.ttp: 5630.0 3081725.0 2592533.0 66303831 9.285288172851217E7 735475.3654297567 600017
pla33810_n33809_uncorr-similar-weights_01.ttp: 15642.0 3071713.0 2624471.0 66281560 9.160489732575685E7 792373.0534848629 600013
pla33810_n33809_uncorr-similar-weights_01.ttp: 