Enter TTP instance file:
RESULTS FOR heuristics : 20
pla33810_n338090_bounded-strongly-corr_01.ttp: 79.0 2.921128E7 4.457278E7 66295394 8.869736969866078E7 2.062449018136159E7 56184
pla33810_n338090_bounded-strongly-corr_01.ttp: 73.0 2.9211286E7 4.4594986E7 66300991 8.921476275585257E7 2.0507000055919807E7 56518
pla33810_n338090_bounded-strongly-corr_01.ttp: 7.0 2.9211352E7 4.4313752E7 66319190 8.595256261258581E7 2.110656009460183E7 54527
pla33810_n338090_bounded-strongly-corr_01.ttp: 97.0 2.9211262E7 4.4640162E7 66297968 8.822810774493092E7 2.0818572908868648E7 57353
pla33810_n338090_bounded-strongly-corr_01.ttp: 35.0 2.9211324E7 4.4615824E7 66228429 8.838740542770506E7 2.075122453451963E7 54794
pla33810_n338090_bounded-strongly-corr_01.ttp: 6.0 2.9211353E7 4.4639853E7 66271243 8.99075486035626E7 2.03648148770381E7 57269
pla33810_n338090_bounded-strongly-corr_01.ttp: 4.0 2.9211355E7 4.4565055E7 66336529 8.796114223719929E7 2.081554659595619E7 58801
pla33810_n338090_bounded-strongly-corr_01.ttp: 92.0 2.9211267E7 4.4719467E7 66354387 8.945760834784602E7 2.0565912746081576E7 58185
pla33810_n338090_bounded-strongly-corr_01.ttp: 0.0 2.9211359E7 4.4678359E7 66311437 9.125100837265505E7 2.0040586739383135E7 55653
pla33810_n338090_bounded-strongly-corr_01.ttp: 32.0 2.9211327E7 4.4552327E7 66297350 8.645770032121195E7 2.1208747913272772E7 57193
pla33810_n338090_bounded-strongly-corr_01.ttp: 49.0 2.921131E7 4.447071E7 66294251 8.945346011407112E7 2.0318275769200798E7 56595
pla33810_n338090_bounded-strongly-corr_01.ttp: 54.0 2.9211305E7 4.4573105E7 66280373 8.923122851948008E7 2.0480673299740378E7 57593
pla33810_n338090_bounded-strongly-corr_01.ttp: 79.0 2.921128E7 4.457178E7 66343014 8.932814624776618E7 2.0453180513103127E7 56260
pla33810_n338090_bounded-strongly-corr_01.ttp: 36.0 2.9211323E7 4.4758823E7 66372998 9.29254615885339E7 1.9668948371095847E7 57565
pla33810_n338090_bounded-strongly-corr_01.ttp: 3.0 2.9211356E7 4.4634056E7 66236961 8.772832442815574E7 2.094740840439795E7 54507
pla33810_n338090_bounded-strongly-corr_01.ttp: 0.0 2.9211359E7 4.4735259E7 66323571 9.181218452192317E7 1.9945969179080743E7 56053
pla33810_n338090_bounded-strongly-corr_01.ttp: 4.0 2.9211355E7 4.4475855E7 66308145 9.008619793426485E7 2.015258155774849E7 57209
pla33810_n338090_bounded-strongly-corr_01.ttp: 26.0 2.9211333E7 4.4586533E7 66271963 8.6878119748869E7 2.1129440667805366E7 57350
pla33810_n338090_bounded-strongly-corr_01.ttp: 18.0 2.9211341E7 4.4561741E7 66268463 8.781895174565363E7 2.085062402867352E7 55587
pla33810_n338090_bounded-strongly-corr_01.ttp: 20.0 2.9211339E7 4.4738239E7 66268081 9.083945201351652E7 2.021158695635054E7 57900
pla33810_n338090_bounded-strongly-corr_01.ttp: 17.0 2.9211342E7 4.4453342E7 66300933 8.635714013910876E7 2.113691416244063E7 57819
pla33810_n338090_bounded-strongly-corr_01.ttp: 59.0 2.92113E7 4.46344E7 66397636 9.463418420747939E7 1.9083170263980564E7 57684
pla33810_n338090_bounded-strongly-corr_01.ttp: 31.0 2.9211328E7 4.4744828E7 66290724 9.09465716759636E7 2.0189253647489827E7 56489
pla33810_n338090_bounded-strongly-corr_01.ttp: 38.0 2.9211321E7 4.4558021E7 66201989 8.689726799610433E7 2.109575864105183E7 56108
pla33810_n338090_bounded-strongly-corr_01.ttp: 1.0 2.9211358E7 4.4579058E7 66272100 8.821880094746815E7 2.07599817441836E7 56069
pla33810_n338090_bounded-strongly-corr_01.ttp: 18.0 2.9211341E7 4.4395941E7 66322202 8.660783064512274E7 2.101182672581686E7 56141
pla33810_n338090_bounded-strongly-corr_01.ttp: 51.0 2.9211308E7 4.4710308E7 66229418 9.08072407170069E7 2.0192353006408133E7 56205
pla33810_n338090_bounded-strongly-corr_01.ttp: 51.0 2.9211308E7 4.4727708E7 66260639 9.074273622303982E7 2.0227169219779246E7 57345
pla33810_n338090_bounded-strongly-corr_01.ttp: 12.0 2.9211347E7 4.4479047E7 66385111 8.90894085776588E7 2.0424906684032124E7 56116
pla33810_n338090_bounded-strongly-corr_01.ttp: 35.0 2.9211324E7 4.4670924E7 66340048 8.853556214925493E7 2.0766322219701167E7 56517
RESULTS FOR heuristics : 21
pla33810_n338090_bounded-strongly-corr_01.ttp: 23.0 2.9211336E7 4.4369236E7 66307048 8.62347885738274E7 2.10858430850666E7 599999
pla33810_n338090_bounded-strongly-corr_01.ttp: 12.0 2.9211347E7 4.4715147E7 66373726 8.992100746673003E7 2.043647498398289E7 599998
pla33810_n338090_bounded-strongly-corr_01.ttp: 5.0 2.9211354E7 4.4404254E7 66310701 8.788587600206223E7 2.0675067479443196E7 599995
pla33810_n338090_bounded-strongly-corr_01.ttp: 36.0 2.9211323E7 4.4677023E7 66287323 8.95243659981439E7 2.0505444180501148E7 599994
pla33810_n338090_bounded-strongly-corr_01.ttp: 29.0 2.921133E7 4.463643E7 66258641 8.96002250219224E7 2.0444369244080953E7 599995
pla33810_n338090_bounded-strongly-corr_01.ttp: 7.0 2.9211352E7 4.4449552E7 66306947 8.700155647263612E7 2.0959131752388246E7 599999
pla33810_n338090_bounded-strongly-corr_01.ttp: 0.0 2.9211359E7 4.4639259E7 66283254 8.93841778688407E7 2.050553097541301E7 599999
pla33810_n338090_bounded-strongly-corr_01.ttp: 19.0 2.921134E7 4.467114E7 66297411 8.845682064955461E7 2.0787798424620252E7 599997
pla33810_n338090_bounded-strongly-corr_01.ttp: 2.0 2.9211357E7 4.4610057E7 66242350 8.781299882375997E7 2.0900547317584805E7 599998
pla33810_n338090_bounded-strongly-corr_01.ttp: 27.0 2.9211332E7 4.4654932E7 66357344 9.254167675910164E7 1.9668679275042556E7 599995
pla33810_n338090_bounded-strongly-corr_01.ttp: 39.0 2.921132E7 4.467732E7 66274365 8.869578121892019E7 2.0729459070891548E7 599997
pla33810_n338090_bounded-strongly-corr_01.ttp: 0.0 2.9211359E7 4.4582459E7 66331775 8.703785280582151E7 2.108223874242819E7 599997
pla33810_n338090_bounded-strongly-corr_01.ttp: 4.0 2.9211355E7 4.4557855E7 66299967 9.026418456143108E7 2.0186525168413606E7 599993
pla33810_n338090_bounded-strongly-corr_01.ttp: 6.0 2.9211353E7 4.4551053E7 66289902 8.998850261853324E7 2.0254157292996023E7 599994
pla33810_n338090_bounded-strongly-corr_01.ttp: 69.0 2.921129E7 4.460449E7 66252754 8.843006421277349E7 2.0728372662551157E7 599998
pla33810_n338090_bounded-strongly-corr_01.ttp: 31.0 2.9211328E7 4.4364128E7 66354166 8.716489658070204E7 2.082960592321045E7 599998
pla33810_n338090_bounded-strongly-corr_01.ttp: 23.0 2.9211336E7 4.4577636E7 66289352 8.928664864032365E7 2.047024086711261E7 599998
pla33810_n338090_bounded-strongly-corr_01.ttp: 85.0 2.9211274E7 4.4392774E7 66357656 8.703284793514432E7 2.089390505751103E7 599995
pla33810_n338090_bounded-strongly-corr_01.ttp: 34.0 2.9211325E7 4.4590725E7 66387047 8.737866885422069E7 2.0998484409360413E7 599997
pla33810_n338090_bounded-strongly-corr_01.ttp: 50.0 2.9211309E7 4.4608109E7 66346682 8.940894647125755E7 2.0467693452760458E7 599994
pla33810_n338090_bounded-strongly-corr_01.ttp: 6.0 2.9211353E7 4.4614853E7 66372663 8.694894935562639E7 2.1138636673980873E7 599997
pla33810_n338090_bounded-strongly-corr_01.ttp: 27.0 2.9211332E7 4.4698632E7 66324053 9.009431716701692E7 2.037316636490543E7 599998
pla33810_n338090_bounded-strongly-corr_01.ttp: 72.0 2.9211287E7 4.4407287E7 66399201 8.786033247184914E7 2.068499723260073E7 599998
pla33810_n338090_bounded-strongly-corr_01.ttp: 59.0 2.92113E7 4.45761E7 66371677 8.80518280348914E7 2.080210643057932E7 599996
pla33810_n338090_bounded-strongly-corr_01.ttp: 0.0 2.9211359E7 4.4598059E7 66298704 8.924602555151585E7 2.0501632101090718E7 599995
pla33810_n338090_bounded-strongly-corr_01.ttp: 14.0 2.9211345E7 4.4623145E7 66286094 8.920097414515214E7 2.053888198080892E7 599996
pla33810_n338090_bounded-strongly-corr_01.ttp: 31.0 2.9211328E7 4.4733028E7 66255462 9.026852634016395E7 2.0360525888155732E7 599996
pla33810_n338090_bounded-strongly-corr_01.ttp: 21.0 2.9211338E7 4.4499738E7 66311191 8.832743180091467E7 2.0651331413753036E7 599995
pla33810_n338090_bounded-strongly-corr_01.ttp: 5.0 2.9211354E7 4.4759754E7 66237607 9.028907335185944E7 2.038170419499795E7 599995
pla33810_n338090_bounded-strongly-corr_01.ttp: 5.0 2.9211354E7 4.4412154E7 66265723 8.619994064163993E7 2.1138170026757218E7 600000
RESULTS FOR heuristics : 22
pla33810_n338090_bounded-strongly-corr_01.ttp: 38.0 2.9211321E7 4.4649221E7 66309671 9.044814552832447E7 2.0228221707352392E7 599795
pla33810_n338090_bounded-strongly-corr_01.ttp: 6.0 2.9211353E7 4.4375853E7 66244213 8.782377171719424E7 2.0663434636357553E7 599972
pla33810_n338090_bounded-strongly-corr_01.ttp: 64.0 2.9211295E7 4.4641695E7 66333449 9.1901425047471E7 1.982831023718283E7 599836
pla33810_n338090_bounded-strongly-corr_01.ttp: 11.0 2.9211348E7 4.4584148E7 66295136 9.104860840868919E7 2.0001023729653917E7 599845
pla33810_n338090_bounded-strongly-corr_01.ttp: 28.0 2.9211331E7 4.4622831E7 66373140 8.659805126695716E7 2.1241357157921564E7 599877
pla33810_n338090_bounded-strongly-corr_01.ttp: 33.0 2.9211326E7 4.4610926E7 66220433 8.560468775666164E7 2.1497660305701356E7 599882
pla33810_n338090_bounded-strongly-corr_01.ttp: 4.0 2.9211355E7 4.4516055E7 66357805 8.827521131964397E7 2.0681747943696126E7 599904
pla33810_n338090_bounded-strongly-corr_01.ttp: 36.0 2.9211323E7 4.4516623E7 66294044 9.181262971753983E7 1.9727212976264242E7 599840
pla33810_n338090_bounded-strongly-corr_01.ttp: 2.0 2.9211357E7 4.4581657E7 66302397 8.814499950039326E7 2.078250713489382E7 599898
pla33810_n338090_bounded-strongly-corr_01.ttp: 10.0 2.9211349E7 4.4425649E7 66394807 8.856493137707724E7 2.0513117528189145E7 599934
pla33810_n338090_bounded-strongly-corr_01.ttp: 13.0 2.9211346E7 4.4419846E7 66258250 8.83081050285501E7 2.057665764229147E7 599955
pla33810_n338090_bounded-strongly-corr_01.ttp: 2.0 2.9211357E7 4.4644157E7 66365252 9.009972406989136E7 2.031723150112933E7 599827
pla33810_n338090_bounded-strongly-corr_01.ttp: 15.0 2.9211344E7 4.4486644E7 66201475 8.803229206559995E7 2.0717925142288014E7 599877
pla33810_n338090_bounded-strongly-corr_01.ttp: 32.0 2.9211327E7 4.4634227E7 66270071 9.314858395308086E7 1.9484109332668167E7 599842
pla33810_n338090_bounded-strongly-corr_01.ttp: 51.0 2.9211308E7 4.4731008E7 66307546 9.000532041389325E7 2.042957148824882E7 599963
pla33810_n338090_bounded-strongly-corr_01.ttp: 10.0 2.9211349E7 4.4750549E7 66336243 9.182350226419441E7 1.9958203388667505E7 599831
pla33810_n338090_bounded-strongly-corr_01.ttp: 2.0 2.9211357E7 4.4749657E7 66372156 9.095549562396231E7 2.0191673181530174E7 599796
pla33810_n338090_bounded-strongly-corr_01.ttp: 40.0 2.9211319E7 4.4601419E7 66272960 8.719734818412706E7 2.105813499028569E7 599847
pla33810_n338090_bounded-strongly-corr_01.ttp: 3.0 2.9211356E7 4.4580656E7 66239688 8.817823457620732E7 2.077253266442402E7 599839
pla33810_n338090_bounded-strongly-corr_01.ttp: 77.0 2.9211282E7 4.4472982E7 66280573 8.90359886468986E7 2.043326506533738E7 599872
pla33810_n338090_bounded-strongly-corr_01.ttp: 29.0 2.921133E7 4.448983E7 66300416 8.795552207216088E7 2.074183904051656E7 599902
pla33810_n338090_bounded-strongly-corr_01.ttp: 26.0 2.9211333E7 4.4566933E7 66262650 8.699060669167869E7 2.1079469193246752E7 599862
pla33810_n338090_bounded-strongly-corr_01.ttp: 12.0 2.9211347E7 4.4508547E7 66345984 8.820765654621026E7 2.069247973252323E7 599815
pla33810_n338090_bounded-strongly-corr_01.ttp: 32.0 2.9211327E7 4.4632127E7 66324768 9.156335509061779E7 1.9910021125533193E7 599826
pla33810_n338090_bounded-strongly-corr_01.ttp: 27.0 2.9211332E7 4.4589732E7 66362182 8.9145069741268E7 2.052056316985764E7 599916
pla33810_n338090_bounded-strongly-corr_01.ttp: 42.0 2.9211317E7 4.4435317E7 66279207 8.608583303398924E7 2.1192142080822904E7 599917
pla33810_n338090_bounded-strongly-corr_01.ttp: 0.0 2.9211359E7 4.4473559E7 66321603 8.667758114298564E7 2.1070612091393877E7 599854
pla33810_n338090_bounded-strongly-corr_01.ttp: 21.0 2.9211338E7 4.4578038E7 66224507 8.850558807996471E7 2.0681529218409527E7 599959
pla33810_n338090_bounded-strongly-corr_01.ttp: 5.0 2.9211354E7 4.4591854E7 66240190 8.696065596085705E7 2.1112476890568595E7 599893
pla33810_n338090_bounded-strongly-corr_01.ttp: 43.0 2.9211316E7 4.4619216E7 66176288 8.779038842707871E7 2.091581112468875E7 599806
RESULTS FOR heuristics : 23
pla33810_n338090_bounded-strongly-corr_01.ttp: 1.0 2.9211358E7 4.4567058E7 66344529 8.923396939905335E7 2.0473886262255594E7 599891
pla33810_n338090_bounded-strongly-corr_01.ttp: 0.0 2.9211359E7 4.4772859E7 66396675 9.16128950677196E7 2.0037377331715707E7 600151
pla33810_n338090_bounded-strongly-corr_01.ttp: 62.0 2.9211297E7 4.4424297E7 66250739 8.851596400029477E7 2.0524986719920408E7 600175
pla33810_n338090_bounded-strongly-corr_01.ttp: 44.0 2.9211315E7 4.4592715E7 66227980 8.85276570855989E7 2.0690247586888295E7 599918
pla33810_n338090_bounded-strongly-corr_01.ttp: 25.0 2.9211334E7 4.4482634E7 66329435 8.86343069887936E7 2.055137111302573E7 599816
pla33810_n338090_bounded-strongly-corr_01.ttp: 132.0 2.9211227E7 4.4437027E7 66321082 8.927303887210497E7 2.0333306504531655E7 600121
pla33810_n338090_bounded-strongly-corr_01.ttp: 21.0 2.9211338E7 4.4564338E7 66313461 8.761186714271097E7 2.0909133871468037E7 599956
pla33810_n338090_bounded-strongly-corr_01.ttp: 3.0 2.9211356E7 4.4610356E7 66330927 9.0065597315428E7 2.029264472483444E7 600215
pla33810_n338090_bounded-strongly-corr_01.ttp: 46.0 2.9211313E7 4.4556613E7 66262515 8.708992398184457E7 2.1042333524901964E7 600644
pla33810_n338090_bounded-strongly-corr_01.ttp: 20.0 2.9211339E7 4.4666339E7 66262647 8.798286764021516E7 2.0910964737141907E7 600244
pla33810_n338090_bounded-strongly-corr_01.ttp: 1.0 2.9211358E7 4.4624858E7 66340745 8.566059479886116E7 2.1496497404307485E7 600044
pla33810_n338090_bounded-strongly-corr_01.ttp: 34.0 2.9211325E7 4.4558525E7 66345255 8.98479330385609E7 2.0299583079588555E7 600729
pla33810_n338090_bounded-strongly-corr_01.ttp: 39.0 2.921132E7 4.447262E7 66361767 8.787891878845246E7 2.0745311927117836E7 600049
pla33810_n338090_bounded-strongly-corr_01.ttp: 36.0 2.9211323E7 4.4475223E7 66278140 8.6188163131472E7 2.1204418954502556E7 599806
pla33810_n338090_bounded-strongly-corr_01.ttp: 48.0 2.9211311E7 4.4644211E7 66332070 8.738179863511431E7 2.1051125368519135E7 600186
pla33810_n338090_bounded-strongly-corr_01.ttp: 54.0 2.9211305E7 4.4630905E7 66355276 8.888861948668914E7 2.0630977738593932E7 599894
pla33810_n338090_bounded-strongly-corr_01.ttp: 59.0 2.92113E7 4.47417E7 66367719 9.099866770199762E7 2.017205972046064E7 600671
pla33810_n338090_bounded-strongly-corr_01.ttp: 25.0 2.9211334E7 4.4745134E7 66289714 9.021124394487551E7 2.0388098134883612E7 599903
pla33810_n338090_bounded-strongly-corr_01.ttp: 6.0 2.9211353E7 4.4572553E7 66295289 8.561179582444237E7 2.145736812740056E7 600770
pla33810_n338090_bounded-strongly-corr_01.ttp: 0.0 2.9211359E7 4.4521159E7 66320495 8.736367445393978E7 2.0932966897436257E7 599800
pla33810_n338090_bounded-strongly-corr_01.ttp: 33.0 2.9211326E7 4.4492026E7 66333391 8.774417590125778E7 2.0801098506660398E7 600200
pla33810_n338090_bounded-strongly-corr_01.ttp: 14.0 2.9211345E7 4.4648345E7 66233121 8.749848372652942E7 2.1023754393837057E7 600775
pla33810_n338090_bounded-strongly-corr_01.ttp: 13.0 2.9211346E7 4.4700346E7 66243561 9.22265021581121E7 1.979919041730973E7 599936
pla33810_n338090_bounded-strongly-corr_01.ttp: 3.0 2.9211356E7 4.4669556E7 66329802 9.024445595398688E7 2.030355289242354E7 599838
pla33810_n338090_bounded-strongly-corr_01.ttp: 105.0 2.9211254E7 4.4469354E7 66329925 8.634288499193673E7 2.1156775052177083E7 600159
pla33810_n338090_bounded-strongly-corr_01.ttp: 7.0 2.9211352E7 4.4612952E7 66252995 8.659629454442708E7 2.1231952473004688E7 600491
pla33810_n338090_bounded-strongly-corr_01.ttp: 18.0 2.9211341E7 4.4583741E7 66265195 8.829794998659104E7 2.0743294503620416E7 600058
pla33810_n338090_bounded-strongly-corr_01.ttp: 7.0 2.9211352E7 4.4554952E7 66337093 8.752062960607606E7 2.092438200635946E7 600262
pla33810_n338090_bounded-strongly-corr_01.ttp: 27.0 2.9211332E7 4.4596332E7 66332949 8.650382031154738E7 2.1240300515882205E7 599913
pla33810_n338090_bounded-strongly-corr_01.ttp: 46.0 2.9211313E7 4.4542213E7 66340274 8.664978862549001E7 2.1146770071117695E7 600846
RESULTS FOR heuristics : 24
pla33810_n338090_bounded-strongly-corr_01.ttp: 23.0 2.9211336E7 4.4513136E7 66284722 8.561646453321406E7 2.1396690576032203E7 537754
pla33810_n338090_bounded-strongly-corr_01.ttp: 28.0 2.9211331E7 4.4244731E7 66283939 8.602016596522705E7 2.1019286189388696E7 545422
pla33810_n338090_bounded-strongly-corr_01.ttp: 67.0 2.9211292E7 4.4391592E7 66269913 8.615350767927523E7 2.1130144926595688E7 550249
pla33810_n338090_bounded-strongly-corr_01.ttp: 45.0 2.9211314E7 4.4524114E7 66334755 8.566237650475687E7 2.1395272343715645E7 551837
pla33810_n338090_bounded-strongly-corr_01.ttp: 4.0 2.9211355E7 4.4596055E7 66316760 8.65317460725193E7 2.1232483560419787E7 547116
pla33810_n338090_bounded-strongly-corr_01.ttp: 56.0 2.9211303E7 4.4431303E7 66268109 8.594570282238722E7 2.122596323795545E7 545059
pla33810_n338090_bounded-strongly-corr_01.ttp: 28.0 2.9211331E7 4.4638431E7 66240466 8.67200293364265E7 2.1224023079164844E7 544898
pla33810_n338090_bounded-strongly-corr_01.ttp: 38.0 2.9211321E7 4.4631421E7 66388213 8.622489511969787E7 2.1350699317681573E7 549055
pla33810_n338090_bounded-strongly-corr_01.ttp: 57.0 2.9211302E7 4.4470902E7 66223091 8.587162202571347E7 2.128556405305736E7 551528
pla33810_n338090_bounded-strongly-corr_01.ttp: 5.0 2.9211354E7 4.4623654E7 66338033 8.639243729145572E7 2.1297695931306954E7 546558
pla33810_n338090_bounded-strongly-corr_01.ttp: 58.0 2.9211301E7 4.4668701E7 66278734 8.692376672738999E7 2.11992839836047E7 540595
pla33810_n338090_bounded-strongly-corr_01.ttp: 33.0 2.9211326E7 4.4602726E7 66241062 8.631989964499933E7 2.129635309585018E7 539827
pla33810_n338090_bounded-strongly-corr_01.ttp: 6.0 2.9211353E7 4.4552753E7 66195431 8.630255397829922E7 2.125106342585921E7 546198
pla33810_n338090_bounded-strongly-corr_01.ttp: 10.0 2.9211349E7 4.4558149E7 66359901 8.673158493247545E7 2.1140621068231627E7 551294
pla33810_n338090_bounded-strongly-corr_01.ttp: 50.0 2.9211309E7 4.4676409E7 66291836 8.680345895694987E7 2.1239475081623532E7 567781
pla33810_n338090_bounded-strongly-corr_01.ttp: 63.0 2.9211296E7 4.4625596E7 66363113 8.626833068810269E7 2.1333146714212272E7 545864
pla33810_n338090_bounded-strongly-corr_01.ttp: 46.0 2.9211313E7 4.4602713E7 66247545 8.652862376172537E7 2.123998458433415E7 549239
pla33810_n338090_bounded-strongly-corr_01.ttp: 38.0 2.9211321E7 4.4587621E7 66291644 8.698946368806286E7 2.1100465804223027E7 546518
pla33810_n338090_bounded-strongly-corr_01.ttp: 1.0 2.9211358E7 4.4601558E7 66282942 8.632956708541109E7 2.1292574886939004E7 544024
pla33810_n338090_bounded-strongly-corr_01.ttp: 2.0 2.9211357E7 4.4415057E7 66301809 8.612670371588925E7 2.11608469967099E7 541496
pla33810_n338090_bounded-strongly-corr_01.ttp: 12.0 2.9211347E7 4.4613347E7 66224799 8.691985667882265E7 2.1144985696717884E7 550807
pla33810_n338090_bounded-strongly-corr_01.ttp: 104.0 2.9211255E7 4.4538555E7 66152797 8.650849369267145E7 2.1181261702978708E7 542966
pla33810_n338090_bounded-strongly-corr_01.ttp: 6.0 2.9211353E7 4.4617653E7 66303401 8.683048177584665E7 2.1173422920521405E7 543486
pla33810_n338090_bounded-strongly-corr_01.ttp: 8.0 2.9211351E7 4.4567751E7 66280696 8.706680160538168E7 2.1059714566546943E7 549216
pla33810_n338090_bounded-strongly-corr_01.ttp: 11.0 2.9211348E7 4.4624748E7 66355181 8.698819567011672E7 2.113793516906848E7 544065
pla33810_n338090_bounded-strongly-corr_01.ttp: 30.0 2.9211329E7 4.4661529E7 66362725 8.686441728489363E7 2.120813633307872E7 543549
pla33810_n338090_bounded-strongly-corr_01.ttp: 10.0 2.9211349E7 4.4467949E7 66287995 8.620555612603469E7 2.119244884597063E7 550089
pla33810_n338090_bounded-strongly-corr_01.ttp: 80.0 2.9211279E7 4.4540279E7 66371411 8.6324366594849E7 2.1232700019390766E7 539761
pla33810_n338090_bounded-strongly-corr_01.ttp: 68.0 2.9211291E7 4.4632291E7 66233556 8.784408326552272E7 2.0914388518308863E7 549189
pla33810_n338090_bounded-strongly-corr_01.ttp: 2.0 2.9211357E7 4.4576257E7 66232839 8.694616566852666E7 2.11007922694978E7 551025
RESULTS FOR heuristics : 25
pla33810_n338090_bounded-strongly-corr_01.ttp: 32.0 2.9211327E7 4.4647227E7 66361705 8.84764518014909E7 2.0758585013597455E7 599996
pla33810_n338090_bounded-strongly-corr_01.ttp: 54.0 2.9211305E7 4.4547005E7 66272026 8.930731072016983E7 2.0434031105554145E7 599998
pla33810_n338090_bounded-strongly-corr_01.ttp: 47.0 2.9211312E7 4.4642012E7 66263236 8.714344452412155E7 2.111328197848718E7 599998
pla33810_n338090_bounded-strongly-corr_01.ttp: 115.0 2.9211244E7 4.4735744E7 66297141 8.999104892027824E7 2.0438160791524876E7 599998
pla33810_n338090_bounded-strongly-corr_01.ttp: 19.0 2.921134E7 4.446864E7 66341682 8.930785852216189E7 2.0355518199016288E7 599995
pla33810_n338090_bounded-strongly-corr_01.ttp: 60.0 2.9211299E7 4.4671899E7 66444019 9.04954438680115E7 2.023812915563689E7 599996
pla33810_n338090_bounded-strongly-corr_01.ttp: 13.0 2.9211346E7 4.4633546E7 66313497 9.157060888894111E7 1.9909481599985898E7 599997
pla33810_n338090_bounded-strongly-corr_01.ttp: 11.0 2.9211348E7 4.4548748E7 66310911 8.752392721163714E7 2.091728765285797E7 599995
pla33810_n338090_bounded-strongly-corr_01.ttp: 17.0 2.9211342E7 4.4770642E7 66298235 9.244322741894263E7 1.9810970596885487E7 599998
pla33810_n338090_bounded-strongly-corr_01.ttp: 6.0 2.9211353E7 4.4683253E7 66269734 9.071356855665027E7 2.0190589489704426E7 599995
pla33810_n338090_bounded-strongly-corr_01.ttp: 22.0 2.9211337E7 4.4518637E7 66292881 8.763666308410583E7 2.0856737967291422E7 599996
pla33810_n338090_bounded-strongly-corr_01.ttp: 4.0 2.9211355E7 4.4697455E7 66344535 9.017832438209334E7 2.0349307416834798E7 599997
pla33810_n338090_bounded-strongly-corr_01.ttp: 9.0 2.921135E7 4.459845E7 66231489 8.717377817071265E7 2.1061529893907584E7 599993
pla33810_n338090_bounded-strongly-corr_01.ttp: 17.0 2.9211342E7 4.4355042E7 66311980 8.64652259478989E7 2.1009430994067296E7 599996
pla33810_n338090_bounded-strongly-corr_01.ttp: 6.0 2.9211353E7 4.4570553E7 66298849 8.865163364071423E7 2.0634611917007156E7 599996
pla33810_n338090_bounded-strongly-corr_01.ttp: 2.0 2.9211357E7 4.4706657E7 66278358 9.276727472604553E7 1.9659492823967703E7 599994
pla33810_n338090_bounded-strongly-corr_01.ttp: 28.0 2.9211331E7 4.4559631E7 66308129 8.802603081461404E7 2.0792602680054206E7 599994
pla33810_n338090_bounded-strongly-corr_01.ttp: 58.0 2.9211301E7 4.4752501E7 66290134 9.024253224484122E7 2.0387017293892868E7 599995
pla33810_n338090_bounded-strongly-corr_01.ttp: 14.0 2.9211345E7 4.4571345E7 66354408 8.934195464417137E7 2.0449017246073727E7 599997
pla33810_n338090_bounded-strongly-corr_01.ttp: 18.0 2.9211341E7 4.4645341E7 66389622 8.977886690713061E7 2.040504693507473E7 599994
pla33810_n338090_bounded-strongly-corr_01.ttp: 82.0 2.9211277E7 4.4297277E7 66244498 8.638040309463607E7 2.097456816444826E7 599997
pla33810_n338090_bounded-strongly-corr_01.ttp: 17.0 2.9211342E7 4.4528442E7 66335917 8.870201484414119E7 2.0578897992081877E7 599995
pla33810_n338090_bounded-strongly-corr_01.ttp: 5.0 2.9211354E7 4.4549854E7 66391650 8.782687886746708E7 2.083659670578389E7 599999
pla33810_n338090_bounded-strongly-corr_01.ttp: 63.0 2.9211296E7 4.4549096E7 66229220 8.823635244566183E7 2.0725280839671306E7 599999
pla33810_n338090_bounded-strongly-corr_01.ttp: 19.0 2.921134E7 4.458114E7 66293447 8.813234670768093E7 2.078540638892615E7 599999
pla33810_n338090_bounded-strongly-corr_01.ttp: 26.0 2.9211333E7 4.4582333E7 66331179 8.74827329038354E7 2.096199511596444E7 599997
pla33810_n338090_bounded-strongly-corr_01.ttp: 58.0 2.9211301E7 4.4544601E7 66315076 8.91112046637708E7 2.0484575740781885E7 599994
pla33810_n338090_bounded-strongly-corr_01.ttp: 25.0 2.9211334E7 4.4517434E7 66370562 8.883088603675023E7 2.0533094770077437E7 599993
pla33810_n338090_bounded-strongly-corr_01.ttp: 9.0 2.921135E7 4.468135E7 66187587 8.89144821311771E7 2.0674439824582182E7 599996
pla33810_n338090_bounded-strongly-corr_01.ttp: 35.0 2.9211324E7 4.4661324E7 66281669 9.008073264230613E7 2.0339526186577342E7 599994
RESULTS FOR heuristics : 26
pla33810_n338090_bounded-strongly-corr_01.ttp: 49.0 2.921131E7 4.462101E7 66284259 8.602062699665093E7 2.1395440710904248E7 599994
pla33810_n338090_bounded-strongly-corr_01.ttp: 14.0 2.9211345E7 4.4442045E7 66314975 8.758983384371223E7 2.0792789862197697E7 599999
pla33810_n338090_bounded-strongly-corr_01.ttp: 21.0 2.9211338E7 4.4304738E7 66240693 8.658535081829871E7 2.0926693279059347E7 599995
pla33810_n338090_bounded-strongly-corr_01.ttp: 33.0 2.9211326E7 4.4591726E7 66258240 8.91879367321074E7 2.0510983082331E7 599994
pla33810_n338090_bounded-strongly-corr_01.ttp: 13.0 2.9211346E7 4.4609346E7 66272966 8.71609139154931E7 2.107589924281686E7 599996
pla33810_n338090_bounded-strongly-corr_01.ttp: 0.0 2.9211359E7 4.4580559E7 66338289 8.772188323076832E7 2.0895650527692553E7 599994
pla33810_n338090_bounded-strongly-corr_01.ttp: 41.0 2.9211318E7 4.4592118E7 66232251 8.782945039638504E7 2.087816639297604E7 599996
pla33810_n338090_bounded-strongly-corr_01.ttp: 19.0 2.921134E7 4.464424E7 66275403 8.979409321967484E7 2.039983483068779E7 599995
pla33810_n338090_bounded-strongly-corr_01.ttp: 60.0 2.9211299E7 4.4511499E7 66321922 8.894011822828145E7 2.0497667078364007E7 599996
pla33810_n338090_bounded-strongly-corr_01.ttp: 19.0 2.921134E7 4.463694E7 66213957 8.852252552743538E7 2.0735858107592445E7 599994
pla33810_n338090_bounded-strongly-corr_01.ttp: 26.0 2.9211333E7 4.4752733E7 66334066 9.098625795015982E7 2.0186443353456847E7 599998
pla33810_n338090_bounded-strongly-corr_01.ttp: 53.0 2.9211306E7 4.4617906E7 66289356 8.820629684952591E7 2.0802205850628003E7 599995
pla33810_n338090_bounded-strongly-corr_01.ttp: 94.0 2.9211265E7 4.4450665E7 66330413 8.843819976978533E7 2.057235106215796E7 599998
pla33810_n338090_bounded-strongly-corr_01.ttp: 31.0 2.9211328E7 4.4663728E7 66276431 9.002560044906592E7 2.0356815878752198E7 599995
pla33810_n338090_bounded-strongly-corr_01.ttp: 58.0 2.9211301E7 4.4586101E7 66362875 8.689835927024366E7 2.112354399703421E7 599998
pla33810_n338090_bounded-strongly-corr_01.ttp: 1.0 2.9211358E7 4.4733258E7 66350971 9.094189388931037E7 2.01789466498862E7 599998
pla33810_n338090_bounded-strongly-corr_01.ttp: 6.0 2.9211353E7 4.4756453E7 66323935 9.098542951106763E7 2.019038703201174E7 599998
pla33810_n338090_bounded-strongly-corr_01.ttp: 25.0 2.9211334E7 4.4592634E7 66385903 9.327889888991006E7 1.9407331299724285E7 599999
pla33810_n338090_bounded-strongly-corr_01.ttp: 12.0 2.9211347E7 4.4718647E7 66260426 9.071203448546728E7 2.0226397688923832E7 599997
pla33810_n338090_bounded-strongly-corr_01.ttp: 12.0 2.9211347E7 4.4568547E7 66363614 8.822807288449131E7 2.0746967321187343E7 599996
pla33810_n338090_bounded-strongly-corr_01.ttp: 14.0 2.9211345E7 4.4463545E7 66289522 8.630199716259466E7 2.116200576609944E7 599994
pla33810_n338090_bounded-strongly-corr_01.ttp: 24.0 2.9211335E7 4.4667035E7 66329882 8.964808993870884E7 2.046205071654861E7 599993
pla33810_n338090_bounded-strongly-corr_01.ttp: 1.0 2.9211358E7 4.4641858E7 66294513 8.952390335904765E7 2.0470404093057133E7 599998
pla33810_n338090_bounded-strongly-corr_01.ttp: 63.0 2.9211296E7 4.4507396E7 66315846 8.845902922188464E7 2.0623458110091146E7 599997
pla33810_n338090_bounded-strongly-corr_01.ttp: 0.0 2.9211359E7 4.4615859E7 66311398 8.800585517195329E7 2.085427810357261E7 599997
pla33810_n338090_bounded-strongly-corr_01.ttp: 112.0 2.9211247E7 4.4493947E7 66247006 8.893296849346368E7 2.0482045506764803E7 599999
pla33810_n338090_bounded-strongly-corr_01.ttp: 6.0 2.9211353E7 4.4549353E7 66249959 8.653519691738024E7 2.118484983230733E7 599999
pla33810_n338090_bounded-strongly-corr_01.ttp: 9.0 2.921135E7 4.451425E7 66444379 8.935485086070083E7 2.0388440267610773E7 599993
pla33810_n338090_bounded-strongly-corr_01.ttp: 65.0 2.9211294E7 4.4663394E7 66247163 9.028549869897258E7 2.02863093512774E7 599995
pla33810_n338090_bounded-strongly-corr_01.ttp: 16.0 2.9211343E7 4.4755543E7 66372952 9.260570751560767E7 1.9752001970785927E7 599996
RESULTS FOR heuristics : 27
pla33810_n338090_bounded-strongly-corr_01.ttp: 92.0 2.9211267E7 4.4477567E7 66249710 8.592529612885854E7 2.1277737045208193E7 599998
pla33810_n338090_bounded-strongly-corr_01.ttp: 10.0 2.9211349E7 4.4690649E7 66308966 8.738048943670359E7 2.1097916852090027E7 599996
pla33810_n338090_bounded-strongly-corr_01.ttp: 64.0 2.9211295E7 4.4592895E7 66354675 8.793107376007205E7 2.0851505084780544E7 599997
pla33810_n338090_bounded-strongly-corr_01.ttp: 79.0 2.921128E7 4.447738E7 66373380 8.656189971938457E7 2.1105667075766165E7 599994
pla33810_n338090_bounded-strongly-corr_01.ttp: 67.0 2.9211292E7 4.4664492E7 66392885 8.823461938615295E7 2.08411447657387E7 600000
pla33810_n338090_bounded-strongly-corr_01.ttp: 11.0 2.9211348E7 4.4621048E7 66366060 8.903537438878424E7 2.058149691502825E7 599996
pla33810_n338090_bounded-strongly-corr_01.ttp: 6.0 2.9211353E7 4.4486553E7 66284775 8.643511072344959E7 2.114907310466861E7 599996
pla33810_n338090_bounded-strongly-corr_01.ttp: 7.0 2.9211352E7 4.4694052E7 66387400 8.722869007485946E7 2.1142305679787945E7 599999
pla33810_n338090_bounded-strongly-corr_01.ttp: 73.0 2.9211286E7 4.3701886E7 66295068 8.579258575716756E7 2.0537887845564757E7 599999
pla33810_n338090_bounded-strongly-corr_01.ttp: 2.0 2.9211357E7 4.4588957E7 66312741 8.736308325440867E7 2.1000924521309655E7 599994
pla33810_n338090_bounded-strongly-corr_01.ttp: 10.0 2.9211349E7 4.4726049E7 66282305 8.867877671677414E7 2.0782779286470983E7 599995
pla33810_n338090_bounded-strongly-corr_01.ttp: 5.0 2.9211354E7 4.4408954E7 66337025 8.62338069079328E7 2.1125826134858143E7 599997
pla33810_n338090_bounded-strongly-corr_01.ttp: 31.0 2.9211328E7 4.4647228E7 66295984 9.003060241901179E7 2.0338965346866816E7 599993
pla33810_n338090_bounded-strongly-corr_01.ttp: 57.0 2.9211302E7 4.4497502E7 66316378 8.609820363379213E7 2.1250987018876124E7 599999
pla33810_n338090_bounded-strongly-corr_01.ttp: 5.0 2.9211354E7 4.4553954E7 66361446 8.620418093419425E7 2.127882514776755E7 600000
pla33810_n338090_bounded-strongly-corr_01.ttp: 42.0 2.9211317E7 4.4559717E7 66320571 8.749656991429238E7 2.0935643123141054E7 599993
pla33810_n338090_bounded-strongly-corr_01.ttp: 11.0 2.9211348E7 4.4505148E7 66309163 8.604350065656997E7 2.1273402822726104E7 599999
pla33810_n338090_bounded-strongly-corr_01.ttp: 37.0 2.9211322E7 4.4555422E7 66332073 8.578794644540006E7 2.1392676459741984E7 600000
pla33810_n338090_bounded-strongly-corr_01.ttp: 9.0 2.921135E7 4.445015E7 66360713 8.67378471903143E7 2.103093125861514E7 599999
pla33810_n338090_bounded-strongly-corr_01.ttp: 4.0 2.9211355E7 4.4379855E7 66321365 8.915485251640733E7 2.0308044820570022E7 599999
pla33810_n338090_bounded-strongly-corr_01.ttp: 2.0 2.9211357E7 4.4568057E7 66331067 8.759143323120531E7 2.0918370027574565E7 599998
pla33810_n338090_bounded-strongly-corr_01.ttp: 16.0 2.9211343E7 4.4467343E7 66308581 8.656039850856273E7 2.109603540268806E7 599999
pla33810_n338090_bounded-strongly-corr_01.ttp: 114.0 2.9211245E7 4.4569245E7 66314696 8.67461253062248E7 2.1147791167319305E7 599993
pla33810_n338090_bounded-strongly-corr_01.ttp: 60.0 2.9211299E7 4.2993999E7 66355387 8.197680053052017E7 2.0860262856759552E7 599994
pla33810_n338090_bounded-strongly-corr_01.ttp: 21.0 2.9211338E7 4.4540538E7 66241882 8.688778305933402E7 2.1080836573979814E7 599994
pla33810_n338090_bounded-strongly-corr_01.ttp: 7.0 2.9211352E7 4.4500952E7 66314786 8.833737258604415E7 2.0649861401768077E7 599994
pla33810_n338090_bounded-strongly-corr_01.ttp: 23.0 2.9211336E7 4.4613036E7 66293856 8.71849979802326E7 2.1073086545337196E7 599993
pla33810_n338090_bounded-strongly-corr_01.ttp: 86.0 2.9211273E7 4.4554073E7 66359294 8.668199085613295E7 2.11499354688441E7 599995
pla33810_n338090_bounded-strongly-corr_01.ttp: 25.0 2.9211334E7 4.4662034E7 66378302 8.860710045210691E7 2.0738116877931133E7 599996
pla33810_n338090_bounded-strongly-corr_01.ttp: 62.0 2.9211297E7 4.3786197E7 66280271 8.679261890406172E7 2.0352189895903334E7 599998
RESULTS FOR heuristics : 28
pla33810_n338090_bounded-strongly-corr_01.ttp: 123.0 2.9211236E7 4.4503336E7 66315815 8.765072177551718E7 2.083764112061036E7 599997
pla33810_n338090_bounded-strongly-corr_01.ttp: 79.0 2.921128E7 4.461628E7 66271952 8.719876774465391E7 2.107261270894344E7 599996
pla33810_n338090_bounded-strongly-corr_01.ttp: 15.0 2.9211344E7 4.4433144E7 66263064 8.726938026735854E7 2.0870411327813193E7 599993
pla33810_n338090_bounded-strongly-corr_01.ttp: 35.0 2.9211324E7 4.4570024E7 66411137 8.650691702585118E7 2.121315640302018E7 599996
pla33810_n338090_bounded-strongly-corr_01.ttp: 9.0 2.921135E7 4.453875E7 66359985 8.642852721199612E7 2.1203047652761046E7 599996
pla33810_n338090_bounded-strongly-corr_01.ttp: 12.0 2.9211347E7 4.4581047E7 66302426 8.609973865171605E7 2.1334117564036664E7 599997
pla33810_n338090_bounded-strongly-corr_01.ttp: 3.0 2.9211356E7 4.4530256E7 66279678 8.779823443019506E7 2.082473270384733E7 599995
pla33810_n338090_bounded-strongly-corr_01.ttp: 43.0 2.9211316E7 4.4408616E7 66290409 8.540513140780045E7 2.1349230519893877E7 599995
pla33810_n338090_bounded-strongly-corr_01.ttp: 3.0 2.9211356E7 4.4525956E7 66343198 8.87237808033864E7 2.057053518308567E7 599996
pla33810_n338090_bounded-strongly-corr_01.ttp: 17.0 2.9211342E7 4.4435442E7 66303900 8.755063487072043E7 2.0796770584905483E7 599996
pla33810_n338090_bounded-strongly-corr_01.ttp: 41.0 2.9211318E7 4.4459718E7 66261629 8.717436329640375E7 2.0922639909970988E7 599994
pla33810_n338090_bounded-strongly-corr_01.ttp: 5.0 2.9211354E7 4.4475554E7 66270606 8.597586796733236E7 2.126206964882026E7 599995
pla33810_n338090_bounded-strongly-corr_01.ttp: 16.0 2.9211343E7 4.3393743E7 66282796 8.341774774131148E7 2.08709511098459E7 599996
pla33810_n338090_bounded-strongly-corr_01.ttp: 8.0 2.9211351E7 4.4673951E7 66241228 8.79410634467823E7 2.0929863869368777E7 599994
pla33810_n338090_bounded-strongly-corr_01.ttp: 4.0 2.9211355E7 4.4568255E7 66290753 8.776413213337728E7 2.0871939323988132E7 599994
pla33810_n338090_bounded-strongly-corr_01.ttp: 23.0 2.9211336E7 4.4644636E7 66329878 8.713845554797184E7 2.1117253002047602E7 599996
pla33810_n338090_bounded-strongly-corr_01.ttp: 5.0 2.9211354E7 4.4605954E7 66297998 8.72955855086164E7 2.103614591267357E7 599993
pla33810_n338090_bounded-strongly-corr_01.ttp: 31.0 2.9211328E7 4.4566728E7 66267916 8.752076485394871E7 2.0936121489433847E7 599998
pla33810_n338090_bounded-strongly-corr_01.ttp: 6.0 2.9211353E7 4.4537453E7 66333357 8.76138033629165E7 2.0881726092012543E7 599998
pla33810_n338090_bounded-strongly-corr_01.ttp: 52.0 2.9211307E7 4.4583707E7 66343719 8.856616671798044E7 2.0670841986145277E7 600000
pla33810_n338090_bounded-strongly-corr_01.ttp: 7.0 2.9211352E7 4.4588452E7 66306997 8.936081215540285E7 2.0461032718041226E7 599993
pla33810_n338090_bounded-strongly-corr_01.ttp: 54.0 2.9211305E7 4.4508305E7 66282801 8.713711758670016E7 2.0981283251590956E7 599998
pla33810_n338090_bounded-strongly-corr_01.ttp: 32.0 2.9211327E7 4.4568827E7 66282694 8.629637085688758E7 2.1268806868640352E7 599996
pla33810_n338090_bounded-strongly-corr_01.ttp: 93.0 2.9211266E7 4.4488166E7 66311155 8.731807839709006E7 2.091228483278568E7 599998
pla33810_n338090_bounded-strongly-corr_01.ttp: 5.0 2.9211354E7 4.4298554E7 66366853 8.646996381684834E7 2.0951663769450948E7 599993
pla33810_n338090_bounded-strongly-corr_01.ttp: 71.0 2.9211288E7 4.2882288E7 66308440 8.216985781449404E7 2.0696426390086606E7 599994
pla33810_n338090_bounded-strongly-corr_01.ttp: 29.0 2.921133E7 4.446923E7 66261350 8.777156842679626E7 2.0770906524765007E7 599993
pla33810_n338090_bounded-strongly-corr_01.ttp: 37.0 2.9211322E7 4.2911622E7 66246912 8.192605467592534E7 2.0791587237500157E7 599994
pla33810_n338090_bounded-strongly-corr_01.ttp: 11.0 2.9211348E7 4.2873748E7 66309951 8.207649127519548E7 2.071309535569722E7 599997
pla33810_n338090_bounded-strongly-corr_01.ttp: 28.0 2.9211331E7 4.4611431E7 66291947 8.727834935678376E7 2.104627667366838E7 599994
RESULTS FOR heuristics : 29
pla33810_n338090_bounded-strongly-corr_01.ttp: 78.0 2.9211281E7 4.4571281E7 66255408 9.094197251894553E7 2.0016948419884704E7 599998
pla33810_n338090_bounded-strongly-corr_01.ttp: 27.0 2.9211332E7 4.4648332E7 66254648 8.9404990371465E7 2.0508984599704448E7 599994
pla33810_n338090_bounded-strongly-corr_01.ttp: 43.0 2.9211316E7 4.4708816E7 66323279 9.337155586556315E7 1.9498495916297946E7 599999
pla33810_n338090_bounded-strongly-corr_01.ttp: 1.0 2.9211358E7 4.4635458E7 66430024 8.759299376744552E7 2.098534968278971E7 599993
pla33810_n338090_bounded-strongly-corr_01.ttp: 6.0 2.9211353E7 4.4576453E7 66243256 8.716271990644707E7 2.104251862525929E7 599998
pla33810_n338090_bounded-strongly-corr_01.ttp: 2.0 2.9211357E7 4.4458057E7 66327196 8.848547296877648E7 2.056697929843035E7 599995
pla33810_n338090_bounded-strongly-corr_01.ttp: 52.0 2.9211307E7 4.4590807E7 66322346 8.73293340848429E7 2.1011886797092415E7 599998
pla33810_n338090_bounded-strongly-corr_01.ttp: 5.0 2.9211354E7 4.4404254E7 66252459 8.671313136769944E7 2.099170853072115E7 599996
pla33810_n338090_bounded-strongly-corr_01.ttp: 1.0 2.9211358E7 4.4641658E7 66247770 8.939173755775748E7 2.0505888859405477E7 599995
pla33810_n338090_bounded-strongly-corr_01.ttp: 13.0 2.9211346E7 4.4539146E7 66329244 8.762600810307565E7 2.088012381216957E7 599999
pla33810_n338090_bounded-strongly-corr_01.ttp: 13.0 2.9211346E7 4.4564146E7 66322119 8.743075911145712E7 2.0957841039906576E7 599995
pla33810_n338090_bounded-strongly-corr_01.ttp: 54.0 2.9211305E7 4.4735005E7 66251746 9.082801928295596E7 2.021143979360189E7 599995
pla33810_n338090_bounded-strongly-corr_01.ttp: 38.0 2.9211321E7 4.4682721E7 66365877 9.054677455204688E7 2.0235091870947342E7 599997
pla33810_n338090_bounded-strongly-corr_01.ttp: 27.0 2.9211332E7 4.4297532E7 66350331 8.63088483963791E7 2.0994142932977643E7 599995
pla33810_n338090_bounded-strongly-corr_01.ttp: 36.0 2.9211323E7 4.4625523E7 66205179 8.918143253933461E7 2.0546536214379653E7 599995
pla33810_n338090_bounded-strongly-corr_01.ttp: 26.0 2.9211333E7 4.4637033E7 66323566 8.821372667943086E7 2.0819326796553668E7 599998
pla33810_n338090_bounded-strongly-corr_01.ttp: 13.0 2.9211346E7 4.4648346E7 66372720 9.015785656294502E7 2.0305724728004843E7 599997
pla33810_n338090_bounded-strongly-corr_01.ttp: 8.0 2.9211351E7 4.4610951E7 66337556 8.67184106022222E7 2.1196980137400005E7 599994
pla33810_n338090_bounded-strongly-corr_01.ttp: 37.0 2.9211322E7 4.4629422E7 66389500 9.244111688987376E7 1.9670320439734083E7 599997
pla33810_n338090_bounded-strongly-corr_01.ttp: 42.0 2.9211317E7 4.4635717E7 66264657 9.040131292338093E7 2.022736251068715E7 599994
pla33810_n338090_bounded-strongly-corr_01.ttp: 5.0 2.9211354E7 4.4348554E7 66312446 8.746196643567689E7 2.0733823062367238E7 599995
pla33810_n338090_bounded-strongly-corr_01.ttp: 67.0 2.9211292E7 4.4473092E7 66375929 8.791791708810687E7 2.0735254386211142E7 599997
pla33810_n338090_bounded-strongly-corr_01.ttp: 14.0 2.9211345E7 4.4728745E7 66343725 9.264455211830842E7 1.9714715928056724E7 599994
pla33810_n338090_bounded-strongly-corr_01.ttp: 102.0 2.9211257E7 4.4541957E7 66317541 8.639091134842725E7 2.121641093592464E7 599996
pla33810_n338090_bounded-strongly-corr_01.ttp: 3.0 2.9211356E7 4.4510456E7 66351508 8.790166432949248E7 2.077700663103703E7 599995
pla33810_n338090_bounded-strongly-corr_01.ttp: 43.0 2.9211316E7 4.4550216E7 66362951 8.876628683364314E7 2.0583318554916352E7 599997
pla33810_n338090_bounded-strongly-corr_01.ttp: 54.0 2.9211305E7 4.4583805E7 66301117 8.727828679241899E7 2.101866756604687E7 599994
pla33810_n338090_bounded-strongly-corr_01.ttp: 1.0 2.9211358E7 4.4382358E7 66304208 8.605615815466902E7 2.1147195298239365E7 599996
pla33810_n338090_bounded-strongly-corr_01.ttp: 3.0 2.9211356E7 4.4402056E7 66280646 8.627704945993426E7 2.1107252645817745E7 599996
pla33810_n338090_bounded-strongly-corr_01.ttp: 19.0 2.921134E7 4.456314E7 66244188 8.876340798785111E7 2.0597019843280196E7 599999
RESULTS FOR heuristics : 30
pla33810_n338090_bounded-strongly-corr_01.ttp: 108.0 2.9211251E7 4.4484151E7 66257901 8.61964976767852E7 2.1211096627267994E7 599997
pla33810_n338090_bounded-strongly-corr_01.ttp: 19.0 2.921134E7 4.450694E7 66256860 8.752314405920458E7 2.087569110401476E7 599995
pla33810_n338090_bounded-strongly-corr_01.ttp: 46.0 2.9211313E7 4.4556613E7 66357792 8.635335626871438E7 2.1241206807447117E7 599997
pla33810_n338090_bounded-strongly-corr_01.ttp: 1.0 2.9211358E7 4.4659458E7 66331136 8.950255334782746E7 2.0493768596086584E7 599995
pla33810_n338090_bounded-strongly-corr_01.ttp: 4.0 2.9211355E7 4.4657155E7 66280007 8.741801851411287E7 2.1054290001189522E7 599995
pla33810_n338090_bounded-strongly-corr_01.ttp: 33.0 2.9211326E7 4.4437926E7 66291593 8.696027023159288E7 2.095865303746992E7 599993
pla33810_n338090_bounded-strongly-corr_01.ttp: 41.0 2.9211318E7 4.4396818E7 66394586 8.612783703788547E7 2.114230199977092E7 599995
pla33810_n338090_bounded-strongly-corr_01.ttp: 17.0 2.9211342E7 4.4673642E7 66330800 8.848944213284339E7 2.0781492624132283E7 599996
pla33810_n338090_bounded-strongly-corr_01.ttp: 7.0 2.9211352E7 4.4518552E7 66263496 8.77715081381511E7 2.0820244802699205E7 599995
pla33810_n338090_bounded-strongly-corr_01.ttp: 86.0 2.9211273E7 4.4716073E7 66275192 9.086724234416786E7 2.0181917567074675E7 599997
pla33810_n338090_bounded-strongly-corr_01.ttp: 9.0 2.921135E7 4.434175E7 66269950 8.699619771167907E7 2.085277661784665E7 599994
pla33810_n338090_bounded-strongly-corr_01.ttp: 48.0 2.9211311E7 4.4589811E7 66287654 8.84954970901248E7 2.06960267856663E7 599995
pla33810_n338090_bounded-strongly-corr_01.ttp: 25.0 2.9211334E7 4.4694734E7 66324021 9.040094543862423E7 2.0286478731571455E7 599996
pla33810_n338090_bounded-strongly-corr_01.ttp: 5.0 2.9211354E7 4.4626454E7 66257605 9.076782752923188E7 2.011914056710739E7 599996
pla33810_n338090_bounded-strongly-corr_01.ttp: 5.0 2.9211354E7 4.4522754E7 66326067 9.045656631274521E7 2.0099481095558792E7 599993
pla33810_n338090_bounded-strongly-corr_01.ttp: 26.0 2.9211333E7 4.4571433E7 66322680 8.809860743865399E7 2.078480899156342E7 599994
pla33810_n338090_bounded-strongly-corr_01.ttp: 30.0 2.9211329E7 4.4630129E7 66226486 8.720135119186331E7 2.1085764178196903E7 599997
pla33810_n338090_bounded-strongly-corr_01.ttp: 4.0 2.9211355E7 4.4453255E7 66287447 8.790909562139171E7 2.0717799182224236E7 599994
pla33810_n338090_bounded-strongly-corr_01.ttp: 12.0 2.9211347E7 4.4532647E7 66311144 8.820273111389989E7 2.0717909599247027E7 599996
pla33810_n338090_bounded-strongly-corr_01.ttp: 20.0 2.9211339E7 4.4637139E7 66363045 8.633441054773524E7 2.1326848152111482E7 599996
pla33810_n338090_bounded-strongly-corr_01.ttp: 86.0 2.9211273E7 4.4634473E7 66224161 8.85123260322343E7 2.073614497129674E7 599993
pla33810_n338090_bounded-strongly-corr_01.ttp: 11.0 2.9211348E7 4.4612348E7 66335928 8.730961582120861E7 2.1038751728273675E7 599996
pla33810_n338090_bounded-strongly-corr_01.ttp: 44.0 2.9211315E7 4.4598215E7 66361205 9.05936673820869E7 2.0137924806836534E7 599996
pla33810_n338090_bounded-strongly-corr_01.ttp: 13.0 2.9211346E7 4.4658046E7 66296148 9.300961466833822E7 1.9545450039548676E7 599998
pla33810_n338090_bounded-strongly-corr_01.ttp: 43.0 2.9211316E7 4.4578516E7 66276435 8.725368119870743E7 2.102002207634899E7 599996
pla33810_n338090_bounded-strongly-corr_01.ttp: 0.0 2.9211359E7 4.4469159E7 66257438 8.839547510712245E7 2.0602380721076936E7 599996
pla33810_n338090_bounded-strongly-corr_01.ttp: 115.0 2.9211244E7 4.4432444E7 66348590 8.685195725732878E7 2.0982415540521227E7 599996
pla33810_n338090_bounded-strongly-corr_01.ttp: 32.0 2.9211327E7 4.4401727E7 66315141 8.608244329673027E7 2.1159467309882827E7 599993
pla33810_n338090_bounded-strongly-corr_01.ttp: 5.0 2.9211354E7 4.4562054E7 66336037 8.789260780300674E7 2.083104989318818E7 599994
pla33810_n338090_bounded-strongly-corr_01.ttp: 31.0 2.9211328E7 4.4613628E7 66306444 8.944836560478885E7 2.0462569286707006E7 599996
