enter number of instance to run
Enter TTP instance file:
Enter TTP instance file:
Enter TTP instance file:
Instance :pla85900_n858990_uncorr_01.ttp
RESULTS FOR heuristics : 20
pla85900_n858990_uncorr_01.ttp: 2963991.0 3.6103411E7 1.31217271E8 142703157 2.116772276012411E8 4.4429607683491156E7 3910314
pla85900_n858990_uncorr_01.ttp: 2953297.0 3.6114105E7 1.31425296E8 142649335 2.0839864589460054E8 4.5981851183213785E7 4061621
pla85900_n858990_uncorr_01.ttp: 2970714.0 3.6096688E7 1.31359542E8 142640477 2.0871384271699893E8 4.5786866486030445E7 4019502
pla85900_n858990_uncorr_01.ttp: 2991313.0 3.6076089E7 1.31249566E8 142708079 2.07777959854747E8 4.606060245955373E7 4027773
pla85900_n858990_uncorr_01.ttp: 2979120.0 3.6088282E7 1.31446776E8 142653551 2.085411555474126E8 4.5944902225560844E7 4082568
pla85900_n858990_uncorr_01.ttp: 2570860.0 3.6496542E7 1.31978463E8 142661328 2.0824300291408035E8 4.6598831805227056E7 4144823
pla85900_n858990_uncorr_01.ttp: 2579818.0 3.6487584E7 1.32063144E8 142697683 2.0801062728181484E8 4.677878681445593E7 4158165
pla85900_n858990_uncorr_01.ttp: 2175574.0 3.6891828E7 1.32687874E8 142751680 2.0943695932195312E8 4.681872067799923E7 4140193
pla85900_n858990_uncorr_01.ttp: 2992614.0 3.6074788E7 1.3144602E8 142660002 2.0903756656120297E8 4.574061770990679E7 3916447
pla85900_n858990_uncorr_01.ttp: 2564262.0 3.650314E7 1.3192137E8 142802905 2.076269347110005E8 4.679432676848979E7 3958624
pla85900_n858990_uncorr_01.ttp: 3001961.0 3.6065441E7 1.31428598E8 142767033 2.094921137333936E8 4.553683136930862E7 3991227
pla85900_n858990_uncorr_01.ttp: 2512755.0 3.6554647E7 1.31963287E8 142732948 2.0926222232399756E8 4.616577584716101E7 3985637
pla85900_n858990_uncorr_01.ttp: 2718699.0 3.6348703E7 1.31673574E8 142645313 2.0772289998884842E8 4.650718500457215E7 3930185
pla85900_n858990_uncorr_01.ttp: 2587033.0 3.6480369E7 1.31930746E8 142719258 2.0775277654126936E8 4.675210761807957E7 3322311
pla85900_n858990_uncorr_01.ttp: 2531778.0 3.6535624E7 1.31994893E8 142655869 2.078599539163898E8 4.6772311894280195E7 3322901
pla85900_n858990_uncorr_01.ttp: 2914006.0 3.6153396E7 1.31096253E8 142710743 2.08590426859609E8 4.557417798756032E7 3406585
pla85900_n858990_uncorr_01.ttp: 2185193.0 3.6882209E7 1.32733708E8 142641463 2.091783875070553E8 4.697056912210733E7 3308014
pla85900_n858990_uncorr_01.ttp: 2214370.0 3.6853032E7 1.32717491E8 142615205 2.091225428295462E8 4.697724843988606E7 3381965
pla85900_n858990_uncorr_01.ttp: 2169747.0 3.6897655E7 1.32685289E8 142665650 2.089209200914014E8 4.702771176252544E7 3104699
pla85900_n858990_uncorr_01.ttp: 2988693.0 3.6078709E7 1.31350748E8 142682571 2.0843118563308424E8 4.589396189043547E7 2809943
pla85900_n858990_uncorr_01.ttp: 2980030.0 3.6087372E7 1.31299123E8 142706978 2.0774223597638947E8 4.6124806249680325E7 2813564
pla85900_n858990_uncorr_01.ttp: 2564891.0 3.6502511E7 1.31998482E8 142735965 2.0745427739361215E8 4.694222826861903E7 2739437
pla85900_n858990_uncorr_01.ttp: 2987512.0 3.607989E7 1.31473479E8 142720732 2.090392174417897E8 4.576739984886624E7 2782354
pla85900_n858990_uncorr_01.ttp: 3034828.0 3.6032574E7 1.3140426E8 142676964 2.0918885536727646E8 4.563682929941666E7 2789160
pla85900_n858990_uncorr_01.ttp: 2945267.0 3.6122135E7 1.31214019E8 142683728 2.0717536334326497E8 4.6272120029261366E7 2805155
pla85900_n858990_uncorr_01.ttp: 2933037.0 3.6134365E7 1.31344158E8 142662669 2.0816600252909997E8 4.599609696306902E7 2787910
pla85900_n858990_uncorr_01.ttp: 2966186.0 3.6101216E7 1.31306886E8 142662833 2.0859890133786827E8 4.578133645147401E7 2766881
pla85900_n858990_uncorr_01.ttp: 2955976.0 3.6111426E7 1.31316983E8 142683512 2.088222281987294E8 4.569986943852095E7 2723489
pla85900_n858990_uncorr_01.ttp: 3127489.0 3.5939913E7 1.31328485E8 142822991 2.105489184863666E8 4.50034284205897E7 2821587
pla85900_n858990_uncorr_01.ttp: 4504677.0 3.4562725E7 1.28643409E8 142766480 2.0746083295089847E8 4.358446749013163E7 2770061
RESULTS FOR heuristics : 24
pla85900_n858990_uncorr_01.ttp: 