enter number of instance to run
Enter TTP instance file:
Enter TTP instance file:
Enter TTP instance file:
Instance :rat783_n7820_uncorr_01.ttp
RESULTS FOR heuristics : 20
rat783_n7820_uncorr_01.ttp: 22061.0 334137.0 1187271.0 9256 13269.47077433981 391766.2270783284 7458
rat783_n7820_uncorr_01.ttp: 22064.0 334134.0 1186841.0 9275 13386.939267545753 384293.99091063207 7152
rat783_n7820_uncorr_01.ttp: 19763.0 336435.0 1190596.0 9251 13230.954275686545 397400.2911725916 7044
rat783_n7820_uncorr_01.ttp: 18384.0 337814.0 1198243.0 9275 13459.700832309778 391333.9351030288 7068
rat783_n7820_uncorr_01.ttp: 18674.0 337524.0 1192685.0 9278 13342.162488329763 392822.35882463073 6966
rat783_n7820_uncorr_01.ttp: 22944.0 333254.0 1190653.0 9260 13308.049416445228 392835.4374841085 6974
rat783_n7820_uncorr_01.ttp: 18963.0 337235.0 1193989.0 9251 13305.204119173868 396342.01305552654 6885
rat783_n7820_uncorr_01.ttp: 23303.0 332895.0 1187181.0 9259 13299.914898823872 389851.1018155088 7139
rat783_n7820_uncorr_01.ttp: 22568.0 333630.0 1182675.0 9247 13298.679945672993 385419.13725690404 6900
rat783_n7820_uncorr_01.ttp: 14112.0 342086.0 1205939.0 9259 13524.619497489495 395138.06112550467 7028
rat783_n7820_uncorr_01.ttp: 23477.0 332721.0 1186344.0 9254 13283.948268273441 389971.30131700716 6996
rat783_n7820_uncorr_01.ttp: 21133.0 335065.0 1190123.0 9253 13327.908868940423 391114.86330702156 7147
rat783_n7820_uncorr_01.ttp: 20158.0 336040.0 1189209.0 9252 13260.961420254693 394214.36285573116 7028
rat783_n7820_uncorr_01.ttp: 22826.0 333372.0 1184565.0 9263 13260.480527847307 389599.19235555397 7179
rat783_n7820_uncorr_01.ttp: 22534.0 333664.0 1188437.0 9254 13311.637907426239 390404.30744979694 7040
rat783_n7820_uncorr_01.ttp: 22424.0 333774.0 1189770.0 9252 13326.110464143196 390869.6776746154 7403
rat783_n7820_uncorr_01.ttp: 22177.0 334021.0 1183961.0 9252 13241.168292161956 390152.96088489075 7199
rat783_n7820_uncorr_01.ttp: 17868.0 338330.0 1197037.0 9268 13432.980585954228 391729.813872044 7248
rat783_n7820_uncorr_01.ttp: 20389.0 335809.0 1189221.0 9256 13317.464629032744 390838.99548948696 7056
rat783_n7820_uncorr_01.ttp: 23028.0 333170.0 1187730.0 9258 13311.913867795514 389680.76362565893 7075
rat783_n7820_uncorr_01.ttp: 20527.0 335671.0 1188526.0 9257 13270.020560784587 392988.2673809639 7320
rat783_n7820_uncorr_01.ttp: 21049.0 335149.0 1190353.0 9249 13306.125511432316 392650.7755896327 7219
rat783_n7820_uncorr_01.ttp: 20222.0 335976.0 1193479.0 9248 13305.460241248875 395816.6585371299 6736
rat783_n7820_uncorr_01.ttp: 23786.0 332412.0 1184233.0 9274 13254.691472412052 389614.24622889736 7043
rat783_n7820_uncorr_01.ttp: 20509.0 335689.0 1188949.0 9249 13343.683901160663 388995.1501254182 7291
rat783_n7820_uncorr_01.ttp: 20236.0 335962.0 1188796.0 9268 13261.630938123084 393761.22525952104 7132
rat783_n7820_uncorr_01.ttp: 22992.0 333206.0 1181713.0 9250 13288.147984858631 385088.528307725 7350
rat783_n7820_uncorr_01.ttp: 20880.0 335318.0 1190886.0 9254 13307.474701967978 393102.89161701966 7347
rat783_n7820_uncorr_01.ttp: 20587.0 335611.0 1190342.0 9270 13400.646054387558 386973.2690394658 7273
rat783_n7820_uncorr_01.ttp: 21633.0 334565.0 1187983.0 9255 13304.0260585232 390406.63779153407 6881
RESULTS FOR heuristics : 24
rat783_n7820_uncorr_01.ttp: 18756.0 337442.0 1194391.0 9254 13282.535402994214 398103.0025904969 592163
rat783_n7820_uncorr_01.ttp: 18869.0 337329.0 1194028.0 9254 13277.662008325244 398032.16260090156 589923
rat783_n7820_uncorr_01.ttp: 19156.0 337042.0 1192190.0 9255 13254.404980785077 397588.4214019346 590423
rat783_n7820_uncorr_01.ttp: 18213.0 337985.0 1196991.0 9245 13339.347347096558 397297.12654156133 592147
rat783_n7820_uncorr_01.ttp: 18213.0 337985.0 1196991.0 9245 13339.337477509072 397297.71822333103 591863
rat783_n7820_uncorr_01.ttp: 18213.0 337985.0 1196991.0 9245 13339.152931005283 397308.7817862333 590209
rat783_n7820_uncorr_01.ttp: 19580.0 336618.0 1197891.0 9256 13325.038570498802 399054.93769859674 590341
rat783_n7820_uncorr_01.ttp: 15874.0 340324.0 1186101.0 9248 13138.591393869581 398442.4459375186 590420
rat783_n7820_uncorr_01.ttp: 19248.0 336950.0 1190898.0 9248 13228.648993901825 397840.4928155856 592875
rat783_n7820_uncorr_01.ttp: 18812.0 337386.0 1193296.0 9251 13276.62325706904 397362.4357387109 590845
rat783_n7820_uncorr_01.ttp: 18026.0 338172.0 1200596.0 9248 13393.09163498892 397680.1564824142 589501
rat783_n7820_uncorr_01.ttp: 18026.0 338172.0 1200596.0 9248 13393.107852844892 397679.1842219486 591631
rat783_n7820_uncorr_01.ttp: 19669.0 336529.0 1192085.0 9256 13240.444253494916 398320.36700297974 592208
rat783_n7820_uncorr_01.ttp: 18792.0 337406.0 1193295.0 9251 13277.869108271041 397286.746959151 590721
rat783_n7820_uncorr_01.ttp: 19206.0 336992.0 1191112.0 9253 13258.680924096716 396254.0786004019 589598
rat783_n7820_uncorr_01.ttp: 19210.0 336988.0 1193516.0 9247 13278.466869148619 397471.9111945403 589340
rat783_n7820_uncorr_01.ttp: 20311.0 335887.0 1190123.0 9255 13212.338831485573 398043.2870524399 589764
rat783_n7820_uncorr_01.ttp: 18792.0 337406.0 1193295.0 9251 13277.8850326314 397285.79229374754 590991
rat783_n7820_uncorr_01.ttp: 15874.0 340324.0 1186101.0 9248 13138.563495831611 398444.11842489487 590670
rat783_n7820_uncorr_01.ttp: 18213.0 337985.0 1196991.0 9245 13339.221517870343 397304.67000367295 586287
rat783_n7820_uncorr_01.ttp: 18869.0 337329.0 1194028.0 9254 13277.71780694405 398028.8174737041 591734
rat783_n7820_uncorr_01.ttp: 19763.0 336435.0 1190596.0 9251 13230.921553950924 397402.252840642 590642
rat783_n7820_uncorr_01.ttp: 20430.0 335768.0 1191706.0 9247 13249.578311991872 397393.7801960872 591251
rat783_n7820_uncorr_01.ttp: 18812.0 337386.0 1193296.0 9251 13276.580754856976 397364.9837463243 590431
rat783_n7820_uncorr_01.ttp: 18213.0 337985.0 1196991.0 9245 13339.34612554704 397297.1997734549 589635
rat783_n7820_uncorr_01.ttp: 19050.0 337148.0 1191610.0 9248 13240.72173084852 397828.7322356312 592035
rat783_n7820_uncorr_01.ttp: 19771.0 336427.0 1191494.0 9248 13239.574305478252 397781.52038657875 590813
rat783_n7820_uncorr_01.ttp: 20078.0 336120.0 1191138.0 9251 13240.223377480956 397386.60852001666 588563
rat783_n7820_uncorr_01.ttp: 18821.0 337377.0 1193630.0 9254 13270.811777561874 398044.83393516566 592297
rat783_n7820_uncorr_01.ttp: 19050.0 337148.0 1191610.0 9248 13240.729936636753 397828.2402986266 590464
Instance :rat783_n7820_uncorr-similar-weights_01.ttp
RESULTS FOR heuristics : 20
rat783_n7820_uncorr-similar-weights_01.ttp: 1.0 714086.0 607129.0 9257 12447.857581489889 238796.8941637142 4814
rat783_n7820_uncorr-similar-weights_01.ttp: 948.0 713139.0 608305.0 9271 12695.198501780853 232654.07633230457 4935
rat783_n7820_uncorr-similar-weights_01.ttp: 965.0 713122.0 614271.0 9280 12703.271824460346 238381.18671421835 5051
rat783_n7820_uncorr-similar-weights_01.ttp: 47.0 714040.0 608579.0 9255 12522.05262040389 238051.4629622489 4629
rat783_n7820_uncorr-similar-weights_01.ttp: 900.0 713187.0 608465.0 9253 12531.22969733181 237665.91325595177 5385
rat783_n7820_uncorr-similar-weights_01.ttp: 939.0 713148.0 606797.0 9256 12595.911528421168 234083.97787401767 5272
rat783_n7820_uncorr-similar-weights_01.ttp: 989.0 713098.0 607498.0 9254 12687.029392673554 232088.80027078954 5072
rat783_n7820_uncorr-similar-weights_01.ttp: 965.0 713122.0 610891.0 9254 12710.116027157423 234798.66675641184 5256
rat783_n7820_uncorr-similar-weights_01.ttp: 973.0 713114.0 610234.0 9254 12541.623137118992 239127.37137264904 4818
rat783_n7820_uncorr-similar-weights_01.ttp: 21.0 714066.0 613300.0 9250 12595.38528643268 240602.54937445698 4771
rat783_n7820_uncorr-similar-weights_01.ttp: 3.0 714084.0 619004.0 9253 12827.397030256561 239441.32187470834 5235
rat783_n7820_uncorr-similar-weights_01.ttp: 0.0 714087.0 609387.0 9247 12680.743795140233 234163.7911018005 5181
rat783_n7820_uncorr-similar-weights_01.ttp: 959.0 713128.0 610336.0 9254 12738.881752643498 233392.48893927888 5283
rat783_n7820_uncorr-similar-weights_01.ttp: 0.0 714087.0 613868.0 9249 12607.678891068743 240806.78161327587 5052
rat783_n7820_uncorr-similar-weights_01.ttp: 13.0 714074.0 607786.0 9254 12642.345905228196 233698.98466429766 5049
rat783_n7820_uncorr-similar-weights_01.ttp: 936.0 713151.0 608854.0 9258 12662.539481977812 234169.45672827656 4976
rat783_n7820_uncorr-similar-weights_01.ttp: 995.0 713092.0 611488.0 9250 12553.499555846185 240029.94814251136 5117
rat783_n7820_uncorr-similar-weights_01.ttp: 19.0 714068.0 608293.0 9249 12700.445860059994 232486.80700082477 5124
rat783_n7820_uncorr-similar-weights_01.ttp: 974.0 713113.0 609709.0 9256 12561.132369535377 238025.0931854482 5102
rat783_n7820_uncorr-similar-weights_01.ttp: 2.0 714085.0 608669.0 9255 12732.174561584143 231923.9547227252 5006
rat783_n7820_uncorr-similar-weights_01.ttp: 980.0 713107.0 613750.0 9248 12647.881823616293 239499.17683919385 5197
rat783_n7820_uncorr-similar-weights_01.ttp: 980.0 713107.0 608972.0 9250 12723.566104918742 232481.67895545444 5309
rat783_n7820_uncorr-similar-weights_01.ttp: 3.0 714084.0 612177.0 9268 12642.529688033303 238084.5465310946 4973
rat783_n7820_uncorr-similar-weights_01.ttp: 975.0 713112.0 608700.0 9256 12519.475520484035 238248.71934887744 5067
rat783_n7820_uncorr-similar-weights_01.ttp: 0.0 714087.0 612066.0 9278 12648.840864968915 237786.79880556982 4819
rat783_n7820_uncorr-similar-weights_01.ttp: 973.0 713114.0 611589.0 9254 12655.9161779015 237100.44029589463 5191
rat783_n7820_uncorr-similar-weights_01.ttp: 929.0 713158.0 608238.0 9276 12634.321264452008 234388.43378486508 5030
rat783_n7820_uncorr-similar-weights_01.ttp: 962.0 713125.0 611871.0 9258 12721.101900187143 235453.59477346245 4873
rat783_n7820_uncorr-similar-weights_01.ttp: 970.0 713117.0 613140.0 9245 12583.612409855044 240790.9087923892 4954
rat783_n7820_uncorr-similar-weights_01.ttp: 15.0 714072.0 610720.0 9258 12703.925063191402 234810.85738016642 4728
RESULTS FOR heuristics : 24
rat783_n7820_uncorr-similar-weights_01.ttp: 957.0 713130.0 614495.0 9258 12617.337718856474 241147.97689903696 591847
rat783_n7820_uncorr-similar-weights_01.ttp: 5.0 714082.0 610733.0 9246 12497.400964381499 240934.90546395147 593308
rat783_n7820_uncorr-similar-weights_01.ttp: 22.0 714065.0 609592.0 9249 12461.292992418981 240862.34035432234 593282
rat783_n7820_uncorr-similar-weights_01.ttp: 958.0 713129.0 613443.0 9248 12575.161874203635 241343.96014231443 595447
rat783_n7820_uncorr-similar-weights_01.ttp: 9.0 714078.0 612901.0 9250 12570.341787193876 240944.58651693322 590196
rat783_n7820_uncorr-similar-weights_01.ttp: 5.0 714082.0 612753.0 9252 12556.375811555103 241209.8397360845 590990
rat783_n7820_uncorr-similar-weights_01.ttp: 34.0 714053.0 612178.0 9251 12537.819622390922 241183.91737345263 590469
rat783_n7820_uncorr-similar-weights_01.ttp: 958.0 713129.0 613443.0 9248 12575.200856038606 241342.80666981766 592477
rat783_n7820_uncorr-similar-weights_01.ttp: 978.0 713109.0 612680.0 9253 12540.151690285777 241616.91148444387 593910
rat783_n7820_uncorr-similar-weights_01.ttp: 5.0 714082.0 612753.0 9250 12554.459201053434 241266.55224082887 593162
rat783_n7820_uncorr-similar-weights_01.ttp: 22.0 714065.0 609592.0 9249 12461.32764481424 240861.3149899466 594478
rat783_n7820_uncorr-similar-weights_01.ttp: 958.0 713129.0 613443.0 9248 12575.216366274424 241342.3477219398 591905
rat783_n7820_uncorr-similar-weights_01.ttp: 9.0 714078.0 612612.0 9251 12558.72512705178 240999.32349053782 594751
rat783_n7820_uncorr-similar-weights_01.ttp: 8.0 714079.0 613627.0 9246 12597.004876289542 240881.62571059243 590775
rat783_n7820_uncorr-similar-weights_01.ttp: 22.0 714065.0 609592.0 9249 12461.308957986406 240861.86793318222 593510
rat783_n7820_uncorr-similar-weights_01.ttp: 958.0 713129.0 613443.0 9248 12575.216206278586 241342.35245621664 590863
rat783_n7820_uncorr-similar-weights_01.ttp: 22.0 714065.0 609592.0 9249 12461.274305591147 240862.89329755795 592201
rat783_n7820_uncorr-similar-weights_01.ttp: 18.0 714069.0 612720.0 9254 12559.469897178498 241085.28574248822 590969
rat783_n7820_uncorr-similar-weights_01.ttp: 958.0 713129.0 613443.0 9248 12575.238884867016 241341.68139678502 593743
rat783_n7820_uncorr-similar-weights_01.ttp: 0.0 714087.0 613868.0 9247 12605.679050163299 240865.95690566802 592491
rat783_n7820_uncorr-similar-weights_01.ttp: 958.0 713129.0 613443.0 9248 12575.217319280982 241342.3195224757 591976
rat783_n7820_uncorr-similar-weights_01.ttp: 958.0 713129.0 613443.0 9248 12575.203745274841 241342.72117731743 592425
rat783_n7820_uncorr-similar-weights_01.ttp: 958.0 713129.0 613443.0 9248 12575.1874420283 241343.2035903826 594398
rat783_n7820_uncorr-similar-weights_01.ttp: 5.0 714082.0 612753.0 9250 12554.390159584902 241268.59517788276 594552
rat783_n7820_uncorr-similar-weights_01.ttp: 9.0 714078.0 612901.0 9250 12570.348675910067 240944.3826798211 592858
rat783_n7820_uncorr-similar-weights_01.ttp: 9.0 714078.0 612612.0 9251 12558.712636153003 240999.69309623266 589901
rat783_n7820_uncorr-similar-weights_01.ttp: 992.0 713095.0 613532.0 9256 12590.329241034715 240984.15775778278 594388
rat783_n7820_uncorr-similar-weights_01.ttp: 0.0 714087.0 613868.0 9247 12605.70535681621 240865.17849180836 590563
rat783_n7820_uncorr-similar-weights_01.ttp: 958.0 713129.0 613443.0 9248 12575.203905270679 241342.71644304064 592861
rat783_n7820_uncorr-similar-weights_01.ttp: 10.0 714077.0 614248.0 9248 12613.106040523122 241026.19226092083 592668
Instance :rat783_n7820_bounded-strongly-corr_01.ttp
RESULTS FOR heuristics : 20
rat783_n7820_bounded-strongly-corr_01.ttp: 85.0 673678.0 1020678.0 9251 11829.584972756125 413938.5867473383 6375
rat783_n7820_bounded-strongly-corr_01.ttp: 4.0 673759.0 1012259.0 9271 11793.552508520106 407367.6918380038 5598
rat783_n7820_bounded-strongly-corr_01.ttp: 9.0 673754.0 1016654.0 9259 11762.315809940656 413364.8221081438 6125
rat783_n7820_bounded-strongly-corr_01.ttp: 60.0 673703.0 1018503.0 9250 11795.18808225704 413527.8032610364 5632
rat783_n7820_bounded-strongly-corr_01.ttp: 5.0 673758.0 1015258.0 9258 11772.831764760384 411429.45878543996 6178
rat783_n7820_bounded-strongly-corr_01.ttp: 85.0 673678.0 1011878.0 9281 11772.590001177352 408061.8588396136 5770
rat783_n7820_bounded-strongly-corr_01.ttp: 0.0 673763.0 1021263.0 9282 11873.09008459014 412292.2095613717 5985
rat783_n7820_bounded-strongly-corr_01.ttp: 14.0 673749.0 1013149.0 9256 11685.924917719327 413777.91097017576 5672
rat783_n7820_bounded-strongly-corr_01.ttp: 31.0 673732.0 1012432.0 9257 11725.898015406046 411010.6907898239 6177
rat783_n7820_bounded-strongly-corr_01.ttp: 12.0 673751.0 1020651.0 9254 11824.469434184048 414173.9627207002 6490
rat783_n7820_bounded-strongly-corr_01.ttp: 76.0 673687.0 1021087.0 9260 11841.68616557372 413726.91656772397 5811
rat783_n7820_bounded-strongly-corr_01.ttp: 1.0 673762.0 1015862.0 9254 11739.689030417934 413733.3496298642 6512
rat783_n7820_bounded-strongly-corr_01.ttp: 69.0 673694.0 1014994.0 9276 11779.844464478823 410805.7774168812 5972
rat783_n7820_bounded-strongly-corr_01.ttp: 84.0 673679.0 1013679.0 9255 11777.730521153695 409599.20157002704 5695
rat783_n7820_bounded-strongly-corr_01.ttp: 29.0 673734.0 1014334.0 9248 11695.23421348785 414485.4371902081 5843
rat783_n7820_bounded-strongly-corr_01.ttp: 36.0 673727.0 1019027.0 9245 11802.664773541333 413668.32376506506 5563
rat783_n7820_bounded-strongly-corr_01.ttp: 8.0 673755.0 1014655.0 9250 11696.802424072666 414726.0036693129 5845
rat783_n7820_bounded-strongly-corr_01.ttp: 3.0 673760.0 1015060.0 9252 11726.138488801029 413626.3569093952 6053
rat783_n7820_bounded-strongly-corr_01.ttp: 41.0 673722.0 1015522.0 9255 11786.730966506157 410980.5687278992 5383
rat783_n7820_bounded-strongly-corr_01.ttp: 24.0 673739.0 1013339.0 9250 11707.81222736962 412845.3108582122 6167
rat783_n7820_bounded-strongly-corr_01.ttp: 1.0 673762.0 1016162.0 9262 11812.505466096927 410298.59464388865 5990
rat783_n7820_bounded-strongly-corr_01.ttp: 10.0 673753.0 1008953.0 9268 11725.084411608272 407573.42052861175 6260
rat783_n7820_bounded-strongly-corr_01.ttp: 30.0 673733.0 1012633.0 9263 11799.786599486792 407421.94531232247 6112
rat783_n7820_bounded-strongly-corr_01.ttp: 44.0 673719.0 1015219.0 9255 11715.864010522868 414312.3349002821 6068
rat783_n7820_bounded-strongly-corr_01.ttp: 37.0 673726.0 1016526.0 9252 11756.481812800952 413536.0478214392 5826
rat783_n7820_bounded-strongly-corr_01.ttp: 63.0 673700.0 1021000.0 9260 11825.841499354572 414452.58949810406 6098
rat783_n7820_bounded-strongly-corr_01.ttp: 2.0 673761.0 1014261.0 9252 11797.44017603261 409170.2933712874 5876
rat783_n7820_bounded-strongly-corr_01.ttp: 45.0 673718.0 1016818.0 9251 11774.219392845558 412918.2873409514 5909
rat783_n7820_bounded-strongly-corr_01.ttp: 2.0 673761.0 1014261.0 9252 11797.552604997221 409164.5268896925 6032
rat783_n7820_bounded-strongly-corr_01.ttp: 40.0 673723.0 1016023.0 9257 11798.050858551398 410900.9714648988 5635
RESULTS FOR heuristics : 24
rat783_n7820_bounded-strongly-corr_01.ttp: 32.0 673731.0 1011531.0 9250 11627.33771430945 415164.8486330684 588977
rat783_n7820_bounded-strongly-corr_01.ttp: 67.0 673696.0 1014896.0 9245 11701.135265773175 414744.77221849386 593160
rat783_n7820_bounded-strongly-corr_01.ttp: 55.0 673708.0 1009608.0 9249 11593.968335941663 414953.3640495521 593505
rat783_n7820_bounded-strongly-corr_01.ttp: 67.0 673696.0 1014896.0 9245 11701.17248015863 414742.86349266395 592714
rat783_n7820_bounded-strongly-corr_01.ttp: 41.0 673722.0 1014722.0 9248 11687.205515526262 415285.22910865804 593581
rat783_n7820_bounded-strongly-corr_01.ttp: 3.0 673760.0 1011760.0 9249 11636.653056685544 414916.06472259853 592050
rat783_n7820_bounded-strongly-corr_01.ttp: 41.0 673722.0 1014722.0 9248 11687.26048581705 415282.4096824435 593864
rat783_n7820_bounded-strongly-corr_01.ttp: 55.0 673708.0 1009608.0 9249 11593.93534129843 414955.05634480354 589486
rat783_n7820_bounded-strongly-corr_01.ttp: 1.0 673762.0 1014962.0 9249 11700.4492083391 414845.9601042876 591542
rat783_n7820_bounded-strongly-corr_01.ttp: 55.0 673708.0 1009608.0 9249 11593.912069680331 414956.24994609586 591159
rat783_n7820_bounded-strongly-corr_01.ttp: 9.0 673754.0 1014854.0 9249 11696.473367800201 414941.88096552773 593464
rat783_n7820_bounded-strongly-corr_01.ttp: 41.0 673722.0 1014722.0 9248 11685.803961954187 415357.11479136976 593609
rat783_n7820_bounded-strongly-corr_01.ttp: 70.0 673693.0 1011793.0 9252 11627.707628718608 415407.8757230226 590106
rat783_n7820_bounded-strongly-corr_01.ttp: 55.0 673708.0 1009608.0 9249 11593.931417893555 414955.25757623964 592663
rat783_n7820_bounded-strongly-corr_01.ttp: 10.0 673753.0 1011153.0 9249 11623.60142204523 414978.48306330014 592121
rat783_n7820_bounded-strongly-corr_01.ttp: 17.0 673746.0 1015546.0 9251 11716.431746239261 414610.21573538834 589931
rat783_n7820_bounded-strongly-corr_01.ttp: 10.0 673753.0 1011153.0 9249 11623.618658640462 414977.59899833077 593696
rat783_n7820_bounded-strongly-corr_01.ttp: 26.0 673737.0 1016337.0 9253 11728.855933847071 414763.97915298375 594320
rat783_n7820_bounded-strongly-corr_01.ttp: 41.0 673722.0 1014722.0 9250 11688.03733358501 415242.5651604248 590446
rat783_n7820_bounded-strongly-corr_01.ttp: 9.0 673754.0 1014854.0 9249 11697.845325802351 414871.51323959744 592343
rat783_n7820_bounded-strongly-corr_01.ttp: 3.0 673760.0 1013960.0 9257 11672.241763978976 415290.71992551826 589086
rat783_n7820_bounded-strongly-corr_01.ttp: 13.0 673750.0 1014550.0 9250 11697.122192783421 414604.60273213836 592169
rat783_n7820_bounded-strongly-corr_01.ttp: 74.0 673689.0 1010689.0 9254 11605.308155478297 415452.7447055181 590054
rat783_n7820_bounded-strongly-corr_01.ttp: 55.0 673708.0 1009608.0 9249 11593.918488814781 414955.92070868984 590477
rat783_n7820_bounded-strongly-corr_01.ttp: 9.0 673754.0 1012054.0 9252 11636.02612852994 415242.21986769943 590139
rat783_n7820_bounded-strongly-corr_01.ttp: 41.0 673722.0 1014722.0 9253 11693.429011142884 414966.02601848147 591395
rat783_n7820_bounded-strongly-corr_01.ttp: 4.0 673759.0 1015459.0 9252 11697.772622408169 415480.24219668505 593606
rat783_n7820_bounded-strongly-corr_01.ttp: 4.0 673759.0 1015459.0 9252 11697.777480755987 415479.99301202537 590169
rat783_n7820_bounded-strongly-corr_01.ttp: 77.0 673686.0 1015186.0 9254 11698.016961227671 415194.7100586328 590004
rat783_n7820_bounded-strongly-corr_01.ttp: 73.0 673690.0 1014290.0 9257 11676.738983924955 415390.05751448905 593529
