Enter TTP instance file:
RESULTS FOR heuristics : 20
pla85900_n85899_bounded-strongly-corr_01.ttp: 80.0 7394731.0 1.1359131E7 142722595 1.8812190163799477E8 5715473.950860158 460863
pla85900_n85899_bounded-strongly-corr_01.ttp: 29.0 7394782.0 1.1293682E7 142720524 1.8976500916045767E8 5600731.72518627 449317
pla85900_n85899_bounded-strongly-corr_01.ttp: 41.0 7394770.0 1.134287E7 142745375 1.87626582045723E8 5714072.538628311 443540
pla85900_n85899_bounded-strongly-corr_01.ttp: 34.0 7394777.0 1.1319777E7 142734524 1.878847655936972E8 5683234.032189084 455514
pla85900_n85899_bounded-strongly-corr_01.ttp: 3.0 7394808.0 1.1372008E7 142736131 1.8849783496592438E8 5717072.951022269 446441
pla85900_n85899_bounded-strongly-corr_01.ttp: 89.0 7394722.0 1.1335422E7 142638469 1.916744845883123E8 5585187.462350631 445162
pla85900_n85899_bounded-strongly-corr_01.ttp: 36.0 7394775.0 1.1359775E7 142684164 1.922769997424799E8 5591465.007725604 445328
pla85900_n85899_bounded-strongly-corr_01.ttp: 53.0 7394758.0 1.1313258E7 142693509 1.9057288025885922E8 5596071.592234224 448877
pla85900_n85899_bounded-strongly-corr_01.ttp: 2.0 7394809.0 1.1328709E7 142725650 1.916786393999853E8 5578349.8180004405 454018
pla85900_n85899_bounded-strongly-corr_01.ttp: 15.0 7394796.0 1.1348996E7 142698892 1.9058569490477392E8 5631425.152856783 450981
pla85900_n85899_bounded-strongly-corr_01.ttp: 1.0 7394810.0 1.132141E7 142624306 1.8701055159632325E8 5711093.452110303 450978
pla85900_n85899_bounded-strongly-corr_01.ttp: 35.0 7394776.0 1.1345476E7 142678632 1.906719338714653E8 5625317.983856041 440077
pla85900_n85899_bounded-strongly-corr_01.ttp: 49.0 7394762.0 1.1314862E7 142699225 1.9020224143648085E8 5608794.756905574 452074
pla85900_n85899_bounded-strongly-corr_01.ttp: 32.0 7394779.0 1.1373179E7 142717412 1.8748684245475882E8 5748573.726357236 450233
pla85900_n85899_bounded-strongly-corr_01.ttp: 89.0 7394722.0 1.1353622E7 142782457 1.8833379362037203E8 5703608.19138884 450283
pla85900_n85899_bounded-strongly-corr_01.ttp: 1.0 7394810.0 1.134781E7 142807097 1.939915559312306E8 5528063.322063082 452559
pla85900_n85899_bounded-strongly-corr_01.ttp: 6.0 7394805.0 1.1374605E7 142644075 1.924780862034138E8 5600262.413897586 444135
pla85900_n85899_bounded-strongly-corr_01.ttp: 29.0 7394782.0 1.1363182E7 142728197 1.8811076677967054E8 5719858.996609884 450161
pla85900_n85899_bounded-strongly-corr_01.ttp: 17.0 7394794.0 1.1350594E7 142691978 1.937387208219783E8 5538432.375340651 460926
pla85900_n85899_bounded-strongly-corr_01.ttp: 75.0 7394736.0 1.1357436E7 142670283 1.9292767188155043E8 5569605.843553487 451026
pla85900_n85899_bounded-strongly-corr_01.ttp: 46.0 7394765.0 1.1329965E7 142673635 1.9224360065938544E8 5562656.980218437 453130
pla85900_n85899_bounded-strongly-corr_01.ttp: 4.0 7394807.0 1.1353107E7 142647221 1.9602890936045688E8 5472239.719186294 453155
pla85900_n85899_bounded-strongly-corr_01.ttp: 28.0 7394783.0 1.1327883E7 142740294 1.8835393217989683E8 5677265.034603096 454386
pla85900_n85899_bounded-strongly-corr_01.ttp: 15.0 7394796.0 1.1337396E7 142699724 1.9366159685881388E8 5527548.094235584 454133
pla85900_n85899_bounded-strongly-corr_01.ttp: 19.0 7394792.0 1.1293292E7 142663939 1.8578075765078723E8 5719869.270476383 444019
pla85900_n85899_bounded-strongly-corr_01.ttp: 57.0 7394754.0 1.1339954E7 142574311 1.8776050584741253E8 5707138.824577624 446390
pla85900_n85899_bounded-strongly-corr_01.ttp: 63.0 7394748.0 1.1372248E7 142656951 1.926323714972461E8 5593276.855082618 449757
pla85900_n85899_bounded-strongly-corr_01.ttp: 71.0 7394740.0 1.132044E7 142637898 1.86407487044055E8 5728215.38867835 447631
pla85900_n85899_bounded-strongly-corr_01.ttp: 33.0 7394778.0 1.1337478E7 142661411 1.8666175928820902E8 5737625.221353729 443906
pla85900_n85899_bounded-strongly-corr_01.ttp: 46.0 7394765.0 1.1326265E7 142663851 1.9207847508684477E8 5563910.747394657 458525
RESULTS FOR heuristics : 21
pla85900_n85899_bounded-strongly-corr_01.ttp: 0.0 7394811.0 1.1336111E7 142706286 1.9224821564460993E8 5568664.530661702 600004
pla85900_n85899_bounded-strongly-corr_01.ttp: 15.0 7394796.0 1.1349196E7 142682889 1.924540712555815E8 5575573.862332555 599994
pla85900_n85899_bounded-strongly-corr_01.ttp: 52.0 7394759.0 1.1341959E7 142722807 1.9016680223738974E8 5636954.932878308 599995
pla85900_n85899_bounded-strongly-corr_01.ttp: 1.0 7394810.0 1.136261E7 142761927 1.8975566426987624E8 5669940.071903713 599996
pla85900_n85899_bounded-strongly-corr_01.ttp: 126.0 7394685.0 1.1360685E7 142777985 1.8811153548752475E8 5717338.935374258 600012
pla85900_n85899_bounded-strongly-corr_01.ttp: 47.0 7394764.0 1.1318564E7 142646925 1.8712707842594624E8 5704751.647221613 599995
pla85900_n85899_bounded-strongly-corr_01.ttp: 0.0 7394811.0 1.1336111E7 142726520 1.8744730607702562E8 5712691.817689232 600008
pla85900_n85899_bounded-strongly-corr_01.ttp: 91.0 7394720.0 1.134272E7 142686951 1.9191840402119812E8 5585167.8793640565 599994
pla85900_n85899_bounded-strongly-corr_01.ttp: 36.0 7394775.0 1.1354575E7 142728101 1.8842044823169312E8 5701961.553049207 599999
pla85900_n85899_bounded-strongly-corr_01.ttp: 16.0 7394795.0 1.1341795E7 142803835 1.89322963653658E8 5662106.09039026 600013
pla85900_n85899_bounded-strongly-corr_01.ttp: 63.0 7394748.0 1.1376348E7 142687715 2.0219904619896373E8 5310376.614031089 600016
pla85900_n85899_bounded-strongly-corr_01.ttp: 27.0 7394784.0 1.1375284E7 142725466 1.883685412127108E8 5724227.763618676 599993
pla85900_n85899_bounded-strongly-corr_01.ttp: 65.0 7394746.0 1.1366746E7 142719469 1.9131370192130202E8 5627334.942360939 600015
pla85900_n85899_bounded-strongly-corr_01.ttp: 4.0 7394807.0 1.1351407E7 142675699 1.8796929543210733E8 5712328.13703678 600016
pla85900_n85899_bounded-strongly-corr_01.ttp: 18.0 7394793.0 1.1347793E7 142672748 1.865917855604823E8 5750039.433185532 600016
pla85900_n85899_bounded-strongly-corr_01.ttp: 8.0 7394803.0 1.1350503E7 142629542 1.9173107693428093E8 5598570.691971572 600017
pla85900_n85899_bounded-strongly-corr_01.ttp: 17.0 7394794.0 1.1350194E7 142693518 1.8695612716632703E8 5741510.185010189 599994
pla85900_n85899_bounded-strongly-corr_01.ttp: 1.0 7394810.0 1.134641E7 142658875 1.870356968492157E8 5735339.0945235295 600009
pla85900_n85899_bounded-strongly-corr_01.ttp: 77.0 7394734.0 1.1358534E7 142761759 1.9357428363287348E8 5551305.491013796 600002
pla85900_n85899_bounded-strongly-corr_01.ttp: 66.0 7394745.0 1.1340445E7 142800751 1.899484096649193E8 5641992.710052421 599997
pla85900_n85899_bounded-strongly-corr_01.ttp: 32.0 7394779.0 1.1309879E7 142690660 1.922732329114683E8 5541682.012655951 600017
pla85900_n85899_bounded-strongly-corr_01.ttp: 5.0 7394806.0 1.1311606E7 142770292 1.897556544049516E8 5618936.367851452 600000
pla85900_n85899_bounded-strongly-corr_01.ttp: 7.0 7394804.0 1.1338504E7 142681195 1.864700302292909E8 5744403.093121273 600015
pla85900_n85899_bounded-strongly-corr_01.ttp: 1.0 7394810.0 1.137181E7 142639327 1.8721601109658843E8 5755329.667102347 599992
pla85900_n85899_bounded-strongly-corr_01.ttp: 24.0 7394787.0 1.1329487E7 142716717 1.9128806850071618E8 5590844.944978515 599997
pla85900_n85899_bounded-strongly-corr_01.ttp: 2.0 7394809.0 1.1329709E7 142636925 1.8733610319019362E8 5709625.904294192 600014
pla85900_n85899_bounded-strongly-corr_01.ttp: 11.0 7394800.0 1.13348E7 142693236 1.8806206438676846E8 5692938.068396946 600015
pla85900_n85899_bounded-strongly-corr_01.ttp: 19.0 7394792.0 1.1352692E7 142660420 1.9227030680688623E8 5584582.795793413 599998
pla85900_n85899_bounded-strongly-corr_01.ttp: 5.0 7394806.0 1.1336806E7 142640573 1.91242963624247E8 5599517.09127259 600013
pla85900_n85899_bounded-strongly-corr_01.ttp: 70.0 7394741.0 1.1342541E7 142641753 1.9063538224614882E8 5623479.532615536 600000
RESULTS FOR heuristics : 22
pla85900_n85899_bounded-strongly-corr_01.ttp: 26.0 7394785.0 1.1328985E7 142758362 1.9069953983059543E8 5607998.805082137 599877
pla85900_n85899_bounded-strongly-corr_01.ttp: 14.0 7394797.0 1.1335497E7 142738003 1.8873881306150168E8 5673332.60815495 599908
pla85900_n85899_bounded-strongly-corr_01.ttp: 33.0 7394778.0 1.1362778E7 142649608 1.874735750968846E8 5738570.747093462 599823
pla85900_n85899_bounded-strongly-corr_01.ttp: 13.0 7394798.0 1.1376598E7 142665420 1.961583907363342E8 5491846.277909974 599835
pla85900_n85899_bounded-strongly-corr_01.ttp: 18.0 7394793.0 1.1328593E7 142660061 2.0028653310234338E8 5319997.006929698 599875
pla85900_n85899_bounded-strongly-corr_01.ttp: 38.0 7394773.0 1.1353373E7 142713419 1.8817335792840317E8 5708172.262147905 599847
pla85900_n85899_bounded-strongly-corr_01.ttp: 19.0 7394792.0 1.1369792E7 142674574 1.9660798395312095E8 5471552.481406372 599843
pla85900_n85899_bounded-strongly-corr_01.ttp: 69.0 7394742.0 1.1365142E7 142604067 1.9243159185902426E8 5592194.244229273 599889
pla85900_n85899_bounded-strongly-corr_01.ttp: 22.0 7394789.0 1.1310489E7 142651000 1.9002665798091787E8 5609689.260572464 599892
pla85900_n85899_bounded-strongly-corr_01.ttp: 12.0 7394799.0 1.1321099E7 142688796 1.8798618135059634E8 5681513.55948211 599876
pla85900_n85899_bounded-strongly-corr_01.ttp: 26.0 7394785.0 1.1376185E7 142622765 1.9241996790232712E8 5603585.962930187 599866
pla85900_n85899_bounded-strongly-corr_01.ttp: 42.0 7394769.0 1.1338869E7 142620785 1.8721581803374362E8 5722394.458987691 599933
pla85900_n85899_bounded-strongly-corr_01.ttp: 26.0 7394785.0 1.1339285E7 142672178 1.9224474972302797E8 5571942.508309161 599805
pla85900_n85899_bounded-strongly-corr_01.ttp: 93.0 7394718.0 1.1327618E7 142658996 1.9203033123920545E8 5566708.062823837 599920
pla85900_n85899_bounded-strongly-corr_01.ttp: 24.0 7394787.0 1.1370887E7 142701114 1.8948850407487267E8 5686231.87775382 599867
pla85900_n85899_bounded-strongly-corr_01.ttp: 0.0 7394811.0 1.1360711E7 142712425 1.8840109121163058E8 5708678.263651082 599837
pla85900_n85899_bounded-strongly-corr_01.ttp: 3.0 7394808.0 1.1401808E7 142682570 1.934060302402612E8 5599627.0927921645 599880
pla85900_n85899_bounded-strongly-corr_01.ttp: 3.0 7394808.0 1.1328408E7 142752893 1.9070428164514056E8 5607279.550645784 599817
pla85900_n85899_bounded-strongly-corr_01.ttp: 11.0 7394800.0 1.13122E7 142608399 1.9023649366253668E8 5605105.1901239 599926
pla85900_n85899_bounded-strongly-corr_01.ttp: 16.0 7394795.0 1.1349595E7 142639155 1.9227445833614495E8 5581361.249915652 599821
pla85900_n85899_bounded-strongly-corr_01.ttp: 29.0 7394782.0 1.1343382E7 142738759 1.9279775363954437E8 5559449.390813669 599953
pla85900_n85899_bounded-strongly-corr_01.ttp: 17.0 7394794.0 1.1300394E7 142688660 1.8772291147565928E8 5668706.655730221 599831
pla85900_n85899_bounded-strongly-corr_01.ttp: 3.0 7394808.0 1.1319208E7 142659762 1.871590214136926E8 5704437.3575892225 599883
pla85900_n85899_bounded-strongly-corr_01.ttp: 16.0 7394795.0 1.1339895E7 142673442 1.8993135886111486E8 5641954.234166554 599848
pla85900_n85899_bounded-strongly-corr_01.ttp: 55.0 7394756.0 1.1370256E7 142788156 1.9890193293838426E8 5403198.011848472 599898
pla85900_n85899_bounded-strongly-corr_01.ttp: 27.0 7394784.0 1.1354384E7 142645234 1.917158335414201E8 5602908.993757397 599860
pla85900_n85899_bounded-strongly-corr_01.ttp: 30.0 7394781.0 1.1342681E7 142691815 1.9402550984713385E8 5521915.704585985 599860
pla85900_n85899_bounded-strongly-corr_01.ttp: 25.0 7394786.0 1.1334686E7 142663876 1.8830890728755224E8 5685418.781373433 599920
pla85900_n85899_bounded-strongly-corr_01.ttp: 45.0 7394766.0 1.1341166E7 142643111 1.9690889063923636E8 5433899.280822909 599903
pla85900_n85899_bounded-strongly-corr_01.ttp: 26.0 7394785.0 1.1363585E7 142683695 1.922579463221108E8 5595846.610336676 599835
RESULTS FOR heuristics : 23
pla85900_n85899_bounded-strongly-corr_01.ttp: 71.0 7394740.0 1.134254E7 142766447 1.8781969051497746E8 5707949.284550676 600348
pla85900_n85899_bounded-strongly-corr_01.ttp: 24.0 7394787.0 1.1352487E7 142792835 1.9328187784164906E8 5554030.6647505285 600157
pla85900_n85899_bounded-strongly-corr_01.ttp: 24.0 7394787.0 1.1357287E7 142652109 1.9099201234973562E8 5627526.629507932 600334
pla85900_n85899_bounded-strongly-corr_01.ttp: 16.0 7394795.0 1.1329295E7 142616119 1.877062450264635E8 5698107.649206095 599935
pla85900_n85899_bounded-strongly-corr_01.ttp: 25.0 7394786.0 1.1375286E7 142714746 1.9712823456010768E8 5461438.96319677 599974
pla85900_n85899_bounded-strongly-corr_01.ttp: 33.0 7394778.0 1.1339978E7 142753240 1.9030183307055667E8 5630923.0078833 600255
pla85900_n85899_bounded-strongly-corr_01.ttp: 18.0 7394793.0 1.1333493E7 142659150 1.934971608152738E8 5528578.1755417865 600317
pla85900_n85899_bounded-strongly-corr_01.ttp: 12.0 7394799.0 1.1283799E7 142741411 1.8695127301219574E8 5675260.809634129 600347
pla85900_n85899_bounded-strongly-corr_01.ttp: 77.0 7394734.0 1.1354734E7 142730638 1.960933619920556E8 5471933.140238333 599983
pla85900_n85899_bounded-strongly-corr_01.ttp: 0.0 7394811.0 1.1356111E7 142695440 1.8852074179594168E8 5700488.74612175 600107
pla85900_n85899_bounded-strongly-corr_01.ttp: 11.0 7394800.0 1.13323E7 142670465 1.8599929240856877E8 5752321.227742937 599947
pla85900_n85899_bounded-strongly-corr_01.ttp: 7.0 7394804.0 1.1305804E7 142783927 1.9052276442250624E8 5590121.0673248125 599927
pla85900_n85899_bounded-strongly-corr_01.ttp: 19.0 7394792.0 1.1299092E7 142732527 1.9030226666317135E8 5590024.0001048595 600113
pla85900_n85899_bounded-strongly-corr_01.ttp: 9.0 7394802.0 1.1328002E7 142700790 1.887931819529476E8 5664206.541411573 600100
pla85900_n85899_bounded-strongly-corr_01.ttp: 36.0 7394775.0 1.1349675E7 142703898 1.8783728929348886E8 5714556.321195334 600292
pla85900_n85899_bounded-strongly-corr_01.ttp: 14.0 7394797.0 1.1401797E7 142741545 1.9015064768396458E8 5697277.569481063 599797
pla85900_n85899_bounded-strongly-corr_01.ttp: 23.0 7394788.0 1.1359688E7 142720878 1.9196023130993664E8 5600881.060701901 599857
pla85900_n85899_bounded-strongly-corr_01.ttp: 1.0 7394810.0 1.129711E7 142649741 1.860903607640946E8 5714399.177077162 599852
pla85900_n85899_bounded-strongly-corr_01.ttp: 8.0 7394803.0 1.1350003E7 142614242 1.919761349655603E8 5590718.951033192 600036
pla85900_n85899_bounded-strongly-corr_01.ttp: 112.0 7394699.0 1.1323399E7 142767203 1.9351990566236186E8 5517801.830129145 599849
pla85900_n85899_bounded-strongly-corr_01.ttp: 4.0 7394807.0 1.1367407E7 142767301 1.884867290598189E8 5712805.1282054335 600173
pla85900_n85899_bounded-strongly-corr_01.ttp: 1.0 7394810.0 1.137161E7 142692342 1.9277677183980748E8 5588306.844805776 599805
pla85900_n85899_bounded-strongly-corr_01.ttp: 0.0 7394811.0 1.1370811E7 142695686 1.9238061449475238E8 5599392.565157429 600206
pla85900_n85899_bounded-strongly-corr_01.ttp: 116.0 7394695.0 1.1348695E7 142637587 1.9170240826174885E8 5597622.752147535 600218
pla85900_n85899_bounded-strongly-corr_01.ttp: 11.0 7394800.0 1.13435E7 142744397 1.8941382193082523E8 5661085.342075244 599991
pla85900_n85899_bounded-strongly-corr_01.ttp: 2.0 7394809.0 1.1293609E7 142678573 1.8664262550838256E8 5694330.234748524 600245
pla85900_n85899_bounded-strongly-corr_01.ttp: 1.0 7394810.0 1.130501E7 142641223 1.8659671010968262E8 5707108.696709522 599958
pla85900_n85899_bounded-strongly-corr_01.ttp: 11.0 7394800.0 1.13472E7 142757919 1.8716826786581555E8 5732151.964025534 600273
pla85900_n85899_bounded-strongly-corr_01.ttp: 24.0 7394787.0 1.1348487E7 142708248 1.9239547230914944E8 5576622.830725517 600069
pla85900_n85899_bounded-strongly-corr_01.ttp: 27.0 7394784.0 1.1359684E7 142721455 1.8953314678323513E8 5673689.596502947 600150
RESULTS FOR heuristics : 24
pla85900_n85899_bounded-strongly-corr_01.ttp: 65.0 7394746.0 1.1321246E7 142652718 1.9027720121314216E8 5612929.963605735 455015
pla85900_n85899_bounded-strongly-corr_01.ttp: 21.0 7394790.0 1.135309E7 142699520 1.9187000583874333E8 5596989.8248377 456178
pla85900_n85899_bounded-strongly-corr_01.ttp: 8.0 7394803.0 1.1347103E7 142781305 1.877286916288425E8 5715242.251134725 448995
pla85900_n85899_bounded-strongly-corr_01.ttp: 12.0 7394799.0 1.1312299E7 142721454 1.8647496761676183E8 5718049.9714971455 451891
pla85900_n85899_bounded-strongly-corr_01.ttp: 3.0 7394808.0 1.1322408E7 142736756 1.8682913583311144E8 5717533.925006657 450532
pla85900_n85899_bounded-strongly-corr_01.ttp: 21.0 7394790.0 1.137719E7 142734984 1.8917341767970762E8 5701987.469608772 451573
pla85900_n85899_bounded-strongly-corr_01.ttp: 42.0 7394769.0 1.1341269E7 142650059 2.0073425629571515E8 5319241.311128546 458496
pla85900_n85899_bounded-strongly-corr_01.ttp: 14.0 7394797.0 1.1324297E7 142744816 1.883532213277706E8 5673700.360166882 452919
pla85900_n85899_bounded-strongly-corr_01.ttp: 12.0 7394799.0 1.1350099E7 142700183 1.909288660545052E8 5622233.018364844 449498
pla85900_n85899_bounded-strongly-corr_01.ttp: 13.0 7394798.0 1.1327898E7 142733125 1.8700983056639174E8 5717603.083008248 443060
pla85900_n85899_bounded-strongly-corr_01.ttp: 45.0 7394766.0 1.1359766E7 142731608 1.8810172588025552E8 5716714.223592334 446817
pla85900_n85899_bounded-strongly-corr_01.ttp: 12.0 7394799.0 1.1335299E7 142722787 1.899750247780112E8 5636048.256659664 455191
pla85900_n85899_bounded-strongly-corr_01.ttp: 7.0 7394804.0 1.1369304E7 142824134 1.8895375117645454E8 5700691.464706364 452008
pla85900_n85899_bounded-strongly-corr_01.ttp: 10.0 7394801.0 1.1342501E7 142719386 1.924035195403009E8 5570395.413790973 456307
pla85900_n85899_bounded-strongly-corr_01.ttp: 1.0 7394810.0 1.132841E7 142712541 1.9065887710868034E8 5608643.68673959 450363
pla85900_n85899_bounded-strongly-corr_01.ttp: 1.0 7394810.0 1.131441E7 142753129 1.8996610333005682E8 5615426.900098296 452875
pla85900_n85899_bounded-strongly-corr_01.ttp: 8.0 7394803.0 1.1361603E7 142749032 1.88077120554382E8 5719289.383368541 450284
pla85900_n85899_bounded-strongly-corr_01.ttp: 66.0 7394745.0 1.1361145E7 142775731 1.9175332890842047E8 5608545.132747386 460301
pla85900_n85899_bounded-strongly-corr_01.ttp: 60.0 7394751.0 1.1350351E7 142655464 1.8785656273444304E8 5714654.117966709 458787
pla85900_n85899_bounded-strongly-corr_01.ttp: 15.0 7394796.0 1.1360996E7 142691513 1.9013840118320385E8 5656843.964503885 444990
pla85900_n85899_bounded-strongly-corr_01.ttp: 16.0 7394795.0 1.1308595E7 142775105 1.8935658145307273E8 5627897.556407819 455626
pla85900_n85899_bounded-strongly-corr_01.ttp: 58.0 7394753.0 1.1330153E7 142714411 1.8679244308455065E8 5726379.7074634805 447787
pla85900_n85899_bounded-strongly-corr_01.ttp: 56.0 7394755.0 1.1361855E7 142719496 1.8774580092401195E8 5729480.972279642 456466
pla85900_n85899_bounded-strongly-corr_01.ttp: 28.0 7394783.0 1.1370583E7 142706868 1.8834381232545528E8 5720268.630236342 452090
pla85900_n85899_bounded-strongly-corr_01.ttp: 57.0 7394754.0 1.1326854E7 142829549 1.9107390620059136E8 5594636.8139822595 452654
pla85900_n85899_bounded-strongly-corr_01.ttp: 51.0 7394760.0 1.134166E7 142787827 1.8724675221903175E8 5724257.433429047 456402
pla85900_n85899_bounded-strongly-corr_01.ttp: 94.0 7394717.0 1.1350517E7 142711754 1.912486026765935E8 5613058.919702195 453363
pla85900_n85899_bounded-strongly-corr_01.ttp: 28.0 7394783.0 1.1365183E7 142650826 1.9228891431143695E8 5596515.570656892 451225
pla85900_n85899_bounded-strongly-corr_01.ttp: 13.0 7394798.0 1.1324698E7 142655630 1.864970442481743E8 5729786.6725547705 453292
pla85900_n85899_bounded-strongly-corr_01.ttp: 35.0 7394776.0 1.1316576E7 142656222 1.86343472897075E8 5726271.81308775 447333
RESULTS FOR heuristics : 25
pla85900_n85899_bounded-strongly-corr_01.ttp: 95.0 7394716.0 1.1373816E7 142640200 1.9253894910540584E8 5597647.526837825 599994
pla85900_n85899_bounded-strongly-corr_01.ttp: 3.0 7394808.0 1.1314508E7 142719523 1.932130351564868E8 5518116.945305396 599992
pla85900_n85899_bounded-strongly-corr_01.ttp: 4.0 7394807.0 1.1319207E7 142713734 1.914184768427732E8 5576652.694716805 600002
pla85900_n85899_bounded-strongly-corr_01.ttp: 16.0 7394795.0 1.1377495E7 142684297 1.9268100230723232E8 5597064.930783031 600005
pla85900_n85899_bounded-strongly-corr_01.ttp: 41.0 7394770.0 1.132537E7 142729124 1.9217542243746078E8 5560107.3268761765 599999
pla85900_n85899_bounded-strongly-corr_01.ttp: 108.0 7394703.0 1.1352003E7 142625797 1.876644713967601E8 5722068.8580971975 599996
pla85900_n85899_bounded-strongly-corr_01.ttp: 53.0 7394758.0 1.1357758E7 142713116 1.8767459961880943E8 5727520.011435717 600015
pla85900_n85899_bounded-strongly-corr_01.ttp: 5.0 7394806.0 1.1329906E7 142711699 1.925226347171704E8 5554226.958484889 599992
pla85900_n85899_bounded-strongly-corr_01.ttp: 3.0 7394808.0 1.1365708E7 142687613 1.929946164582009E8 5575869.506253974 600009
pla85900_n85899_bounded-strongly-corr_01.ttp: 5.0 7394806.0 1.1378106E7 142751072 1.873263237809136E8 5758316.286572592 599994
pla85900_n85899_bounded-strongly-corr_01.ttp: 72.0 7394739.0 1.1355839E7 142735709 1.8813454036319536E8 5711802.789104139 600002
pla85900_n85899_bounded-strongly-corr_01.ttp: 39.0 7394772.0 1.1373272E7 142714975 1.9262186391462028E8 5594616.082561391 599995
pla85900_n85899_bounded-strongly-corr_01.ttp: 21.0 7394790.0 1.136339E7 142708885 1.9127184187525877E8 5625234.743742237 600004
pla85900_n85899_bounded-strongly-corr_01.ttp: 0.0 7394811.0 1.1354911E7 142692111 1.9231269350581E8 5585530.1948257005 599992
pla85900_n85899_bounded-strongly-corr_01.ttp: 19.0 7394792.0 1.1354392E7 142704201 1.8730994696850142E8 5735093.590944958 600018
pla85900_n85899_bounded-strongly-corr_01.ttp: 22.0 7394789.0 1.1284689E7 142666158 1.9046559322996786E8 5570721.203100964 599992
pla85900_n85899_bounded-strongly-corr_01.ttp: 35.0 7394776.0 1.1331076E7 142745639 1.941102220159611E8 5507769.339521167 599998
pla85900_n85899_bounded-strongly-corr_01.ttp: 75.0 7394736.0 1.1342336E7 142682479 1.9202109206506523E8 5581703.238048043 599999
pla85900_n85899_bounded-strongly-corr_01.ttp: 70.0 7394741.0 1.1348241E7 142694630 1.9094020657222316E8 5620034.802833306 600011
pla85900_n85899_bounded-strongly-corr_01.ttp: 9.0 7394802.0 1.1318502E7 142680910 1.9286868327859572E8 5532441.501642128 599992
pla85900_n85899_bounded-strongly-corr_01.ttp: 22.0 7394789.0 1.1332889E7 142731343 1.9115842864080846E8 5598136.140775747 600015
pla85900_n85899_bounded-strongly-corr_01.ttp: 17.0 7394794.0 1.1322594E7 142656120 1.8716610690129143E8 5707610.7929612575 599994
pla85900_n85899_bounded-strongly-corr_01.ttp: 5.0 7394806.0 1.1384306E7 142716985 1.8898841674095687E8 5714653.497771294 599997
pla85900_n85899_bounded-strongly-corr_01.ttp: 101.0 7394710.0 1.134451E7 142623482 1.9200046391410097E8 5584496.082576971 599993
pla85900_n85899_bounded-strongly-corr_01.ttp: 53.0 7394758.0 1.1354058E7 142777042 1.9278879094103652E8 5570394.271768904 600007
pla85900_n85899_bounded-strongly-corr_01.ttp: 61.0 7394750.0 1.137425E7 142740963 1.8917408056911054E8 5699027.582926684 600013
pla85900_n85899_bounded-strongly-corr_01.ttp: 8.0 7394803.0 1.1366703E7 142689928 1.9248296439312017E8 5592214.068206395 600008
pla85900_n85899_bounded-strongly-corr_01.ttp: 8.0 7394803.0 1.1349103E7 142643247 1.8790748007948205E8 5711878.597615539 599998
pla85900_n85899_bounded-strongly-corr_01.ttp: 26.0 7394785.0 1.1389785E7 142731609 1.8935900070633364E8 5709014.978809991 599994
pla85900_n85899_bounded-strongly-corr_01.ttp: 0.0 7394811.0 1.1306011E7 142669238 1.8992424526190603E8 5608283.642142819 600014
RESULTS FOR heuristics : 26
pla85900_n85899_bounded-strongly-corr_01.ttp: 37.0 7394774.0 1.1313174E7 142707322 1.8912603053929877E8 5639393.083821037 599994
pla85900_n85899_bounded-strongly-corr_01.ttp: 1.0 7394810.0 1.134291E7 142686702 1.8724527089475343E8 5725551.873157398 599993
pla85900_n85899_bounded-strongly-corr_01.ttp: 13.0 7394798.0 1.1341698E7 142772420 1.9347036808220503E8 5537586.957533849 600004
pla85900_n85899_bounded-strongly-corr_01.ttp: 2.0 7394809.0 1.1320309E7 142675163 1.9230414477831846E8 5551184.656650446 600015
pla85900_n85899_bounded-strongly-corr_01.ttp: 2.0 7394809.0 1.1326209E7 142747500 1.911201004733473E8 5592605.985799581 600008
pla85900_n85899_bounded-strongly-corr_01.ttp: 33.0 7394778.0 1.1319578E7 142664677 1.8988660877689344E8 5622979.736693197 600016
pla85900_n85899_bounded-strongly-corr_01.ttp: 18.0 7394793.0 1.1301793E7 142691078 1.8988926175166178E8 5605115.147450147 599995
pla85900_n85899_bounded-strongly-corr_01.ttp: 67.0 7394744.0 1.1342344E7 142663536 1.9184485367346093E8 5586998.389796172 599992
pla85900_n85899_bounded-strongly-corr_01.ttp: 8.0 7394803.0 1.1352803E7 142683453 1.911875373464064E8 5617176.879607808 600003
pla85900_n85899_bounded-strongly-corr_01.ttp: 49.0 7394762.0 1.1362362E7 142704076 1.8821247779464743E8 5715987.666160578 599994
pla85900_n85899_bounded-strongly-corr_01.ttp: 1.0 7394810.0 1.132071E7 142679638 1.8852895741172916E8 5664841.277648126 599992
pla85900_n85899_bounded-strongly-corr_01.ttp: 1.0 7394810.0 1.130231E7 142696996 1.8661626466330874E8 5703822.060100738 600016
pla85900_n85899_bounded-strongly-corr_01.ttp: 30.0 7394781.0 1.1354381E7 142717605 1.883872972896776E8 5702762.081309672 599994
pla85900_n85899_bounded-strongly-corr_01.ttp: 90.0 7394721.0 1.1332921E7 142706643 1.8727110859702E8 5714787.7420894 600007
pla85900_n85899_bounded-strongly-corr_01.ttp: 76.0 7394735.0 1.1336835E7 142682129 1.922761932952069E8 5568549.201143793 600001
pla85900_n85899_bounded-strongly-corr_01.ttp: 52.0 7394759.0 1.1320559E7 142682620 1.9119715635047495E8 5584644.309485751 599997
pla85900_n85899_bounded-strongly-corr_01.ttp: 25.0 7394786.0 1.1333386E7 142764939 1.865642454090246E8 5736458.637729262 599993
pla85900_n85899_bounded-strongly-corr_01.ttp: 15.0 7394796.0 1.1369796E7 142752191 1.8808914853660643E8 5727121.543901808 600015
pla85900_n85899_bounded-strongly-corr_01.ttp: 78.0 7394733.0 1.1372633E7 142839408 1.9032514932931927E8 5662878.520120422 600013
pla85900_n85899_bounded-strongly-corr_01.ttp: 56.0 7394755.0 1.1363055E7 142654715 1.9241723722150326E8 5590537.883354902 600015
pla85900_n85899_bounded-strongly-corr_01.ttp: 51.0 7394760.0 1.132856E7 142713652 1.911187047467319E8 5594998.857598043 599996
pla85900_n85899_bounded-strongly-corr_01.ttp: 14.0 7394797.0 1.1325197E7 142657502 1.8599065938720593E8 5745477.218383823 599997
pla85900_n85899_bounded-strongly-corr_01.ttp: 40.0 7394771.0 1.1356571E7 142635038 1.8749309534676114E8 5731778.139597166 600012
pla85900_n85899_bounded-strongly-corr_01.ttp: 1.0 7394810.0 1.138271E7 142747060 1.9378838288092938E8 5569058.513572119 600016
pla85900_n85899_bounded-strongly-corr_01.ttp: 16.0 7394795.0 1.1348895E7 142695891 2.008378600822924E8 5323759.197531228 600010
pla85900_n85899_bounded-strongly-corr_01.ttp: 27.0 7394784.0 1.1323884E7 142634391 1.871641289041951E8 5708960.132874147 599994
pla85900_n85899_bounded-strongly-corr_01.ttp: 13.0 7394798.0 1.1363498E7 142718772 1.888224688382158E8 5698823.934853526 599999
pla85900_n85899_bounded-strongly-corr_01.ttp: 1.0 7394810.0 1.136251E7 142639672 1.9214594280214944E8 5598131.715935517 599992
pla85900_n85899_bounded-strongly-corr_01.ttp: 49.0 7394762.0 1.1298262E7 142723725 1.9160572263703805E8 5550090.320888858 600015
pla85900_n85899_bounded-strongly-corr_01.ttp: 64.0 7394747.0 1.1305147E7 142690105 1.882742176464135E8 5656920.4706075955 600009
RESULTS FOR heuristics : 27
pla85900_n85899_bounded-strongly-corr_01.ttp: 3.0 7394808.0 1.0901108E7 142707958 1.804963799635276E8 5486216.601094172 600007
pla85900_n85899_bounded-strongly-corr_01.ttp: 71.0 7394740.0 1.096044E7 142705736 1.8217781566805175E8 5495105.529958447 600013
pla85900_n85899_bounded-strongly-corr_01.ttp: 8.0 7394803.0 1.0906203E7 142693143 1.799358261110238E8 5508128.216669286 600015
pla85900_n85899_bounded-strongly-corr_01.ttp: 5.0 7394806.0 1.0903506E7 142698091 1.7752682809928766E8 5577701.157021371 600008
pla85900_n85899_bounded-strongly-corr_01.ttp: 2.0 7394809.0 1.0920809E7 142740833 1.781254229095979E8 5577046.312712063 600006
pla85900_n85899_bounded-strongly-corr_01.ttp: 33.0 7394778.0 1.1049378E7 142739039 1.8844702095751143E8 5395967.371274658 600012
pla85900_n85899_bounded-strongly-corr_01.ttp: 7.0 7394804.0 1.0870304E7 142695127 1.7586987450246337E8 5594207.764926099 600006
pla85900_n85899_bounded-strongly-corr_01.ttp: 1.0 7394810.0 1.096221E7 142795651 1.8341396800696674E8 5459790.959790998 599996
pla85900_n85899_bounded-strongly-corr_01.ttp: 46.0 7394765.0 1.0894765E7 142674686 1.7566301491056752E8 5624874.552682974 599993
pla85900_n85899_bounded-strongly-corr_01.ttp: 44.0 7394767.0 1.0909367E7 142651447 1.7701013467269972E8 5599062.959819009 600012
pla85900_n85899_bounded-strongly-corr_01.ttp: 75.0 7394736.0 1.0869936E7 142708190 1.7626210941040957E8 5582072.717687713 599995
pla85900_n85899_bounded-strongly-corr_01.ttp: 41.0 7394770.0 1.090737E7 142707351 1.7976321559347042E8 5514473.5321958875 600012
pla85900_n85899_bounded-strongly-corr_01.ttp: 16.0 7394795.0 1.0962395E7 142717239 1.8292496319883454E8 5474646.104034964 599994
pla85900_n85899_bounded-strongly-corr_01.ttp: 79.0 7394732.0 1.0943232E7 142782874 1.7938588924689597E8 5561655.322593121 599998
pla85900_n85899_bounded-strongly-corr_01.ttp: 3.0 7394808.0 1.0983908E7 142709964 1.8276973812875906E8 5500815.856137228 600004
pla85900_n85899_bounded-strongly-corr_01.ttp: 63.0 7394748.0 1.0897448E7 142738366 1.7755223923244885E8 5570880.823026535 599994
pla85900_n85899_bounded-strongly-corr_01.ttp: 56.0 7394755.0 1.0852955E7 142687816 1.7554501987081742E8 5586604.403875478 599992
pla85900_n85899_bounded-strongly-corr_01.ttp: 63.0 7394748.0 1.0916648E7 142693651 1.7786481037209827E8 5580703.688837052 600011
pla85900_n85899_bounded-strongly-corr_01.ttp: 100.0 7394711.0 1.0963111E7 142689912 1.8290785357184157E8 5475875.392844753 600009
pla85900_n85899_bounded-strongly-corr_01.ttp: 4.0 7394807.0 1.0919207E7 142697941 1.773599839026823E8 5598407.482919531 600010
pla85900_n85899_bounded-strongly-corr_01.ttp: 78.0 7394733.0 1.0942533E7 142761057 1.7986966304666322E8 5546443.108600103 600013
pla85900_n85899_bounded-strongly-corr_01.ttp: 63.0 7394748.0 1.0967348E7 142658851 1.82080955437314E8 5504919.3368805805 599993
pla85900_n85899_bounded-strongly-corr_01.ttp: 0.0 7394811.0 1.0913911E7 142671504 1.7688259057284763E8 5607433.282814571 600009
pla85900_n85899_bounded-strongly-corr_01.ttp: 17.0 7394794.0 1.0897294E7 142704971 1.758213219442307E8 5622654.341673079 600013
pla85900_n85899_bounded-strongly-corr_01.ttp: 85.0 7394726.0 1.0930026E7 142649364 1.8220311661372215E8 5463932.501588336 599997
pla85900_n85899_bounded-strongly-corr_01.ttp: 60.0 7394751.0 1.1023351E7 142675149 1.8857233477932817E8 5366180.956620155 600015
pla85900_n85899_bounded-strongly-corr_01.ttp: 0.0 7394811.0 1.1062311E7 142669552 1.914311205576796E8 5319377.383269613 600015
pla85900_n85899_bounded-strongly-corr_01.ttp: 53.0 7394758.0 1.0960558E7 142668033 1.78744612198896E8 5598219.63403312 600002
pla85900_n85899_bounded-strongly-corr_01.ttp: 59.0 7394752.0 1.0967552E7 142630448 1.8236369964630315E8 5496641.0106109055 600028
pla85900_n85899_bounded-strongly-corr_01.ttp: 94.0 7394717.0 1.0880217E7 142698592 1.7676203456856766E8 5577355.96294297 600003
RESULTS FOR heuristics : 28
pla85900_n85899_bounded-strongly-corr_01.ttp: 26.0 7394785.0 1.0897385E7 142655090 1.759785148378496E8 5618029.554864513 600004
pla85900_n85899_bounded-strongly-corr_01.ttp: 3.0 7394808.0 1.0982408E7 142636421 1.8292233176612857E8 5494738.047016143 599994
pla85900_n85899_bounded-strongly-corr_01.ttp: 101.0 7394710.0 1.097711E7 142656080 1.8652561953617552E8 5381341.4139147345 600014
pla85900_n85899_bounded-strongly-corr_01.ttp: 78.0 7394733.0 1.0879333E7 142597188 1.7635142623923147E8 5588790.212823057 600001
pla85900_n85899_bounded-strongly-corr_01.ttp: 24.0 7394787.0 1.0917687E7 142712231 1.7980458863032758E8 5523549.3410901725 599992
pla85900_n85899_bounded-strongly-corr_01.ttp: 10.0 7394801.0 1.0925501E7 142723489 1.7565022931790185E8 5655994.120462945 599998
pla85900_n85899_bounded-strongly-corr_01.ttp: 2.0 7394809.0 1.0975109E7 142680373 1.8247686747610733E8 5500802.97571678 600007
pla85900_n85899_bounded-strongly-corr_01.ttp: 81.0 7394730.0 1.095493E7 142698553 1.7800925671902645E8 5614652.298429207 600015
pla85900_n85899_bounded-strongly-corr_01.ttp: 95.0 7394716.0 1.1007116E7 142711008 1.871598391242669E8 5392320.826271993 599999
pla85900_n85899_bounded-strongly-corr_01.ttp: 11.0 7394800.0 1.09448E7 142647595 1.8175133738912717E8 5492259.878326185 599996
pla85900_n85899_bounded-strongly-corr_01.ttp: 61.0 7394750.0 1.091915E7 142637583 1.769870832074189E8 5609537.503777433 599998
pla85900_n85899_bounded-strongly-corr_01.ttp: 10.0 7394801.0 1.0913701E7 142683700 1.802208951784712E8 5507074.144645864 600009
pla85900_n85899_bounded-strongly-corr_01.ttp: 0.0 7394811.0 1.0943611E7 142727754 1.827626381966597E8 5460731.854100209 600013
pla85900_n85899_bounded-strongly-corr_01.ttp: 46.0 7394765.0 1.0905065E7 142682651 1.758163878795744E8 5630573.363612768 600016
pla85900_n85899_bounded-strongly-corr_01.ttp: 51.0 7394760.0 1.104556E7 142697623 1.8563251491829047E8 5476584.552451286 600013
pla85900_n85899_bounded-strongly-corr_01.ttp: 9.0 7394802.0 1.0900902E7 142655752 1.7636358835376492E8 5609994.3493870525 599992
pla85900_n85899_bounded-strongly-corr_01.ttp: 45.0 7394766.0 1.0962566E7 142672916 1.7905336816738644E8 5590964.954978407 600011
pla85900_n85899_bounded-strongly-corr_01.ttp: 49.0 7394762.0 1.0930062E7 142706427 1.8230064531897807E8 5461042.640430658 599993
pla85900_n85899_bounded-strongly-corr_01.ttp: 29.0 7394782.0 1.0971582E7 142605546 1.822458640336073E8 5504206.078991781 599992
pla85900_n85899_bounded-strongly-corr_01.ttp: 83.0 7394728.0 1.0998428E7 142646748 1.8372558534274706E8 5486660.439717588 599994
pla85900_n85899_bounded-strongly-corr_01.ttp: 20.0 7394791.0 1.0935391E7 142669983 1.776880916755229E8 5604748.249734313 599994
pla85900_n85899_bounded-strongly-corr_01.ttp: 23.0 7394788.0 1.0932088E7 142671646 1.8216888768684897E8 5467021.3693945315 599996
pla85900_n85899_bounded-strongly-corr_01.ttp: 3.0 7394808.0 1.0955708E7 142657518 1.8190044707251072E8 5498694.587824679 600011
pla85900_n85899_bounded-strongly-corr_01.ttp: 28.0 7394783.0 1.1024783E7 142681979 1.8750248248641288E8 5399708.525407614 600002
pla85900_n85899_bounded-strongly-corr_01.ttp: 31.0 7394780.0 1.093388E7 142740209 1.7801551382255694E8 5593414.585323292 600015
pla85900_n85899_bounded-strongly-corr_01.ttp: 26.0 7394785.0 1.0882885E7 142637572 1.756389497374031E8 5613716.507877908 599993
pla85900_n85899_bounded-strongly-corr_01.ttp: 14.0 7394797.0 1.1048697E7 142641313 1.8593827725866118E8 5470548.682240165 599993
pla85900_n85899_bounded-strongly-corr_01.ttp: 2.0 7394809.0 1.0890209E7 142687233 1.791566132618077E8 5515510.602145769 600006
pla85900_n85899_bounded-strongly-corr_01.ttp: 6.0 7394805.0 1.0847005E7 142699422 1.7388917097004488E8 5630329.870898654 600009
pla85900_n85899_bounded-strongly-corr_01.ttp: 22.0 7394789.0 1.0979889E7 142749607 1.8275752683745304E8 5497163.194876409 599994
RESULTS FOR heuristics : 29
pla85900_n85899_bounded-strongly-corr_01.ttp: 62.0 7394749.0 1.1385849E7 142611991 1.92847815456696E8 5600414.53629912 599992
pla85900_n85899_bounded-strongly-corr_01.ttp: 44.0 7394767.0 1.1356567E7 142713524 1.8879576342960227E8 5692694.097111932 599992
pla85900_n85899_bounded-strongly-corr_01.ttp: 13.0 7394798.0 1.1338898E7 142747897 1.9316584104107583E8 5543922.768767726 599997
pla85900_n85899_bounded-strongly-corr_01.ttp: 2.0 7394809.0 1.1348009E7 142636494 1.9227346133046895E8 5579805.160085931 600001
pla85900_n85899_bounded-strongly-corr_01.ttp: 75.0 7394736.0 1.1324136E7 142733065 1.9079740835935944E8 5600213.749219217 599997
pla85900_n85899_bounded-strongly-corr_01.ttp: 0.0 7394811.0 1.1361911E7 142636969 1.9227894296767783E8 5593542.710969665 600009
pla85900_n85899_bounded-strongly-corr_01.ttp: 3.0 7394808.0 1.1324408E7 142652129 1.9069486347538412E8 5603562.095738477 599998
pla85900_n85899_bounded-strongly-corr_01.ttp: 1.0 7394810.0 1.133681E7 142650419 1.9191195895894098E8 5579451.2312317705 600008
pla85900_n85899_bounded-strongly-corr_01.ttp: 31.0 7394780.0 1.138428E7 142616591 1.9274246328339115E8 5602006.101498266 600004
pla85900_n85899_bounded-strongly-corr_01.ttp: 3.0 7394808.0 1.1371108E7 142728136 1.9110229549664837E8 5638039.135100549 600011
pla85900_n85899_bounded-strongly-corr_01.ttp: 23.0 7394788.0 1.1356188E7 142660368 1.9622751094463277E8 5469362.671661017 600006
pla85900_n85899_bounded-strongly-corr_01.ttp: 0.0 7394811.0 1.1351511E7 142842092 1.902821273596788E8 5643047.1792096365 600002
pla85900_n85899_bounded-strongly-corr_01.ttp: 3.0 7394808.0 1.1322908E7 142695762 1.918761204469161E8 5566624.386592517 599994
pla85900_n85899_bounded-strongly-corr_01.ttp: 29.0 7394782.0 1.1331182E7 142690863 1.871005539081662E8 5718165.382755014 600016
pla85900_n85899_bounded-strongly-corr_01.ttp: 99.0 7394712.0 1.1348212E7 142807635 1.9208075944284827E8 5585789.216714553 599995
pla85900_n85899_bounded-strongly-corr_01.ttp: 10.0 7394801.0 1.1341501E7 142722699 1.9273685126168314E8 5559395.462149506 599995
pla85900_n85899_bounded-strongly-corr_01.ttp: 108.0 7394703.0 1.1367603E7 142769338 2.0349090009036803E8 5262875.997288959 599994
pla85900_n85899_bounded-strongly-corr_01.ttp: 2.0 7394809.0 1.1342009E7 142680317 1.8685519408437374E8 5736353.177468788 600011
pla85900_n85899_bounded-strongly-corr_01.ttp: 3.0 7394808.0 1.1375508E7 142744953 1.8914052866157052E8 5701292.140152885 600011
pla85900_n85899_bounded-strongly-corr_01.ttp: 7.0 7394804.0 1.1341904E7 142682792 1.900932694075268E8 5639105.917774197 599995
pla85900_n85899_bounded-strongly-corr_01.ttp: 4.0 7394807.0 1.1361907E7 142705767 1.8840646001615593E8 5709713.199515322 600014
pla85900_n85899_bounded-strongly-corr_01.ttp: 5.0 7394806.0 1.1370406E7 142685275 1.8840330429193E8 5718306.8712421 600016
pla85900_n85899_bounded-strongly-corr_01.ttp: 18.0 7394793.0 1.1343193E7 142667170 1.9678934010960206E8 5439512.796711938 600014
pla85900_n85899_bounded-strongly-corr_01.ttp: 61.0 7394750.0 1.135155E7 142710399 1.877229041885317E8 5719862.874344049 600014
pla85900_n85899_bounded-strongly-corr_01.ttp: 38.0 7394773.0 1.1349473E7 142645501 1.9178177194555655E8 5596019.841633304 600014
pla85900_n85899_bounded-strongly-corr_01.ttp: 54.0 7394757.0 1.1343957E7 142807003 1.8731516291931197E8 5724502.112420641 599994
pla85900_n85899_bounded-strongly-corr_01.ttp: 12.0 7394799.0 1.1343799E7 142601453 1.9588294290078536E8 5467310.71297644 600014
pla85900_n85899_bounded-strongly-corr_01.ttp: 68.0 7394743.0 1.1310743E7 142742974 1.9025230658762076E8 5603173.802371377 600013
pla85900_n85899_bounded-strongly-corr_01.ttp: 36.0 7394775.0 1.1352875E7 142709588 1.9273460903202623E8 5570836.729039214 600015
pla85900_n85899_bounded-strongly-corr_01.ttp: 38.0 7394773.0 1.1367673E7 142707024 1.9261957033348563E8 5589085.8899954315 600015
RESULTS FOR heuristics : 30
pla85900_n85899_bounded-strongly-corr_01.ttp: 29.0 7394782.0 1.1349982E7 142738385 1.9044822057020664E8 5636535.382893801 599992
pla85900_n85899_bounded-strongly-corr_01.ttp: 4.0 7394807.0 1.1351207E7 142700463 1.8871705809273428E8 5689695.257217972 599993
pla85900_n85899_bounded-strongly-corr_01.ttp: 36.0 7394775.0 1.1309775E7 142635696 1.8726560212692115E8 5691806.936192365 600009
pla85900_n85899_bounded-strongly-corr_01.ttp: 34.0 7394777.0 1.1341477E7 142662697 1.9204461882773066E8 5580138.435168081 599992
pla85900_n85899_bounded-strongly-corr_01.ttp: 38.0 7394773.0 1.1286873E7 142713576 1.8920325154403964E8 5610775.453678811 599992
pla85900_n85899_bounded-strongly-corr_01.ttp: 38.0 7394773.0 1.1329773E7 142684040 1.9076791449573967E8 5606735.56512781 600003
pla85900_n85899_bounded-strongly-corr_01.ttp: 23.0 7394788.0 1.1360588E7 142705788 1.9190321674198353E8 5603491.497740494 600000
pla85900_n85899_bounded-strongly-corr_01.ttp: 76.0 7394735.0 1.1365035E7 142637721 1.9228761762510592E8 5596406.471246823 599991
pla85900_n85899_bounded-strongly-corr_01.ttp: 11.0 7394800.0 1.13262E7 142663554 1.9525685066390803E8 5468494.48008276 600002
pla85900_n85899_bounded-strongly-corr_01.ttp: 9.0 7394802.0 1.1321102E7 142635558 1.8728704664950904E8 5702490.600514729 600016
pla85900_n85899_bounded-strongly-corr_01.ttp: 14.0 7394797.0 1.1312197E7 142742376 1.9011450151033524E8 5608761.954689943 600000
pla85900_n85899_bounded-strongly-corr_01.ttp: 22.0 7394789.0 1.1309289E7 142721819 1.9080402732287544E8 5585168.180313737 600010
pla85900_n85899_bounded-strongly-corr_01.ttp: 21.0 7394790.0 1.133079E7 142733427 1.9041872246581396E8 5618228.326025581 599993
pla85900_n85899_bounded-strongly-corr_01.ttp: 104.0 7394707.0 1.1348207E7 142638441 1.8726557984975016E8 5730239.604507496 600015
pla85900_n85899_bounded-strongly-corr_01.ttp: 54.0 7394757.0 1.1358057E7 142622047 1.9203373662364218E8 5597044.901290735 600013
pla85900_n85899_bounded-strongly-corr_01.ttp: 43.0 7394768.0 1.1348968E7 142714424 1.887754552739636E8 5685704.341781092 599992
pla85900_n85899_bounded-strongly-corr_01.ttp: 46.0 7394765.0 1.1334665E7 142627786 1.913366739188574E8 5594564.782434278 599997
pla85900_n85899_bounded-strongly-corr_01.ttp: 38.0 7394773.0 1.1335373E7 142720774 1.8781043804974303E8 5701059.85850771 600000
pla85900_n85899_bounded-strongly-corr_01.ttp: 0.0 7394811.0 1.1331411E7 142741495 1.9089908358954754E8 5604438.492313574 600013
pla85900_n85899_bounded-strongly-corr_01.ttp: 41.0 7394770.0 1.137197E7 142691461 1.921003159905898E8 5608960.520282307 600015
pla85900_n85899_bounded-strongly-corr_01.ttp: 8.0 7394803.0 1.1339303E7 142763324 1.907464767574874E8 5616908.697275379 600010
pla85900_n85899_bounded-strongly-corr_01.ttp: 0.0 7394811.0 1.1337611E7 142660188 1.9250748208486453E8 5562386.537454064 600000
pla85900_n85899_bounded-strongly-corr_01.ttp: 1.0 7394810.0 1.136801E7 142698007 2.007739976295586E8 5344790.071113243 600006
pla85900_n85899_bounded-strongly-corr_01.ttp: 36.0 7394775.0 1.1350475E7 142718497 1.8840559029871833E8 5698307.29103845 599993
pla85900_n85899_bounded-strongly-corr_01.ttp: 14.0 7394797.0 1.1350297E7 142636390 1.8698896015722275E8 5740628.195283318 600012
pla85900_n85899_bounded-strongly-corr_01.ttp: 20.0 7394791.0 1.1330591E7 142762921 1.8828033942268535E8 5682180.81731944 599993
pla85900_n85899_bounded-strongly-corr_01.ttp: 73.0 7394738.0 1.1314138E7 142671854 1.8650856465854836E8 5718881.06024355 599992
pla85900_n85899_bounded-strongly-corr_01.ttp: 10.0 7394801.0 1.1361101E7 142737385 1.914456654678877E8 5617731.0359633695 599998
pla85900_n85899_bounded-strongly-corr_01.ttp: 12.0 7394799.0 1.1354199E7 142763087 1.9164082294072494E8 5604974.311778252 600010
pla85900_n85899_bounded-strongly-corr_01.ttp: 31.0 7394780.0 1.142108E7 142636014 1.938811388251527E8 5604645.835245419 599992
