Enter TTP instance file:
RESULTS FOR heuristics : 20
pla85900_n858990_bounded-strongly-corr_01.ttp: 14.0 7.4164914E7 1.12565514E8 142802713 1.864867905091233E8 4.9160005226898074E7 507778
pla85900_n858990_bounded-strongly-corr_01.ttp: 6.0 7.4164922E7 1.12639622E8 142634979 1.8413023912778655E8 5.003534069655257E7 499285
pla85900_n858990_bounded-strongly-corr_01.ttp: 0.0 7.4164928E7 1.12744028E8 142685469 1.933382162120883E8 4.7009034487889975E7 500466
pla85900_n858990_bounded-strongly-corr_01.ttp: 38.0 7.416489E7 1.1263979E8 142700155 1.8562820819677955E8 4.952619921309495E7 490804
pla85900_n858990_bounded-strongly-corr_01.ttp: 12.0 7.4164916E7 1.12658516E8 142737658 1.8527005700348678E8 4.966669661881449E7 496029
pla85900_n858990_bounded-strongly-corr_01.ttp: 55.0 7.4164873E7 1.12517873E8 142766125 1.8349461274731547E8 5.012970466591274E7 502850
pla85900_n858990_bounded-strongly-corr_01.ttp: 15.0 7.4164913E7 1.12709913E8 142781434 1.8516843332180578E8 4.9752645670586035E7 504215
pla85900_n858990_bounded-strongly-corr_01.ttp: 1.0 7.4164927E7 1.12495127E8 142677400 1.8951882438086787E8 4.805872671050492E7 495108
pla85900_n858990_bounded-strongly-corr_01.ttp: 1.0 7.4164927E7 1.12342027E8 142687003 1.9006227997448733E8 4.77208518086743E7 625895
pla85900_n858990_bounded-strongly-corr_01.ttp: 38.0 7.416489E7 1.1274479E8 142696160 1.898664599956407E8 4.819019360148216E7 659389
pla85900_n858990_bounded-strongly-corr_01.ttp: 62.0 7.4164866E7 1.12453466E8 142678870 1.839168590116157E8 4.992173393605066E7 656188
pla85900_n858990_bounded-strongly-corr_01.ttp: 9.0 7.4164919E7 1.12535419E8 142803087 1.8464149629712847E8 4.975731025897632E7 670047
pla85900_n858990_bounded-strongly-corr_01.ttp: 3.0 7.4164925E7 1.12443625E8 142684756 1.891216933665066E8 4.8142249255387746E7 664880
pla85900_n858990_bounded-strongly-corr_01.ttp: 35.0 7.4164893E7 1.12462493E8 142664614 1.8425900883407974E8 4.981442999641288E7 660937
pla85900_n858990_bounded-strongly-corr_01.ttp: 5.0 7.4164923E7 1.12442123E8 142687061 1.8462541251023278E8 4.9669482746520855E7 651772
pla85900_n858990_bounded-strongly-corr_01.ttp: 37.0 7.4164891E7 1.12511891E8 142746539 1.8473432551592597E8 4.970222032458516E7 657120
pla85900_n858990_bounded-strongly-corr_01.ttp: 88.0 7.416484E7 1.1251154E8 142659735 1.8714849374932864E8 4.8881052125228256E7 657848
pla85900_n858990_bounded-strongly-corr_01.ttp: 3.0 7.4164925E7 1.12561425E8 142748444 1.875892182192704E8 4.8781090805448055E7 653506
pla85900_n858990_bounded-strongly-corr_01.ttp: 79.0 7.4164849E7 1.12575449E8 142628912 1.8912310216514158E8 4.827359426385186E7 659701
pla85900_n858990_bounded-strongly-corr_01.ttp: 39.0 7.4164889E7 1.12658289E8 142698245 1.8434632097859943E8 4.998053986727619E7 655299
pla85900_n858990_bounded-strongly-corr_01.ttp: 16.0 7.4164912E7 1.12593712E8 142743959 1.9255712952587685E8 4.712428796120187E7 670106
pla85900_n858990_bounded-strongly-corr_01.ttp: 8.0 7.416492E7 1.1249012E8 142705461 1.8392150043213385E8 4.995680985307448E7 666899
pla85900_n858990_bounded-strongly-corr_01.ttp: 46.0 7.4164882E7 1.12263282E8 142662945 1.8333093164378512E8 4.993076524111305E7 672366
pla85900_n858990_bounded-strongly-corr_01.ttp: 85.0 7.4164843E7 1.12609943E8 142702619 1.8616936527525812E8 4.9312358806412235E7 654208
pla85900_n858990_bounded-strongly-corr_01.ttp: 11.0 7.4164917E7 1.12708717E8 142746435 1.8601493908039066E8 4.946363771266717E7 668355
pla85900_n858990_bounded-strongly-corr_01.ttp: 26.0 7.4164902E7 1.12353602E8 142662403 1.8330392396559167E8 5.003026785169883E7 662520
pla85900_n858990_bounded-strongly-corr_01.ttp: 