Enter TTP instance file:
RESULTS FOR heuristics : 20
rl11849_n59240_bounded-strongly-corr_01.ttp: 51.0 5098139.0 7750439.0 927527 1181972.8772738408 3483516.913041435 14903
rl11849_n59240_bounded-strongly-corr_01.ttp: 26.0 5098164.0 7747964.0 927280 1184684.5894380752 3471252.632128549 14394
rl11849_n59240_bounded-strongly-corr_01.ttp: 51.0 5098139.0 7751839.0 928965 1192737.99759781 3446054.828671905 14762
rl11849_n59240_bounded-strongly-corr_01.ttp: 27.0 5098163.0 7761063.0 927549 1186924.4175729207 3476265.852561757 14766
rl11849_n59240_bounded-strongly-corr_01.ttp: 0.0 5098190.0 7748890.0 927406 1187398.7097556563 3462380.6577820806 15459
rl11849_n59240_bounded-strongly-corr_01.ttp: 71.0 5098119.0 7776219.0 928006 1196561.2906884134 3456632.7406148277 14855
rl11849_n59240_bounded-strongly-corr_01.ttp: 24.0 5098166.0 7772066.0 928371 1195202.4062714458 3457385.313360081 14606
rl11849_n59240_bounded-strongly-corr_01.ttp: 18.0 5098172.0 7739972.0 928579 1189683.0019628755 3445216.3629140193 14765
rl11849_n59240_bounded-strongly-corr_01.ttp: 67.0 5098123.0 7758223.0 928230 1190559.2385920994 3460304.1486825217 14421
rl11849_n59240_bounded-strongly-corr_01.ttp: 5.0 5098185.0 7771685.0 928462 1190122.365734734 3475343.2596976096 14894
rl11849_n59240_bounded-strongly-corr_01.ttp: 37.0 5098153.0 7751553.0 928709 1187599.075218959 3464320.338459558 14615
rl11849_n59240_bounded-strongly-corr_01.ttp: 9.0 5098181.0 7761181.0 928269 1196039.8556914646 3443477.120953813 14906
rl11849_n59240_bounded-strongly-corr_01.ttp: 26.0 5098164.0 7762764.0 927895 1187297.2173572597 3476621.045340292 14867
rl11849_n59240_bounded-strongly-corr_01.ttp: 34.0 5098156.0 7753656.0 928914 1195983.2889385766 3436156.3269317383 15037
rl11849_n59240_bounded-strongly-corr_01.ttp: 4.0 5098186.0 7765286.0 928803 1192153.2199679855 3461612.875915572 14909
rl11849_n59240_bounded-strongly-corr_01.ttp: 8.0 5098182.0 7755282.0 928234 1186480.5784125824 3472087.111930578 14592
rl11849_n59240_bounded-strongly-corr_01.ttp: 47.0 5098143.0 7745643.0 928691 1184526.061538534 3469503.9178458927 14997
rl11849_n59240_bounded-strongly-corr_01.ttp: 0.0 5098190.0 7776590.0 927273 1190962.8683622943 3477214.045212118 14847
rl11849_n59240_bounded-strongly-corr_01.ttp: 48.0 5098142.0 7786442.0 929418 1185222.8945585073 3507787.3506437894 15166
rl11849_n59240_bounded-strongly-corr_01.ttp: 47.0 5098143.0 7775443.0 928459 1190407.4898390886 3478071.96168089 14751
rl11849_n59240_bounded-strongly-corr_01.ttp: 24.0 5098166.0 7747766.0 928648 1189759.7217919359 3452733.4043311113 15365
rl11849_n59240_bounded-strongly-corr_01.ttp: 5.0 5098185.0 7779385.0 927993 1191229.8730619974 3479045.1582461894 14690
rl11849_n59240_bounded-strongly-corr_01.ttp: 20.0 5098170.0 7747670.0 928545 1184421.816400095 3471907.2427956574 14607
rl11849_n59240_bounded-strongly-corr_01.ttp: 14.0 5098176.0 7778776.0 927334 1190702.9176339996 3480338.467341262 14568
rl11849_n59240_bounded-strongly-corr_01.ttp: 11.0 5098179.0 7758479.0 927951 1186791.8936995182 3474160.26374474 14847
rl11849_n59240_bounded-strongly-corr_01.ttp: 10.0 5098180.0 7740580.0 928705 1185856.1551928374 3459639.2797538573 15018
rl11849_n59240_bounded-strongly-corr_01.ttp: 40.0 5098150.0 7763450.0 928339 1192318.8645600122 3459178.898938356 14444
rl11849_n59240_bounded-strongly-corr_01.ttp: 12.0 5098178.0 7747778.0 928150 1179478.6057106939 3489860.233384395 14635
rl11849_n59240_bounded-strongly-corr_01.ttp: 9.0 5098181.0 7750081.0 928397 1191795.1526826995 3447700.4988154545 15066
rl11849_n59240_bounded-strongly-corr_01.ttp: 30.0 5098160.0 7757360.0 928146 1187438.2723387126 3470707.836857248 14793
RESULTS FOR heuristics : 21
rl11849_n59240_bounded-strongly-corr_01.ttp: 32.0 5098158.0 7750558.0 928912 1191649.5188271017 3448703.2370341634 69043
rl11849_n59240_bounded-strongly-corr_01.ttp: 9.0 5098181.0 7762181.0 928118 1191232.8373936673 3461830.457008861 71343
rl11849_n59240_bounded-strongly-corr_01.ttp: 4.0 5098186.0 7760186.0 928547 1189934.6894970257 3464521.7709157374 71691
rl11849_n59240_bounded-strongly-corr_01.ttp: 20.0 5098170.0 7770370.0 928847 1188714.0673829527 3479112.216747541 71663
rl11849_n59240_bounded-strongly-corr_01.ttp: 3.0 5098187.0 7776687.0 928319 1183905.8149791926 3502787.0079251146 70853
rl11849_n59240_bounded-strongly-corr_01.ttp: 25.0 5098165.0 7736865.0 927635 1180555.0854369763 3475061.1415725155 70795
rl11849_n59240_bounded-strongly-corr_01.ttp: 11.0 5098179.0 7760079.0 927879 1187203.2085363553 3474275.4171837578 71456
rl11849_n59240_bounded-strongly-corr_01.ttp: 11.0 5098179.0 7775579.0 928293 1184994.5523778424 3497748.6659159893 72004
rl11849_n59240_bounded-strongly-corr_01.ttp: 77.0 5098113.0 7754713.0 926991 1176927.396095659 3506005.1000946714 74938
rl11849_n59240_bounded-strongly-corr_01.ttp: 43.0 5098147.0 7776247.0 928510 1192072.1599852624 3472866.5024532024 77112
rl11849_n59240_bounded-strongly-corr_01.ttp: 28.0 5098162.0 7765562.0 927988 1188307.9490964923 3475770.303761663 78741
rl11849_n59240_bounded-strongly-corr_01.ttp: 32.0 5098158.0 7759858.0 927633 1186867.0943394925 3475267.789434432 74205
rl11849_n59240_bounded-strongly-corr_01.ttp: 44.0 5098146.0 7748946.0 928491 1186596.8266527215 3465331.4557836754 72291
rl11849_n59240_bounded-strongly-corr_01.ttp: 5.0 5098185.0 7749085.0 928521 1186507.3057871594 3465793.626108355 78981
rl11849_n59240_bounded-strongly-corr_01.ttp: 2.0 5098188.0 7740888.0 929036 1179014.5122749764 3484645.610687336 71762
rl11849_n59240_bounded-strongly-corr_01.ttp: 11.0 5098179.0 7747779.0 929204 1181548.2757182114 3482389.724657257 71065
rl11849_n59240_bounded-strongly-corr_01.ttp: 73.0 5098117.0 7755017.0 929091 1189911.4075761025 3459436.81865027 70358
rl11849_n59240_bounded-strongly-corr_01.ttp: 29.0 5098161.0 7766061.0 927248 1189439.1280212929 3472185.7478431333 69265
rl11849_n59240_bounded-strongly-corr_01.ttp: 51.0 5098139.0 7741739.0 929724 1190506.3422855826 3444011.104349047 69176
rl11849_n59240_bounded-strongly-corr_01.ttp: 24.0 5098166.0 7756266.0 927976 1185165.6781432787 3477817.901902764 69057
rl11849_n59240_bounded-strongly-corr_01.ttp: 15.0 5098175.0 7762875.0 928409 1187017.8320552276 3477740.626280628 69331
rl11849_n59240_bounded-strongly-corr_01.ttp: 2.0 5098188.0 7757788.0 927968 1189546.857037282 3463523.846095412 69065
rl11849_n59240_bounded-strongly-corr_01.ttp: 10.0 5098180.0 7762280.0 927365 1187377.0720594656 3475848.7698653294 69529
rl11849_n59240_bounded-strongly-corr_01.ttp: 12.0 5098178.0 7765278.0 929149 1183003.070917722 3494636.9139870238 70574
rl11849_n59240_bounded-strongly-corr_01.ttp: 2.0 5098188.0 7764488.0 929153 1181700.9829950267 3498547.451387954 69818
rl11849_n59240_bounded-strongly-corr_01.ttp: 33.0 5098157.0 7757657.0 927217 1186418.7306509581 3474685.3823500415 69203
rl11849_n59240_bounded-strongly-corr_01.ttp: 18.0 5098172.0 7765672.0 927446 1183572.5632874 3492975.0465324866 68876
rl11849_n59240_bounded-strongly-corr_01.ttp: 5.0 5098185.0 7753985.0 928965 1193938.1566644134 3443868.254441468 70588
rl11849_n59240_bounded-strongly-corr_01.ttp: 3.0 5098187.0 7765087.0 927574 1186423.6584443545 3482097.5930158803 70345
rl11849_n59240_bounded-strongly-corr_01.ttp: 32.0 5098158.0 7740458.0 929163 1189493.9614605955 3446384.799127251 70224
RESULTS FOR heuristics : 22
rl11849_n59240_bounded-strongly-corr_01.ttp: 1.0 5098189.0 7746989.0 929574 1180672.4874114718 3484761.3204445867 599797
rl11849_n59240_bounded-strongly-corr_01.ttp: 13.0 5098177.0 7766877.0 928112 1180291.9344049364 3506023.11679818 599793
rl11849_n59240_bounded-strongly-corr_01.ttp: 9.0 5098181.0 7771881.0 928974 1185284.518152097 3493003.88947093 599796
rl11849_n59240_bounded-strongly-corr_01.ttp: 5.0 5098185.0 7753285.0 928289 1183326.7631813243 3481475.384915419 599791
rl11849_n59240_bounded-strongly-corr_01.ttp: 1.0 5098189.0 7767689.0 928635 1188680.8341941838 3476551.1885589967 599804
rl11849_n59240_bounded-strongly-corr_01.ttp: 2.0 5098188.0 7751888.0 928319 1182332.1079671558 3483669.0902385674 599822
rl11849_n59240_bounded-strongly-corr_01.ttp: 0.0 5098190.0 7758690.0 929292 1186141.6399357016 3476718.6798321176 599807
rl11849_n59240_bounded-strongly-corr_01.ttp: 5.0 5098185.0 7769785.0 928721 1182254.0237808982 3501847.9741509575 599800
rl11849_n59240_bounded-strongly-corr_01.ttp: 3.0 5098187.0 7744187.0 927922 1180567.6543225292 3482337.7678956697 599807
rl11849_n59240_bounded-strongly-corr_01.ttp: 9.0 5098181.0 7738681.0 929296 1185477.6935494384 3459106.5262865275 599798
rl11849_n59240_bounded-strongly-corr_01.ttp: 31.0 5098159.0 7763459.0 927958 1185805.8704155113 3482699.8078000043 599809
rl11849_n59240_bounded-strongly-corr_01.ttp: 47.0 5098143.0 7772543.0 928168 1186269.8581339556 3490108.81213642 599813
rl11849_n59240_bounded-strongly-corr_01.ttp: 3.0 5098187.0 7762587.0 927865 1193669.3586975166 3453440.615101965 599801
rl11849_n59240_bounded-strongly-corr_01.ttp: 37.0 5098153.0 7737953.0 929258 1185075.2812321442 3459831.2347519593 599794
rl11849_n59240_bounded-strongly-corr_01.ttp: 12.0 5098178.0 7764078.0 929604 1192436.0349550585 3459383.9138122387 599811
rl11849_n59240_bounded-strongly-corr_01.ttp: 4.0 5098186.0 7743586.0 929001 1186201.255661807 3461399.467060877 599798
rl11849_n59240_bounded-strongly-corr_01.ttp: 23.0 5098167.0 7772267.0 929227 1191354.6905196311 3471476.567224132 599798
rl11849_n59240_bounded-strongly-corr_01.ttp: 22.0 5098168.0 7763368.0 928533 1184594.755761563 3486980.9317007577 599800
rl11849_n59240_bounded-strongly-corr_01.ttp: 64.0 5098126.0 7775026.0 928831 1195109.853570864 3460679.428609181 599797
rl11849_n59240_bounded-strongly-corr_01.ttp: 6.0 5098184.0 7756784.0 928356 1189450.7766273217 3462866.696375369 599807
rl11849_n59240_bounded-strongly-corr_01.ttp: 2.0 5098188.0 7750188.0 927993 1186989.7044843116 3465155.166811635 599817
rl11849_n59240_bounded-strongly-corr_01.ttp: 0.0 5098190.0 7777890.0 927741 1187364.466182986 3491504.27707942 599795
rl11849_n59240_bounded-strongly-corr_01.ttp: 16.0 5098174.0 7768574.0 928828 1193545.0415364893 3459876.400053274 599791
rl11849_n59240_bounded-strongly-corr_01.ttp: 7.0 5098183.0 7747583.0 927984 1189688.090622067 3452808.992854338 599817
rl11849_n59240_bounded-strongly-corr_01.ttp: 15.0 5098175.0 7751275.0 928365 1186918.6454273632 3466498.690007219 599799
rl11849_n59240_bounded-strongly-corr_01.ttp: 15.0 5098175.0 7750375.0 929951 1188487.1246388436 3459936.480053775 599808
rl11849_n59240_bounded-strongly-corr_01.ttp: 16.0 5098174.0 7748474.0 928141 1188465.5821361437 3458113.248488521 599803
rl11849_n59240_bounded-strongly-corr_01.ttp: 12.0 5098178.0 7763078.0 929063 1184728.5037771885 3486208.10136435 599809
rl11849_n59240_bounded-strongly-corr_01.ttp: 4.0 5098186.0 7761186.0 928170 1192135.3875540078 3457577.2509300318 599795
rl11849_n59240_bounded-strongly-corr_01.ttp: 8.0 5098182.0 7747982.0 930599 1188891.6120923003 3456083.280346796 599812
RESULTS FOR heuristics : 23
rl11849_n59240_bounded-strongly-corr_01.ttp: 19.0 5098171.0 7739871.0 928136 1187356.0396959095 3453515.696697767 599818
rl11849_n59240_bounded-strongly-corr_01.ttp: 73.0 5098117.0 7767017.0 928000 1180377.083614031 3505855.728153348 600058
rl11849_n59240_bounded-strongly-corr_01.ttp: 18.0 5098172.0 7777172.0 927577 1191179.6371731947 3477013.5098047676 599843
rl11849_n59240_bounded-strongly-corr_01.ttp: 2.0 5098188.0 7738788.0 928068 1181415.979447643 3473876.3141940087 599956
rl11849_n59240_bounded-strongly-corr_01.ttp: 26.0 5098164.0 7751164.0 929467 1186569.7388950502 3467647.2425888684 599921
rl11849_n59240_bounded-strongly-corr_01.ttp: 12.0 5098178.0 7734078.0 927959 1179541.1585551915 3475934.417615759 599953
rl11849_n59240_bounded-strongly-corr_01.ttp: 9.0 5098181.0 7747081.0 928006 1187968.349412962 3458515.258619207 599988
rl11849_n59240_bounded-strongly-corr_01.ttp: 105.0 5098085.0 7754985.0 928073 1193508.5940056571 3446418.975639578 599967
rl11849_n59240_bounded-strongly-corr_01.ttp: 40.0 5098150.0 7741950.0 928791 1184066.084085994 3467471.436449562 599872
rl11849_n59240_bounded-strongly-corr_01.ttp: 26.0 5098164.0 7772864.0 927149 1191184.1230734128 3472689.31570498 599902
rl11849_n59240_bounded-strongly-corr_01.ttp: 24.0 5098166.0 7757866.0 927768 1184528.8709268929 3481716.775953917 599951
rl11849_n59240_bounded-strongly-corr_01.ttp: 7.0 5098183.0 7765583.0 927699 1186736.2757602823 3481465.044505381 599841
rl11849_n59240_bounded-strongly-corr_01.ttp: 18.0 5098172.0 7760572.0 928885 1180495.2343511381 3498984.203992392 600030
rl11849_n59240_bounded-strongly-corr_01.ttp: 44.0 5098146.0 7763546.0 927295 1191527.8165783968 3462130.5821519876 599876
rl11849_n59240_bounded-strongly-corr_01.ttp: 36.0 5098154.0 7762854.0 929252 1197661.2167105938 3439297.0076747565 599996
rl11849_n59240_bounded-strongly-corr_01.ttp: 21.0 5098169.0 7759469.0 928938 1180829.3965950236 3496674.8782919655 600002
rl11849_n59240_bounded-strongly-corr_01.ttp: 34.0 5098156.0 7757856.0 928793 1191075.6323234888 3458072.9673122056 599980
rl11849_n59240_bounded-strongly-corr_01.ttp: 12.0 5098178.0 7739378.0 929010 1191213.1663961962 3439098.4693097314 599896
rl11849_n59240_bounded-strongly-corr_01.ttp: 18.0 5098172.0 7763072.0 927160 1184136.5541683254 3488339.039452345 599895
rl11849_n59240_bounded-strongly-corr_01.ttp: 0.0 5098190.0 7785290.0 928501 1195048.4684452335 3471165.028912707 599958
rl11849_n59240_bounded-strongly-corr_01.ttp: 0.0 5098190.0 7760290.0 928760 1188767.3769618147 3468839.769167849 599977
rl11849_n59240_bounded-strongly-corr_01.ttp: 56.0 5098134.0 7763434.0 929542 1190874.9078974584 3464375.582490175 599871
rl11849_n59240_bounded-strongly-corr_01.ttp: 31.0 5098159.0 7775459.0 928161 1194935.1981838294 3461742.934556376 600013
rl11849_n59240_bounded-strongly-corr_01.ttp: 5.0 5098185.0 7770285.0 929170 1193373.667406174 3462206.060663712 599964
rl11849_n59240_bounded-strongly-corr_01.ttp: 52.0 5098138.0 7754338.0 927788 1193759.19689141 3444867.29922201 600011
rl11849_n59240_bounded-strongly-corr_01.ttp: 5.0 5098185.0 7738885.0 928167 1182044.7563726471 3471703.429494744 599970
rl11849_n59240_bounded-strongly-corr_01.ttp: 80.0 5098110.0 7751910.0 928893 1179928.363822276 3492368.606601584 599929
rl11849_n59240_bounded-strongly-corr_01.ttp: 27.0 5098163.0 7746163.0 928700 1181061.971090175 3482529.2843644684 599973
rl11849_n59240_bounded-strongly-corr_01.ttp: 14.0 5098176.0 7745476.0 928351 1188958.2809464317 3453336.6057833815 599914
rl11849_n59240_bounded-strongly-corr_01.ttp: 2.0 5098188.0 7757888.0 927878 1186176.4871062643 3475790.8815463856 599838
RESULTS FOR heuristics : 24
rl11849_n59240_bounded-strongly-corr_01.ttp: 26.0 5098164.0 7758564.0 928028 1176627.5291904542 3510938.6196224606 591255
rl11849_n59240_bounded-strongly-corr_01.ttp: 4.0 5098186.0 7766986.0 928607 1179179.0794226818 3510149.5232841186 590330
rl11849_n59240_bounded-strongly-corr_01.ttp: 39.0 5098151.0 7772451.0 927851 1182975.1876727212 3501910.572501477 590010
rl11849_n59240_bounded-strongly-corr_01.ttp: 73.0 5098117.0 7744817.0 927700 1174905.235478132 3503409.099923943 587264
rl11849_n59240_bounded-strongly-corr_01.ttp: 16.0 5098174.0 7745974.0 927098 1172534.7605755364 3513123.5143223135 588601
rl11849_n59240_bounded-strongly-corr_01.ttp: 31.0 5098159.0 7750559.0 928119 1172375.3986697074 3518283.8108023563 584434
rl11849_n59240_bounded-strongly-corr_01.ttp: 11.0 5098179.0 7764679.0 928907 1179832.6014584706 3505483.3087349217 584386
rl11849_n59240_bounded-strongly-corr_01.ttp: 24.0 5098166.0 7752366.0 927199 1174924.2328776154 3510889.519311809 585448
rl11849_n59240_bounded-strongly-corr_01.ttp: 4.0 5098186.0 7758486.0 927377 1178246.3806030254 3505016.5660230787 586814
rl11849_n59240_bounded-strongly-corr_01.ttp: 12.0 5098178.0 7758678.0 927749 1177950.347133791 3506277.246847014 588203
rl11849_n59240_bounded-strongly-corr_01.ttp: 25.0 5098165.0 7749965.0 927566 1176118.2219127568 3504178.2188949483 587834
rl11849_n59240_bounded-strongly-corr_01.ttp: 113.0 5098077.0 7758977.0 928528 1174648.2569499006 3518496.792410859 587968
rl11849_n59240_bounded-strongly-corr_01.ttp: 86.0 5098104.0 7749204.0 928941 1172067.1966822506 3518041.4199770754 589335
rl11849_n59240_bounded-strongly-corr_01.ttp: 17.0 5098173.0 7770873.0 927429 1180135.618453286 3510583.417383638 589907
rl11849_n59240_bounded-strongly-corr_01.ttp: 80.0 5098110.0 7767010.0 927611 1178835.8480602133 3511412.5885026306 587745
rl11849_n59240_bounded-strongly-corr_01.ttp: 22.0 5098168.0 7763668.0 927750 1179610.4111298826 3505274.415821124 588587
rl11849_n59240_bounded-strongly-corr_01.ttp: 13.0 5098177.0 7760977.0 927255 1177584.3285336376 3509897.5739935683 587095
rl11849_n59240_bounded-strongly-corr_01.ttp: 2.0 5098188.0 7774288.0 927946 1178074.073596819 3521440.5943154832 585239
rl11849_n59240_bounded-strongly-corr_01.ttp: 31.0 5098159.0 7753359.0 928951 1177473.7313175874 3502678.82994351 588893
rl11849_n59240_bounded-strongly-corr_01.ttp: 28.0 5098162.0 7770662.0 928527 1182391.6423091083 3502228.1712641194 588252
rl11849_n59240_bounded-strongly-corr_01.ttp: 11.0 5098179.0 7761479.0 927595 1176282.2386368127 3515100.1185211064 587472
rl11849_n59240_bounded-strongly-corr_01.ttp: 4.0 5098186.0 7772586.0 928401 1182447.8548396241 3503949.2440289566 587172
rl11849_n59240_bounded-strongly-corr_01.ttp: 44.0 5098146.0 7731646.0 927341 1170014.60676151 3507893.2695909487 591616
rl11849_n59240_bounded-strongly-corr_01.ttp: 114.0 5098076.0 7754076.0 928641 1178152.361472076 3500945.975085806 587330
rl11849_n59240_bounded-strongly-corr_01.ttp: 80.0 5098110.0 7756610.0 927708 1176322.603592621 3510085.4010306383 590178
rl11849_n59240_bounded-strongly-corr_01.ttp: 13.0 5098177.0 7763477.0 927849 1177913.3015058995 3511209.981563703 589510
rl11849_n59240_bounded-strongly-corr_01.ttp: 0.0 5098190.0 7767790.0 928465 1176625.5388613832 3520171.804710407 588993
rl11849_n59240_bounded-strongly-corr_01.ttp: 98.0 5098092.0 7753492.0 927796 1177516.8942263445 3502656.011842896 588328
rl11849_n59240_bounded-strongly-corr_01.ttp: 76.0 5098114.0 7770414.0 927637 1180957.2738881824 3507158.2412636615 589464
rl11849_n59240_bounded-strongly-corr_01.ttp: 18.0 5098172.0 7747372.0 928396 1175865.3324494627 3502498.14985744 586892
RESULTS FOR heuristics : 25
rl11849_n59240_bounded-strongly-corr_01.ttp: 26.0 5098164.0 7748764.0 928508 1182529.1539709927 3479833.754164716 599999
rl11849_n59240_bounded-strongly-corr_01.ttp: 17.0 5098173.0 7760273.0 929556 1188093.0764039892 3471256.9941815995 599999
rl11849_n59240_bounded-strongly-corr_01.ttp: 17.0 5098173.0 7774373.0 927415 1191537.2390348653 3472923.5670841364 599999
rl11849_n59240_bounded-strongly-corr_01.ttp: 2.0 5098188.0 7774388.0 927645 1188756.4275581613 3482977.2965150382 599999
rl11849_n59240_bounded-strongly-corr_01.ttp: 19.0 5098171.0 7743571.0 928424 1190518.706857296 3445798.4682451617 600002
rl11849_n59240_bounded-strongly-corr_01.ttp: 10.0 5098180.0 7754780.0 929373 1190777.3352631505 3456073.819700027 600001
rl11849_n59240_bounded-strongly-corr_01.ttp: 17.0 5098173.0 7753973.0 928596 1180657.8234106717 3491798.257487476 599999
rl11849_n59240_bounded-strongly-corr_01.ttp: 2.0 5098188.0 7769788.0 928699 1192647.7240803847 3464329.716069811 599999
rl11849_n59240_bounded-strongly-corr_01.ttp: 16.0 5098174.0 7758574.0 929849 1191089.1100880192 3458742.3125822507 599999
rl11849_n59240_bounded-strongly-corr_01.ttp: 1.0 5098189.0 7730989.0 929042 1191551.2093892642 3429489.1341047566 599999
rl11849_n59240_bounded-strongly-corr_01.ttp: 58.0 5098132.0 7750632.0 928855 1190755.16623429 3452005.8498942135 599999
rl11849_n59240_bounded-strongly-corr_01.ttp: 2.0 5098188.0 7747788.0 927667 1192254.3893147216 3443749.654573855 600000
rl11849_n59240_bounded-strongly-corr_01.ttp: 60.0 5098130.0 7739130.0 928353 1188037.3524407668 3450315.157688832 599991
rl11849_n59240_bounded-strongly-corr_01.ttp: 23.0 5098167.0 7760267.0 929027 1184187.0644056723 3485351.697495523 599999
rl11849_n59240_bounded-strongly-corr_01.ttp: 13.0 5098177.0 7747977.0 927558 1191999.3372175838 3444859.3926445227 599999
rl11849_n59240_bounded-strongly-corr_01.ttp: 29.0 5098161.0 7760561.0 928228 1184144.8952554092 3485797.9281279733 600001
rl11849_n59240_bounded-strongly-corr_01.ttp: 54.0 5098136.0 7765336.0 927282 1190374.4996313236 3468084.056330922 600000
rl11849_n59240_bounded-strongly-corr_01.ttp: 64.0 5098126.0 7751626.0 927725 1188907.998406106 3459668.125753958 600000
rl11849_n59240_bounded-strongly-corr_01.ttp: 2.0 5098188.0 7742088.0 928000 1187643.8646164474 3454693.6487346254 599999
rl11849_n59240_bounded-strongly-corr_01.ttp: 10.0 5098180.0 7749580.0 927839 1189843.703300219 3454244.2310862094 600000
rl11849_n59240_bounded-strongly-corr_01.ttp: 68.0 5098122.0 7758622.0 927712 1186904.5669371025 3473896.51335706 600026
rl11849_n59240_bounded-strongly-corr_01.ttp: 8.0 5098182.0 7768782.0 928991 1188112.1113723018 3479697.2779459907 599999
rl11849_n59240_bounded-strongly-corr_01.ttp: 72.0 5098118.0 7744618.0 928194 1183511.7935222904 3472140.4253845317 599999
rl11849_n59240_bounded-strongly-corr_01.ttp: 46.0 5098144.0 7760044.0 928381 1188536.2828017294 3469428.0190857574 599999
rl11849_n59240_bounded-strongly-corr_01.ttp: 7.0 5098183.0 7765783.0 927755 1192338.6912921933 3461440.324435183 599996
rl11849_n59240_bounded-strongly-corr_01.ttp: 40.0 5098150.0 7784950.0 927825 1186354.7870692783 3502209.218679906 599940
rl11849_n59240_bounded-strongly-corr_01.ttp: 15.0 5098175.0 7729175.0 928495 1171520.3603882222 3499986.498998518 600001
rl11849_n59240_bounded-strongly-corr_01.ttp: 34.0 5098156.0 7747956.0 928032 1183554.9247719685 3475322.7215731936 600002
rl11849_n59240_bounded-strongly-corr_01.ttp: 6.0 5098184.0 7739384.0 928773 1181540.5311387368 3474022.6825891603 600003
rl11849_n59240_bounded-strongly-corr_01.ttp: 36.0 5098154.0 7765754.0 928203 1186062.9289418296 3484066.826519995 600001
RESULTS FOR heuristics : 26
rl11849_n59240_bounded-strongly-corr_01.ttp: 0.0 5098190.0 7774290.0 928870 1186398.4503200832 3491391.5943444995 600002
rl11849_n59240_bounded-strongly-corr_01.ttp: 15.0 5098175.0 7764575.0 928514 1183377.3983394683 3492582.5919945193 600002
rl11849_n59240_bounded-strongly-corr_01.ttp: 0.0 5098190.0 7758790.0 928613 1198554.4513636364 3432008.4305772725 600002
rl11849_n59240_bounded-strongly-corr_01.ttp: 32.0 5098158.0 7743258.0 928087 1174588.2383929186 3502994.4594015637 600166
rl11849_n59240_bounded-strongly-corr_01.ttp: 37.0 5098153.0 7735153.0 928357 1185572.4776631724 3455236.3556359475 599990
rl11849_n59240_bounded-strongly-corr_01.ttp: 4.0 5098186.0 7754286.0 928648 1186732.3579619168 3470182.18775748 600002
rl11849_n59240_bounded-strongly-corr_01.ttp: 2.0 5098188.0 7768188.0 928327 1191647.9555925666 3466338.8803108344 600002
rl11849_n59240_bounded-strongly-corr_01.ttp: 30.0 5098160.0 7757160.0 929619 1178945.0194678165 3501168.479721183 600009
rl11849_n59240_bounded-strongly-corr_01.ttp: 13.0 5098177.0 7745377.0 928044 1188789.5440373346 3453846.7460252224 600058
rl11849_n59240_bounded-strongly-corr_01.ttp: 22.0 5098168.0 7757468.0 929221 1189351.5580341695 3463908.8754966483 600002
rl11849_n59240_bounded-strongly-corr_01.ttp: 40.0 5098150.0 7755350.0 928955 1186803.9808616848 3470987.629089318 600002
rl11849_n59240_bounded-strongly-corr_01.ttp: 13.0 5098177.0 7764277.0 927469 1190691.4315109332 3465880.932245531 600234
rl11849_n59240_bounded-strongly-corr_01.ttp: 20.0 5098170.0 7763870.0 927885 1185632.8813597653 3483735.2982912473 600204
rl11849_n59240_bounded-strongly-corr_01.ttp: 24.0 5098166.0 7747166.0 928825 1184959.7330497967 3469461.363690234 600205
rl11849_n59240_bounded-strongly-corr_01.ttp: 1.0 5098189.0 7770289.0 928247 1185722.8625172025 3489829.4663128993 600004
rl11849_n59240_bounded-strongly-corr_01.ttp: 34.0 5098156.0 7743856.0 929659 1183625.9091874054 3470966.467833467 600008
rl11849_n59240_bounded-strongly-corr_01.ttp: 79.0 5098111.0 7773711.0 927291 1191127.286090498 3473741.497213302 600002
rl11849_n59240_bounded-strongly-corr_01.ttp: 28.0 5098162.0 7754362.0 929213 1187420.324065295 3467774.630124285 600097
rl11849_n59240_bounded-strongly-corr_01.ttp: 20.0 5098170.0 7773270.0 928588 1189752.665171721 3478262.8787300875 600002
rl11849_n59240_bounded-strongly-corr_01.ttp: 2.0 5098188.0 7752488.0 928792 1193979.2261477956 3442222.9936064584 600003
rl11849_n59240_bounded-strongly-corr_01.ttp: 45.0 5098145.0 7737945.0 928708 1179821.3158485754 3478790.049786643 599988
rl11849_n59240_bounded-strongly-corr_01.ttp: 18.0 5098172.0 7757172.0 927385 1190650.1981289457 3458924.7847545063 600015
rl11849_n59240_bounded-strongly-corr_01.ttp: 17.0 5098173.0 7761173.0 927242 1176976.9213131976 3512286.314059357 600001
rl11849_n59240_bounded-strongly-corr_01.ttp: 8.0 5098182.0 7759082.0 928371 1182062.9185262532 3491834.8641202264 600112
rl11849_n59240_bounded-strongly-corr_01.ttp: 13.0 5098177.0 7768877.0 928027 1192580.9738875872 3463659.68426581 600002
rl11849_n59240_bounded-strongly-corr_01.ttp: 36.0 5098154.0 7761154.0 928670 1187366.5342080572 3474760.8115089135 600002
rl11849_n59240_bounded-strongly-corr_01.ttp: 10.0 5098180.0 7740080.0 927529 1173050.1749438678 3505368.8684526375 600004
rl11849_n59240_bounded-strongly-corr_01.ttp: 4.0 5098186.0 7732886.0 928959 1181906.9583739133 3466201.880270173 600000
rl11849_n59240_bounded-strongly-corr_01.ttp: 16.0 5098174.0 7754874.0 928169 1181807.7773333853 3488547.9238264794 600000
rl11849_n59240_bounded-strongly-corr_01.ttp: 19.0 5098171.0 7749871.0 927812 1189895.8673809515 3454346.918754765 600002
RESULTS FOR heuristics : 27
rl11849_n59240_bounded-strongly-corr_01.ttp: 69.0 5098121.0 7753221.0 929346 1170599.261957416 3527357.664333728 600001
rl11849_n59240_bounded-strongly-corr_01.ttp: 1.0 5098189.0 7758389.0 927872 1180016.7702755302 3498528.459305336 599993
rl11849_n59240_bounded-strongly-corr_01.ttp: 78.0 5098112.0 7743612.0 927835 1172175.8838598153 3512057.059266067 600002
rl11849_n59240_bounded-strongly-corr_01.ttp: 35.0 5098155.0 7742455.0 928031 1176765.9229911987 3494330.0180017725 600000
rl11849_n59240_bounded-strongly-corr_01.ttp: 49.0 5098141.0 7742641.0 928440 1173731.220474518 3505471.294086991 600016
rl11849_n59240_bounded-strongly-corr_01.ttp: 13.0 5098177.0 7774877.0 928351 1189667.6986499708 3480176.6078736056 599999
rl11849_n59240_bounded-strongly-corr_01.ttp: 4.0 5098186.0 7757386.0 927800 1180651.7261366637 3495233.2686466444 599999
rl11849_n59240_bounded-strongly-corr_01.ttp: 11.0 5098179.0 7765479.0 928683 1182554.3872187126 3496457.6621404476 600002
rl11849_n59240_bounded-strongly-corr_01.ttp: 17.0 5098173.0 7756273.0 928049 1179359.1726549363 3498786.3867156804 600093
rl11849_n59240_bounded-strongly-corr_01.ttp: 33.0 5098157.0 7744157.0 927850 1181975.0785302413 3477226.9665058292 600009
rl11849_n59240_bounded-strongly-corr_01.ttp: 13.0 5098177.0 7760677.0 928132 1179126.2368855935 3504031.284843008 599999
rl11849_n59240_bounded-strongly-corr_01.ttp: 35.0 5098155.0 7773955.0 927613 1186972.6702664809 3488983.660338004 599999
rl11849_n59240_bounded-strongly-corr_01.ttp: 29.0 5098161.0 7770961.0 928305 1180695.1203506382 3508651.6155341966 599999
rl11849_n59240_bounded-strongly-corr_01.ttp: 84.0 5098106.0 7757906.0 928867 1182834.6078292497 3487873.0657364083 600000
rl11849_n59240_bounded-strongly-corr_01.ttp: 112.0 5098078.0 7766978.0 928175 1180298.2656578093 3506101.2609753087 599999
rl11849_n59240_bounded-strongly-corr_01.ttp: 1.0 5098189.0 7752189.0 927944 1181513.414776001 3486925.5726586366 600000
rl11849_n59240_bounded-strongly-corr_01.ttp: 32.0 5098158.0 7759158.0 928245 1179014.1043273958 3502917.0833781017 599999
rl11849_n59240_bounded-strongly-corr_01.ttp: 31.0 5098159.0 7757259.0 928725 1186102.2774522805 3475429.7783972677 599999
rl11849_n59240_bounded-strongly-corr_01.ttp: 15.0 5098175.0 7750675.0 928844 1180740.0875468892 3488203.2839557305 599999
rl11849_n59240_bounded-strongly-corr_01.ttp: 23.0 5098167.0 7766067.0 928328 1181175.6272680683 3502022.9855622733 600000
rl11849_n59240_bounded-strongly-corr_01.ttp: 57.0 5098133.0 7781133.0 928550 1186576.8317355418 3497590.637434694 600010
rl11849_n59240_bounded-strongly-corr_01.ttp: 1.0 5098189.0 7747889.0 927960 1178065.79415151 3495071.4831130486 600154
rl11849_n59240_bounded-strongly-corr_01.ttp: 2.0 5098188.0 7760588.0 927513 1180143.4523421356 3500270.137044891 599996
rl11849_n59240_bounded-strongly-corr_01.ttp: 53.0 5098137.0 7747337.0 928521 1177658.4059015568 3495990.1546953795 599996
rl11849_n59240_bounded-strongly-corr_01.ttp: 5.0 5098185.0 7762785.0 928746 1185605.5009409164 3482749.141603292 600002
rl11849_n59240_bounded-strongly-corr_01.ttp: 93.0 5098097.0 7754897.0 929137 1180773.0155144453 3492306.413992853 599999
rl11849_n59240_bounded-strongly-corr_01.ttp: 55.0 5098135.0 7746635.0 928072 1176717.906384916 3498683.3579504536 600041
rl11849_n59240_bounded-strongly-corr_01.ttp: 40.0 5098150.0 7761050.0 928328 1178962.4116057015 3504995.694103418 600220
rl11849_n59240_bounded-strongly-corr_01.ttp: 100.0 5098090.0 7765890.0 928253 1180447.4666310812 3504474.645461797 600002
rl11849_n59240_bounded-strongly-corr_01.ttp: 9.0 5098181.0 7751881.0 927570 1175153.1604205074 3509578.090881968 600000
RESULTS FOR heuristics : 28
rl11849_n59240_bounded-strongly-corr_01.ttp: 25.0 5098165.0 7753165.0 927857 1177730.549699176 3501557.715585974 600002
rl11849_n59240_bounded-strongly-corr_01.ttp: 0.0 5098190.0 7765290.0 928122 1181133.6010238086 3501397.700304051 599914
rl11849_n59240_bounded-strongly-corr_01.ttp: 4.0 5098186.0 7761086.0 929561 1182906.4092649238 3490793.8625536254 600009
rl11849_n59240_bounded-strongly-corr_01.ttp: 4.0 5098186.0 7765786.0 928800 1181491.5117195202 3500601.6426925324 600003
rl11849_n59240_bounded-strongly-corr_01.ttp: 10.0 5098180.0 7759180.0 928007 1179558.377692481 3500974.2565301433 600125
rl11849_n59240_bounded-strongly-corr_01.ttp: 0.0 5098190.0 7759390.0 927835 1179908.3289512226 3499920.932486086 600118
rl11849_n59240_bounded-strongly-corr_01.ttp: 9.0 5098181.0 7752181.0 928668 1179895.003077326 3492760.0388908526 600220
rl11849_n59240_bounded-strongly-corr_01.ttp: 67.0 5098123.0 7783323.0 928056 1186933.0755230077 3498494.5973619428 600008
rl11849_n59240_bounded-strongly-corr_01.ttp: 0.0 5098190.0 7743190.0 927506 1173885.3252350942 3505463.9759013103 600113
rl11849_n59240_bounded-strongly-corr_01.ttp: 4.0 5098186.0 7766686.0 928362 1186911.8695862847 3481934.1507935124 600002
rl11849_n59240_bounded-strongly-corr_01.ttp: 3.0 5098187.0 7760687.0 928061 1185999.3853221892 3479229.218986897 600002
rl11849_n59240_bounded-strongly-corr_01.ttp: 10.0 5098180.0 7751780.0 927483 1179341.7410715714 3494356.3147316277 600001
rl11849_n59240_bounded-strongly-corr_01.ttp: 21.0 5098169.0 7761069.0 927650 1185297.2737295674 3482145.8418362616 599984
rl11849_n59240_bounded-strongly-corr_01.ttp: 81.0 5098109.0 7733909.0 926940 1173968.9439662837 3495881.1122817164 600002
rl11849_n59240_bounded-strongly-corr_01.ttp: 61.0 5098129.0 7772429.0 927768 1187106.039099046 3486976.198852444 600002
rl11849_n59240_bounded-strongly-corr_01.ttp: 2.0 5098188.0 7749488.0 929561 1179938.2239550203 3489911.011522377 600003
rl11849_n59240_bounded-strongly-corr_01.ttp: 1.0 5098189.0 7747589.0 928143 1173825.059778719 3510080.5341988243 600001
rl11849_n59240_bounded-strongly-corr_01.ttp: 67.0 5098123.0 7754123.0 927930 1184783.0258059187 3477056.2768406337 600131
rl11849_n59240_bounded-strongly-corr_01.ttp: 13.0 5098177.0 7773377.0 927241 1188173.2999189673 3484071.3872925285 600192
rl11849_n59240_bounded-strongly-corr_01.ttp: 29.0 5098161.0 7754061.0 928680 1177860.747579872 3501983.7012366625 600142
rl11849_n59240_bounded-strongly-corr_01.ttp: 56.0 5098134.0 7764434.0 928850 1183973.5962991167 3490289.317360189 600224
rl11849_n59240_bounded-strongly-corr_01.ttp: 8.0 5098182.0 7747382.0 930236 1178658.640000185 3492424.3095993325 599998
rl11849_n59240_bounded-strongly-corr_01.ttp: 27.0 5098163.0 7782163.0 927757 1191248.0268210352 3481757.6231760634 599993
rl11849_n59240_bounded-strongly-corr_01.ttp: 6.0 5098184.0 7766884.0 927147 1183092.5179303838 3495920.0102713145 599801
rl11849_n59240_bounded-strongly-corr_01.ttp: 26.0 5098164.0 7761964.0 928210 1181947.3327018383 3495134.128946364 600054
rl11849_n59240_bounded-strongly-corr_01.ttp: 11.0 5098179.0 7740279.0 928378 1178258.87133237 3486764.4744901443 600004
rl11849_n59240_bounded-strongly-corr_01.ttp: 1.0 5098189.0 7773089.0 928421 1185612.1165135894 3493029.2593859425 600033
rl11849_n59240_bounded-strongly-corr_01.ttp: 11.0 5098179.0 7745779.0 927503 1179339.727309985 3488362.5844109543 600043
rl11849_n59240_bounded-strongly-corr_01.ttp: 44.0 5098146.0 7763346.0 929352 1182212.9523173913 3495557.242134217 600009
rl11849_n59240_bounded-strongly-corr_01.ttp: 56.0 5098134.0 7774934.0 928150 1182696.3109399932 3505400.3175066244 600179
RESULTS FOR heuristics : 29
rl11849_n59240_bounded-strongly-corr_01.ttp: 25.0 5098165.0 7737965.0 928884 1178360.499032039 3484083.5984943397 600001
rl11849_n59240_bounded-strongly-corr_01.ttp: 56.0 5098134.0 7771634.0 927424 1192366.9647990349 3467189.257075484 599999
rl11849_n59240_bounded-strongly-corr_01.ttp: 15.0 5098175.0 7751875.0 928887 1190868.8146469863 3452838.57912438 600000
rl11849_n59240_bounded-strongly-corr_01.ttp: 14.0 5098176.0 7756876.0 929104 1189650.37931094 3462238.130687507 600000
rl11849_n59240_bounded-strongly-corr_01.ttp: 7.0 5098183.0 7776283.0 929014 1188637.2463683821 3485302.540610141 600000
rl11849_n59240_bounded-strongly-corr_01.ttp: 39.0 5098151.0 7745551.0 928230 1195294.6563787942 3430537.290472553 600000
rl11849_n59240_bounded-strongly-corr_01.ttp: 59.0 5098131.0 7761431.0 928970 1194886.2204880216 3447891.744038242 600000
rl11849_n59240_bounded-strongly-corr_01.ttp: 20.0 5098170.0 7743470.0 927149 1187201.9324203471 3457671.023962547 600001
rl11849_n59240_bounded-strongly-corr_01.ttp: 58.0 5098132.0 7737432.0 929289 1179288.7324160289 3480199.6759781362 600043
rl11849_n59240_bounded-strongly-corr_01.ttp: 33.0 5098157.0 7760357.0 928364 1191571.1266398288 3458785.232830218 600004
rl11849_n59240_bounded-strongly-corr_01.ttp: 0.0 5098190.0 7769890.0 927792 1186034.9524065559 3488303.8218123335 599999
rl11849_n59240_bounded-strongly-corr_01.ttp: 7.0 5098183.0 7776683.0 928452 1193521.580595916 3468070.094048744 600000
rl11849_n59240_bounded-strongly-corr_01.ttp: 6.0 5098184.0 7763084.0 927839 1184836.1090676328 3485825.6462658457 599999
rl11849_n59240_bounded-strongly-corr_01.ttp: 31.0 5098159.0 7763459.0 927291 1188705.3436904233 3472232.709277572 600000
rl11849_n59240_bounded-strongly-corr_01.ttp: 22.0 5098168.0 7759368.0 929631 1192070.052409542 3455995.1108015534 599999
rl11849_n59240_bounded-strongly-corr_01.ttp: 35.0 5098155.0 7728955.0 928774 1188277.5591400694 3439273.0115043493 600001
rl11849_n59240_bounded-strongly-corr_01.ttp: 18.0 5098172.0 7766572.0 927389 1179840.0842439942 3507349.2958791815 599999
rl11849_n59240_bounded-strongly-corr_01.ttp: 28.0 5098162.0 7748162.0 929138 1188060.346246446 3459264.15005033 600017
rl11849_n59240_bounded-strongly-corr_01.ttp: 6.0 5098184.0 7756884.0 927744 1181547.084504987 3491499.0249369964 600000
rl11849_n59240_bounded-strongly-corr_01.ttp: 2.0 5098188.0 7746488.0 929155 1174479.2308058226 3506617.9767909804 599991
rl11849_n59240_bounded-strongly-corr_01.ttp: 38.0 5098152.0 7756552.0 927065 1179890.3164232564 3497147.957712045 600000
rl11849_n59240_bounded-strongly-corr_01.ttp: 5.0 5098185.0 7746285.0 927387 1185753.910258164 3465713.3839680282 599999
rl11849_n59240_bounded-strongly-corr_01.ttp: 43.0 5098147.0 7748447.0 928128 1184398.0442181034 3472770.060372647 600000
rl11849_n59240_bounded-strongly-corr_01.ttp: 13.0 5098177.0 7751577.0 929466 1184788.2850751379 3474491.2908787522 600000
rl11849_n59240_bounded-strongly-corr_01.ttp: 7.0 5098183.0 7776583.0 928259 1193021.7743354372 3469774.3946490716 599999
rl11849_n59240_bounded-strongly-corr_01.ttp: 47.0 5098143.0 7754843.0 928181 1179190.9237147733 3497963.7653896688 599991
rl11849_n59240_bounded-strongly-corr_01.ttp: 49.0 5098141.0 7756341.0 928798 1185069.2557528247 3478240.986732303 608665
rl11849_n59240_bounded-strongly-corr_01.ttp: 60.0 5098130.0 7745330.0 928625 1185253.361472261 3466565.365085138 600000
rl11849_n59240_bounded-strongly-corr_01.ttp: 66.0 5098124.0 7750024.0 927445 1186402.8405146003 3467109.745742293 600002
rl11849_n59240_bounded-strongly-corr_01.ttp: 1.0 5098189.0 7750589.0 928377 1178719.2389544996 3495412.547374257 600030
RESULTS FOR heuristics : 30
rl11849_n59240_bounded-strongly-corr_01.ttp: 7.0 5098183.0 7763883.0 928885 1191101.9299355228 3464005.032932763 600056
rl11849_n59240_bounded-strongly-corr_01.ttp: 0.0 5098190.0 7757690.0 928822 1184981.9725562045 3479905.079072102 600003
rl11849_n59240_bounded-strongly-corr_01.ttp: 106.0 5098084.0 7744984.0 928234 1190333.3167974316 3447880.726361272 600002
rl11849_n59240_bounded-strongly-corr_01.ttp: 15.0 5098175.0 7740975.0 927754 1186899.9611433716 3456266.1402724283 600191
rl11849_n59240_bounded-strongly-corr_01.ttp: 37.0 5098153.0 7764553.0 927790 1188722.6345004952 3473264.289453212 600003
rl11849_n59240_bounded-strongly-corr_01.ttp: 20.0 5098170.0 7751670.0 928678 1190216.6393851815 3454987.931819495 600002
rl11849_n59240_bounded-strongly-corr_01.ttp: 83.0 5098107.0 7749107.0 928230 1187963.6671976838 3460558.161416361 600176
rl11849_n59240_bounded-strongly-corr_01.ttp: 3.0 5098187.0 7765287.0 927452 1191279.2128892662 3464769.041469749 600002
rl11849_n59240_bounded-strongly-corr_01.ttp: 37.0 5098153.0 7744853.0 928182 1182621.4461799252 3475589.57929047 600002
rl11849_n59240_bounded-strongly-corr_01.ttp: 3.0 5098187.0 7742587.0 928005 1185258.6230286753 3463803.370866482 600042
rl11849_n59240_bounded-strongly-corr_01.ttp: 1.0 5098189.0 7754789.0 927839 1182976.7777272703 3484242.832404555 600040
rl11849_n59240_bounded-strongly-corr_01.ttp: 7.0 5098183.0 7754183.0 927386 1183642.327521219 3481234.1976483995 600002
rl11849_n59240_bounded-strongly-corr_01.ttp: 79.0 5098111.0 7762311.0 929121 1198386.2953751837 3436136.4736955874 600002
rl11849_n59240_bounded-strongly-corr_01.ttp: 9.0 5098181.0 7771681.0 928367 1188746.1314122516 3480307.465601772 600002
rl11849_n59240_bounded-strongly-corr_01.ttp: 21.0 5098169.0 7762469.0 929375 1193740.2688147195 3453066.6295788623 600002
rl11849_n59240_bounded-strongly-corr_01.ttp: 34.0 5098156.0 7757156.0 928857 1191983.14394326 3454096.8503648313 600001
rl11849_n59240_bounded-strongly-corr_01.ttp: 13.0 5098177.0 7775177.0 928004 1185130.283847203 3496856.675311597 600007
rl11849_n59240_bounded-strongly-corr_01.ttp: 5.0 5098185.0 7742485.0 928042 1180050.3663878504 3482503.1773398602 600173
rl11849_n59240_bounded-strongly-corr_01.ttp: 10.0 5098180.0 7756280.0 928351 1193690.5280416093 3447057.19376979 599992
rl11849_n59240_bounded-strongly-corr_01.ttp: 11.0 5098179.0 7736479.0 929226 1186413.1773890827 3453527.4296254115 600002
rl11849_n59240_bounded-strongly-corr_01.ttp: 29.0 5098161.0 7746061.0 928056 1189310.403647744 3452650.442831644 600002
rl11849_n59240_bounded-strongly-corr_01.ttp: 8.0 5098182.0 7759182.0 928161 1185806.5085881324 3478420.5039968416 600002
rl11849_n59240_bounded-strongly-corr_01.ttp: 7.0 5098183.0 7752883.0 929923 1188334.0514955898 3462997.074100921 600002
rl11849_n59240_bounded-strongly-corr_01.ttp: 17.0 5098173.0 7746673.0 928263 1181186.7644042359 3482588.780500709 600076
rl11849_n59240_bounded-strongly-corr_01.ttp: 8.0 5098182.0 7744682.0 928010 1184458.5047654067 3468786.7977968818 600002
rl11849_n59240_bounded-strongly-corr_01.ttp: 32.0 5098158.0 7769458.0 929978 1188408.7705446538 3479302.3383338004 600001
rl11849_n59240_bounded-strongly-corr_01.ttp: 44.0 5098146.0 7761646.0 927063 1191275.2212204752 3461142.451394085 600000
rl11849_n59240_bounded-strongly-corr_01.ttp: 1.0 5098189.0 7738089.0 929013 1191302.229165097 3437487.952714 600000
rl11849_n59240_bounded-strongly-corr_01.ttp: 67.0 5098123.0 7755423.0 928509 1181235.8970369722 3491161.411696531 600000
rl11849_n59240_bounded-strongly-corr_01.ttp: 40.0 5098150.0 7741150.0 929366 1185918.6911511554 3459983.5249443296 599999
