Enter TTP instance file:
RESULTS FOR heuristics : 20
rat783_n782_uncorr_01.ttp: 1983.0 33209.0 109917.0 9269 12975.708114079564 34787.65001947933 852
rat783_n782_uncorr_01.ttp: 2433.0 32759.0 109076.0 9255 12864.047151741703 34593.166991415535 756
rat783_n782_uncorr_01.ttp: 2736.0 32456.0 111109.0 9252 13305.327047209577 34071.156396656545 707
rat783_n782_uncorr_01.ttp: 2219.0 32973.0 110146.0 9255 13092.967176967464 34337.72004535838 701
rat783_n782_uncorr_01.ttp: 1578.0 33614.0 110331.0 9252 13131.74680751514 34298.18598448734 724
rat783_n782_uncorr_01.ttp: 2580.0 32612.0 111671.0 9245 13524.839532562999 33362.17910646023 774
rat783_n782_uncorr_01.ttp: 2843.0 32349.0 109257.0 9254 13229.795510469572 32656.483994381182 826
rat783_n782_uncorr_01.ttp: 2235.0 32957.0 109058.0 9252 12910.763187142002 34304.68114644781 729
rat783_n782_uncorr_01.ttp: 1523.0 33669.0 109188.0 9277 13019.278319684681 33806.37852902569 666
rat783_n782_uncorr_01.ttp: 1419.0 33773.0 110453.0 9256 13246.889972119461 33753.50706142832 731
rat783_n782_uncorr_01.ttp: 1558.0 33634.0 109771.0 9254 13070.315083748505 34093.87566509616 739
rat783_n782_uncorr_01.ttp: 1961.0 33231.0 110927.0 9254 12973.132126273378 35812.564988877144 663
rat783_n782_uncorr_01.ttp: 1418.0 33774.0 109377.0 9259 13094.317962337902 33560.89899806355 862
rat783_n782_uncorr_01.ttp: 2833.0 32359.0 111712.0 9254 13426.631327451194 33971.80461405759 760
rat783_n782_uncorr_01.ttp: 1558.0 33634.0 109771.0 9253 13057.316249346062 34169.138916286305 716
rat783_n782_uncorr_01.ttp: 634.0 34558.0 108887.0 9252 12816.463598533028 34679.675764493775 614
rat783_n782_uncorr_01.ttp: 1881.0 33311.0 109261.0 9259 13074.289209917088 33560.86547458006 645
rat783_n782_uncorr_01.ttp: 2511.0 32681.0 108836.0 9276 13269.541877987303 32005.352526453513 684
rat783_n782_uncorr_01.ttp: 647.0 34545.0 109736.0 9253 13153.162967797685 33579.1864164514 762
rat783_n782_uncorr_01.ttp: 1558.0 33634.0 109771.0 9252 13054.953148512932 34182.82127011013 751
rat783_n782_uncorr_01.ttp: 2194.0 32998.0 110163.0 9257 13214.564997067224 33650.66866698077 692
rat783_n782_uncorr_01.ttp: 1558.0 33634.0 109771.0 9254 13056.319778676669 34174.90848146209 661
rat783_n782_uncorr_01.ttp: 1463.0 33729.0 110915.0 9256 13136.073297519266 34857.13560736345 643
rat783_n782_uncorr_01.ttp: 1441.0 33751.0 109800.0 9263 13144.68141191611 33692.29462500573 640
rat783_n782_uncorr_01.ttp: 2514.0 32678.0 111037.0 9255 13179.724343653206 34726.39605024793 681
rat783_n782_uncorr_01.ttp: 2706.0 32486.0 112244.0 9253 13686.302306524422 33000.309645223606 613
rat783_n782_uncorr_01.ttp: 2443.0 32749.0 108949.0 9254 13046.392820250285 33410.38557075085 781
rat783_n782_uncorr_01.ttp: 1827.0 33365.0 111284.0 9256 13218.931437327612 34746.38697787313 759
rat783_n782_uncorr_01.ttp: 3060.0 32132.0 107494.0 9252 12941.073198331826 32565.186181658733 713
rat783_n782_uncorr_01.ttp: 2443.0 32749.0 108949.0 9254 13046.39777869767 33410.35686134049 618
RESULTS FOR heuristics : 21
rat783_n782_uncorr_01.ttp: 1358.0 33834.0 109440.0 9273 13048.05133134019 33891.7827915403 695
rat783_n782_uncorr_01.ttp: 2272.0 32920.0 109209.0 9276 13083.75317967186 33454.06908969993 653
rat783_n782_uncorr_01.ttp: 2275.0 32917.0 110515.0 9279 13057.314032119055 34913.15175403067 728
rat783_n782_uncorr_01.ttp: 2069.0 33123.0 111212.0 9264 13041.58026916077 35701.250241559144 885
rat783_n782_uncorr_01.ttp: 1804.0 33388.0 109501.0 9255 12900.247269244312 34808.56831107543 718
rat783_n782_uncorr_01.ttp: 1739.0 33453.0 109243.0 9257 13205.951016694313 32780.543613339934 796
rat783_n782_uncorr_01.ttp: 1182.0 34010.0 110018.0 9257 13254.668304108944 33273.47051920922 671
rat783_n782_uncorr_01.ttp: 2512.0 32680.0 109566.0 9253 12928.555710756182 34709.6624347217 745
rat783_n782_uncorr_01.ttp: 2751.0 32441.0 108226.0 9254 13042.594223835857 32709.379443990387 1291
rat783_n782_uncorr_01.ttp: 685.0 34507.0 109530.0 9256 12974.32112797048 34408.680669050926 1209
rat783_n782_uncorr_01.ttp: 1811.0 33381.0 109094.0 9256 13174.8054237532 32811.87659646897 1446
rat783_n782_uncorr_01.ttp: 1369.0 33823.0 108348.0 9255 13031.069807552345 32898.10581427193 1395
rat783_n782_uncorr_01.ttp: 2777.0 32415.0 109656.0 9273 13126.626207743013 33652.83425716795 1251
rat783_n782_uncorr_01.ttp: 2408.0 32784.0 110500.0 9276 13040.593877109042 34994.96145153865 1376
rat783_n782_uncorr_01.ttp: 2597.0 32595.0 109316.0 9262 13059.787898190596 33699.828069476454 1274
rat783_n782_uncorr_01.ttp: 2929.0 32263.0 107864.0 9252 12984.202984940877 32685.464717192313 1282
rat783_n782_uncorr_01.ttp: 1466.0 33726.0 109806.0 9257 13160.279740095015 33607.98030484986 1670
rat783_n782_uncorr_01.ttp: 1191.0 34001.0 108667.0 9252 13071.628759618132 32982.26948181102 1538
rat783_n782_uncorr_01.ttp: 2416.0 32776.0 110393.0 9249 12954.587886632231 35385.93613639938 1405
rat783_n782_uncorr_01.ttp: 2597.0 32595.0 109316.0 9259 13022.720636433263 33914.447515051404 1689
rat783_n782_uncorr_01.ttp: 1750.0 33442.0 109175.0 9253 13094.653073244699 33356.95870591319 1538
rat783_n782_uncorr_01.ttp: 1139.0 34053.0 109966.0 9253 12871.922738396983 35437.567344681476 1350
rat783_n782_uncorr_01.ttp: 1647.0 33545.0 109590.0 9252 13020.997098441381 34198.426800024405 1236
rat783_n782_uncorr_01.ttp: 2340.0 32852.0 111166.0 9276 13134.609858563128 35116.60891891949 1703
rat783_n782_uncorr_01.ttp: 2516.0 32676.0 109654.0 9250 12967.826580340588 34570.284099827986 1915
rat783_n782_uncorr_01.ttp: 2198.0 32994.0 110417.0 9267 13065.105779782254 34770.03753506075 1865
rat783_n782_uncorr_01.ttp: 2844.0 32348.0 109433.0 9291 13076.009979307817 33722.902219807744 2252
rat783_n782_uncorr_01.ttp: 1531.0 33661.0 108366.0 9256 13115.627471161486 32426.516941975002 2113
rat783_n782_uncorr_01.ttp: 1261.0 33931.0 108781.0 9277 13181.355906438988 32460.949301718254 2185
rat783_n782_uncorr_01.ttp: 1139.0 34053.0 109966.0 9251 12856.078901714538 35529.30315907282 2019
RESULTS FOR heuristics : 22
rat783_n782_uncorr_01.ttp: 1293.0 33899.0 109175.0 9250 12865.100375476506 34686.068825991024 599827
rat783_n782_uncorr_01.ttp: 1475.0 33717.0 108537.0 9279 13208.32300584329 32060.80979616735 599809
rat783_n782_uncorr_01.ttp: 2393.0 32799.0 109588.0 9258 13219.52706172897 33046.938312589264 599817
rat783_n782_uncorr_01.ttp: 2380.0 32812.0 110514.0 9250 12994.959858174405 35273.18242117019 599796
rat783_n782_uncorr_01.ttp: 1383.0 33809.0 108792.0 9251 12787.836736274896 34750.42529696836 599791
rat783_n782_uncorr_01.ttp: 2118.0 33074.0 109668.0 9255 13056.665904969166 34069.904410228526 599803
rat783_n782_uncorr_01.ttp: 2769.0 32423.0 108370.0 9254 12924.556547991944 33536.81758712664 599841
rat783_n782_uncorr_01.ttp: 2369.0 32823.0 110387.0 9274 13034.88230553162 34915.03145097192 599806
rat783_n782_uncorr_01.ttp: 2376.0 32816.0 110091.0 9270 13066.606259087435 34435.34975988374 599827
rat783_n782_uncorr_01.ttp: 1401.0 33791.0 108520.0 9273 13182.590795290189 32192.79929526981 599790
rat783_n782_uncorr_01.ttp: 2317.0 32875.0 110294.0 9260 13036.35506593403 34813.504168241954 599835
rat783_n782_uncorr_01.ttp: 2242.0 32950.0 110139.0 9251 13038.757208486792 34644.59576286147 599825
rat783_n782_uncorr_01.ttp: 1577.0 33615.0 110023.0 9259 13079.224096522843 34294.29248113274 599790
rat783_n782_uncorr_01.ttp: 2281.0 32911.0 110005.0 9254 12926.124133741087 35162.74126563911 599801
rat783_n782_uncorr_01.ttp: 2082.0 33110.0 109319.0 9252 12956.306868402186 34301.98323195135 599799
rat783_n782_uncorr_01.ttp: 2646.0 32546.0 109776.0 9257 13028.682676572138 34339.927302647324 599808
rat783_n782_uncorr_01.ttp: 1123.0 34069.0 109122.0 9255 12953.857398458265 34119.165662926636 599806
rat783_n782_uncorr_01.ttp: 1473.0 33719.0 108590.0 9253 12927.056049978075 33742.34547062694 599797
rat783_n782_uncorr_01.ttp: 2083.0 33109.0 111145.0 9255 13236.76816707285 34504.1123126482 599791
rat783_n782_uncorr_01.ttp: 1172.0 34020.0 109205.0 9272 12850.256639002253 34802.01406017695 599827
rat783_n782_uncorr_01.ttp: 1242.0 33950.0 108211.0 9250 12963.338227167826 33153.27166469829 599790
rat783_n782_uncorr_01.ttp: 2757.0 32435.0 108248.0 9254 13068.088417557368 32583.76806234283 599818
rat783_n782_uncorr_01.ttp: 1062.0 34130.0 109206.0 9279 12982.471918919557 34037.48758945576 599801
rat783_n782_uncorr_01.ttp: 2888.0 32304.0 110104.0 9279 13246.080708337247 33409.19269872733 599829
rat783_n782_uncorr_01.ttp: 1714.0 33478.0 109452.0 9260 13240.35950910464 32790.31844228413 599835
rat783_n782_uncorr_01.ttp: 1779.0 33413.0 108979.0 9280 13177.681474807125 32680.224260866744 599795
rat783_n782_uncorr_01.ttp: 1558.0 33634.0 109771.0 9257 13127.253489209292 33764.2022974782 599820
rat783_n782_uncorr_01.ttp: 2398.0 32794.0 110122.0 9249 13235.4993788591 33488.458596405806 599790
rat783_n782_uncorr_01.ttp: 2769.0 32423.0 108370.0 9254 12943.189014600046 33428.93560546574 599822
rat783_n782_uncorr_01.ttp: 1110.0 34082.0 109449.0 9254 13041.64219774902 33937.89167503317 599806
RESULTS FOR heuristics : 23
rat783_n782_uncorr_01.ttp: 2808.0 32384.0 112396.0 9263 13218.470135779904 35861.05791383436 79529
rat783_n782_uncorr_01.ttp: 2832.0 32360.0 110328.0 9325 13302.211619631062 33308.19472233615 79858
rat783_n782_uncorr_01.ttp: 1448.0 33744.0 111499.0 9270 13224.390812372167 34929.77719636516 55280
rat783_n782_uncorr_01.ttp: 2111.0 33081.0 110598.0 9252 13208.977060367928 34118.02282046969 54058
rat783_n782_uncorr_01.ttp: 1428.0 33764.0 109480.0 9258 12909.091159196347 34736.36218825316 54154
rat783_n782_uncorr_01.ttp: 1558.0 33634.0 109771.0 9269 13016.149525785775 34407.49424570036 79184
rat783_n782_uncorr_01.ttp: 1482.0 33710.0 108834.0 9311 13145.481777252671 32721.660509707028 80289
rat783_n782_uncorr_01.ttp: 800.0 34392.0 109587.0 9272 13037.979491323325 34097.09874523795 55018
rat783_n782_uncorr_01.ttp: 1672.0 33520.0 110229.0 9253 12927.553886052478 35378.46299975616 53667
rat783_n782_uncorr_01.ttp: 1778.0 33414.0 110043.0 9250 13036.56093688905 34561.3121754124 53758
rat783_n782_uncorr_01.ttp: 1434.0 33758.0 109482.0 9267 12994.110521062521 34246.100083048004 54061
rat783_n782_uncorr_01.ttp: 2316.0 32876.0 109428.0 9256 13068.881337955207 33759.17705323936 54867
rat783_n782_uncorr_01.ttp: 1289.0 33903.0 108981.0 9262 12937.906060904137 34070.523907365045 54268
rat783_n782_uncorr_01.ttp: 3507.0 31685.0 111547.0 9274 13486.332389883673 33461.135462573526 54128
rat783_n782_uncorr_01.ttp: 2414.0 32778.0 109155.0 9347 13189.176706398503 32789.66686995266 53794
rat783_n782_uncorr_01.ttp: 758.0 34434.0 109531.0 9261 13046.05191378837 33994.35941916534 54043
rat783_n782_uncorr_01.ttp: 2459.0 32733.0 109944.0 9277 12818.68629563444 35723.8063482766 80017
rat783_n782_uncorr_01.ttp: 3060.0 32132.0 107494.0 9254 12942.633589304316 32556.15151792801 54864
rat783_n782_uncorr_01.ttp: 2325.0 32867.0 111107.0 9276 13253.857670387932 34367.16408845388 80036
rat783_n782_uncorr_01.ttp: 2238.0 32954.0 113218.0 9284 13881.163319934303 32846.06437758039 54002
rat783_n782_uncorr_01.ttp: 2667.0 32525.0 110214.0 9320 13253.743088724332 33474.827516286125 80458
rat783_n782_uncorr_01.ttp: 3130.0 32062.0 110764.0 9367 13476.879688450927 32732.86660386913 80214
rat783_n782_uncorr_01.ttp: 955.0 34237.0 108556.0 9263 13006.38565443137 33249.027060842374 54878
rat783_n782_uncorr_01.ttp: 1906.0 33286.0 110775.0 9288 13266.843054933626 33959.97871193431 54917
rat783_n782_uncorr_01.ttp: 2052.0 33140.0 111188.0 9309 13400.157532788715 33601.087885153334 79423
rat783_n782_uncorr_01.ttp: 647.0 34545.0 109736.0 9272 13152.481783790792 33583.13047185131 54176
rat783_n782_uncorr_01.ttp: 2466.0 32726.0 111770.0 9277 13253.61971756196 35031.54183531625 80465
rat783_n782_uncorr_01.ttp: 3060.0 32132.0 107494.0 9259 12918.018128189296 32698.675037783978 53699
rat783_n782_uncorr_01.ttp: 1558.0 33634.0 109771.0 9272 13075.896455748913 34061.5595212138 78982
rat783_n782_uncorr_01.ttp: 2417.0 32775.0 111624.0 9284 13369.979681848887 34211.817642094946 79302
RESULTS FOR heuristics : 24
rat783_n782_uncorr_01.ttp: 1886.0 33306.0 111852.0 9258 13096.744600501715 36021.84876309507 598124
rat783_n782_uncorr_01.ttp: 2694.0 32498.0 111852.0 9256 13103.380133857165 35983.429024967016 597221
rat783_n782_uncorr_01.ttp: 2694.0 32498.0 111852.0 9256 13105.172206540989 35973.05292412768 596946
rat783_n782_uncorr_01.ttp: 2303.0 32889.0 111002.0 9257 12938.651003810468 36087.21068793739 596437
rat783_n782_uncorr_01.ttp: 2350.0 32842.0 111292.0 9257 13008.475952098086 35972.92423735208 597458
rat783_n782_uncorr_01.ttp: 1827.0 33365.0 111856.0 9258 13094.186946484606 36040.65757985413 597533
rat783_n782_uncorr_01.ttp: 2662.0 32530.0 112091.0 9259 13122.593310214557 36111.184733857706 597782
rat783_n782_uncorr_01.ttp: 2611.0 32581.0 112313.0 9258 13188.030938665319 35954.30086512781 597108
rat783_n782_uncorr_01.ttp: 1557.0 33635.0 111154.0 9255 12962.664000438468 36100.175437461265 596329
rat783_n782_uncorr_01.ttp: 1752.0 33440.0 112182.0 9258 13162.081342900996 35973.54902460323 596902
rat783_n782_uncorr_01.ttp: 2429.0 32763.0 111618.0 9254 13080.429875210075 35882.31102253367 597470
rat783_n782_uncorr_01.ttp: 2335.0 32857.0 111704.0 9258 13070.09976083339 36028.12238477467 597565
rat783_n782_uncorr_01.ttp: 2155.0 33037.0 112606.0 9255 13226.740198775218 36023.17424909149 597432
rat783_n782_uncorr_01.ttp: 2099.0 33093.0 112002.0 9276 13084.355546147519 36243.58138780587 596455
rat783_n782_uncorr_01.ttp: 2303.0 32889.0 111002.0 9257 12938.604476936982 36087.48007853488 597257
rat783_n782_uncorr_01.ttp: 1886.0 33306.0 111852.0 9258 13096.699554213548 36022.10958110355 597204
rat783_n782_uncorr_01.ttp: 1886.0 33306.0 111852.0 9258 13094.595626373575 36034.291323297 596401
rat783_n782_uncorr_01.ttp: 2373.0 32819.0 111869.0 9271 13046.586645610907 36329.26332191285 598348
rat783_n782_uncorr_01.ttp: 1886.0 33306.0 111852.0 9258 13094.61735817163 36034.165496186266 596484
rat783_n782_uncorr_01.ttp: 2526.0 32666.0 111292.0 9255 12983.643180520832 36116.70598478438 597395
rat783_n782_uncorr_01.ttp: 2259.0 32933.0 111490.0 9255 13040.899748965454 35983.190453490024 596720
rat783_n782_uncorr_01.ttp: 2694.0 32498.0 111852.0 9256 13102.156083661943 35990.51627559734 597321
rat783_n782_uncorr_01.ttp: 1886.0 33306.0 111852.0 9258 13094.627571874913 36034.10635884425 597566
rat783_n782_uncorr_01.ttp: 2335.0 32857.0 111704.0 9258 13070.113134782 36028.04494961223 596646
rat783_n782_uncorr_01.ttp: 2266.0 32926.0 110625.0 9257 12896.468475166019 35954.44752878875 597664
rat783_n782_uncorr_01.ttp: 2580.0 32612.0 111714.0 9276 13053.939727232819 36131.688979321974 597810
rat783_n782_uncorr_01.ttp: 2526.0 32666.0 111292.0 9255 12981.749765281415 36127.6688590206 598420
rat783_n782_uncorr_01.ttp: 2526.0 32666.0 111292.0 9255 12981.751324200623 36127.6598328784 597125
rat783_n782_uncorr_01.ttp: 2310.0 32882.0 111744.0 9255 13070.443213622839 36066.133793123765 596993
rat783_n782_uncorr_01.ttp: 2159.0 33033.0 111646.0 9260 13064.146533327523 36004.59157203365 596724
RESULTS FOR heuristics : 25
rat783_n782_uncorr_01.ttp: 1558.0 33634.0 109771.0 9275 13098.226125414654 33932.270733849145 79597
rat783_n782_uncorr_01.ttp: 2471.0 32721.0 108872.0 9252 12976.349288263349 33738.937620955214 106261
rat783_n782_uncorr_01.ttp: 2469.0 32723.0 110320.0 9298 13056.251510600732 34724.30375362176 104760
rat783_n782_uncorr_01.ttp: 1369.0 33823.0 108921.0 9260 12830.287260963365 34633.63675902212 104655
rat783_n782_uncorr_01.ttp: 2272.0 32920.0 110765.0 9255 12990.344923494224 35550.90289296844 80696
rat783_n782_uncorr_01.ttp: 1105.0 34087.0 108555.0 9283 12869.384913207843 34041.26135252659 54261
rat783_n782_uncorr_01.ttp: 2044.0 33148.0 109865.0 9262 13093.020086322565 34056.41370019235 54639
rat783_n782_uncorr_01.ttp: 2544.0 32648.0 111026.0 9254 13017.764217042997 35653.145183321045 79700
rat783_n782_uncorr_01.ttp: 2242.0 32950.0 110139.0 9249 13036.498859438698 34657.67160384994 54803
rat783_n782_uncorr_01.ttp: 1265.0 33927.0 109830.0 9250 12846.139754273618 35450.85082275575 130308
rat783_n782_uncorr_01.ttp: 2488.0 32704.0 111328.0 9291 13288.545449402982 34387.32184795673 54443
rat783_n782_uncorr_01.ttp: 1688.0 33504.0 107756.0 9310 13044.96654015892 32225.643732479846 157639
rat783_n782_uncorr_01.ttp: 2136.0 33056.0 110449.0 9298 13220.749430690366 33900.860796302775 183185
rat783_n782_uncorr_01.ttp: 2751.0 32441.0 108681.0 9275 12952.69630332171 33684.8884037673 54791
rat783_n782_uncorr_01.ttp: 2433.0 32759.0 110617.0 9254 13161.717816467453 34410.65384265344 54539
rat783_n782_uncorr_01.ttp: 1125.0 34067.0 109689.0 9270 13122.594617100203 33709.177166989815 105367
rat783_n782_uncorr_01.ttp: 2451.0 32741.0 110922.0 9298 12993.5205517368 35689.51600544393 54764
rat783_n782_uncorr_01.ttp: 1772.0 33420.0 107452.0 9271 12973.670362128507 32334.448603275945 54654
rat783_n782_uncorr_01.ttp: 1062.0 34130.0 108724.0 9290 13020.237846594086 33336.822868220246 79196
rat783_n782_uncorr_01.ttp: 2736.0 32456.0 108401.0 9255 13062.986743014038 32766.30675794871 54329
rat783_n782_uncorr_01.ttp: 1981.0 33211.0 111506.0 9286 13075.998643180748 35795.96785598347 80600
rat783_n782_uncorr_01.ttp: 2030.0 33162.0 109711.0 9256 12966.745447643925 34633.54385814167 156296
rat783_n782_uncorr_01.ttp: 1189.0 34003.0 108752.0 9254 12956.580897415084 33733.396603966656 54173
rat783_n782_uncorr_01.ttp: 1362.0 33830.0 109077.0 9303 13150.902037243743 32933.27720435873 104742
rat783_n782_uncorr_01.ttp: 2181.0 33011.0 109369.0 9308 13145.155135708728 33258.55176424647 81279
rat783_n782_uncorr_01.ttp: 1293.0 33899.0 109175.0 9250 12866.4776067453 34678.09465694471 54538
rat783_n782_uncorr_01.ttp: 2181.0 33011.0 109369.0 9308 13144.847965134972 33260.33028186852 79765
rat783_n782_uncorr_01.ttp: 1931.0 33261.0 106942.0 9258 12990.785650381691 31725.351084290014 104979
rat783_n782_uncorr_01.ttp: 2201.0 32991.0 110583.0 9299 13106.667692648207 34695.39405956688 104893
rat783_n782_uncorr_01.ttp: 2923.0 32269.0 110355.0 9281 13288.415877702804 33415.072068100766 130618
RESULTS FOR heuristics : 26
rat783_n782_uncorr_01.ttp: 2383.0 32809.0 110266.0 9258 13000.852002356422 34991.066906356325 60273
rat783_n782_uncorr_01.ttp: 1388.0 33804.0 108995.0 9260 12889.589679179011 34364.27575755352 60330
rat783_n782_uncorr_01.ttp: 1016.0 34176.0 110135.0 9250 12959.802652870712 35097.742639878576 59354
rat783_n782_uncorr_01.ttp: 2577.0 32615.0 109536.0 9248 13116.422632890308 33591.912955565116 59295
rat783_n782_uncorr_01.ttp: 2460.0 32732.0 109814.0 9310 13086.64885191435 34042.30314741592 59755
rat783_n782_uncorr_01.ttp: 1139.0 34053.0 109966.0 9253 12871.360542958195 35440.82245627206 59988
rat783_n782_uncorr_01.ttp: 1665.0 33527.0 108760.0 9285 13043.167236947242 33240.06169807547 87275
rat783_n782_uncorr_01.ttp: 1265.0 33927.0 110698.0 9262 12899.560696771769 36009.54356569146 59169
rat783_n782_uncorr_01.ttp: 1324.0 33868.0 108974.0 9262 12800.964376494929 34856.41626009437 58889
rat783_n782_uncorr_01.ttp: 2415.0 32777.0 109650.0 9253 12943.982423389143 34704.341768576865 61079
rat783_n782_uncorr_01.ttp: 2235.0 32957.0 108832.0 9251 13103.875710554152 32960.55963589146 60145
rat783_n782_uncorr_01.ttp: 2432.0 32760.0 110100.0 9257 13012.1991140594 34759.36712959607 59815
rat783_n782_uncorr_01.ttp: 2433.0 32759.0 110617.0 9269 13154.069338410587 34454.938530602696 60326
rat783_n782_uncorr_01.ttp: 816.0 34376.0 109467.0 9256 12985.973213809026 34278.215092045735 59425
rat783_n782_uncorr_01.ttp: 1558.0 33634.0 109771.0 9272 13075.896455748913 34061.5595212138 87380
rat783_n782_uncorr_01.ttp: 1042.0 34150.0 109467.0 9307 13044.447141755321 33939.651049236694 116653
rat783_n782_uncorr_01.ttp: 1558.0 33634.0 109771.0 9272 13072.935428483997 34078.70386907765 115784
rat783_n782_uncorr_01.ttp: 2369.0 32823.0 108878.0 9251 13063.314633655253 33241.40827113608 59236
rat783_n782_uncorr_01.ttp: 2242.0 32950.0 110139.0 9249 13036.442484157962 34657.998016725396 59053
rat783_n782_uncorr_01.ttp: 1816.0 33376.0 108937.0 9302 13031.529114947542 33484.44642445374 60100
rat783_n782_uncorr_01.ttp: 1198.0 33994.0 110424.0 9254 13028.869747256038 34986.84416338753 59961
rat783_n782_uncorr_01.ttp: 2783.0 32409.0 108547.0 9317 13063.52024864053 32909.21776037132 59357
rat783_n782_uncorr_01.ttp: 2369.0 32823.0 108878.0 9251 13063.314633655255 33241.40827113608 30916
rat783_n782_uncorr_01.ttp: 2472.0 32720.0 110845.0 9258 13140.641137955461 34760.687811237876 58625
rat783_n782_uncorr_01.ttp: 2240.0 32952.0 109931.0 9264 13090.941578947846 34134.44825789197 86960
rat783_n782_uncorr_01.ttp: 1672.0 33520.0 109322.0 9255 12894.83054254796 34660.93115864732 59925
rat783_n782_uncorr_01.ttp: 1624.0 33568.0 109006.0 9269 12962.087366775877 33955.51414636767 114438
rat783_n782_uncorr_01.ttp: 2599.0 32593.0 109491.0 9283 13226.120532284607 32911.76211807212 59033
rat783_n782_uncorr_01.ttp: 2626.0 32566.0 110599.0 9256 13160.870391807732 34397.56043143323 58485
rat783_n782_uncorr_01.ttp: 1045.0 34147.0 109539.0 9261 13039.603216364147 34039.69737725159 60343
RESULTS FOR heuristics : 27
rat783_n782_uncorr_01.ttp: 891.0 34301.0 110186.0 9254 12836.100984139366 35864.97530183307 115140
rat783_n782_uncorr_01.ttp: 2536.0 32656.0 111136.0 9272 12995.805345368053 35890.28705031898 116251
rat783_n782_uncorr_01.ttp: 2151.0 33041.0 111331.0 9258 13002.97627465777 36043.767369731504 192198
rat783_n782_uncorr_01.ttp: 2334.0 32858.0 111231.0 9256 13015.589293559105 35870.73799029278 140657
rat783_n782_uncorr_01.ttp: 2163.0 33029.0 111171.0 9293 13003.389777796849 35881.373186556244 139234
rat783_n782_uncorr_01.ttp: 2132.0 33060.0 111253.0 9279 13051.656645748963 35683.9080211135 116549
rat783_n782_uncorr_01.ttp: 2429.0 32763.0 111618.0 9254 13080.398695562792 35882.49155269144 116159
rat783_n782_uncorr_01.ttp: 2440.0 32752.0 111170.0 9303 13018.476146850293 35793.02310973681 115095
rat783_n782_uncorr_01.ttp: 2142.0 33050.0 110971.0 9285 12937.565287109213 36062.496987637656 216829
rat783_n782_uncorr_01.ttp: 1139.0 34053.0 109966.0 9255 12874.588561443663 35422.13222924119 140227
rat783_n782_uncorr_01.ttp: 2259.0 32933.0 111490.0 9315 12985.897065045552 36301.65599338626 115045
rat783_n782_uncorr_01.ttp: 2138.0 33054.0 111222.0 9274 13017.997409091817 35847.795001358376 192014
rat783_n782_uncorr_01.ttp: 2390.0 32802.0 111997.0 9279 13151.083532899085 35852.2263445143 115715
rat783_n782_uncorr_01.ttp: 1139.0 34053.0 109966.0 9251 12856.097541218329 35529.19523634587 141077
rat783_n782_uncorr_01.ttp: 2151.0 33041.0 111331.0 9258 13002.98068210175 36043.74185063086 189625
rat783_n782_uncorr_01.ttp: 1259.0 33933.0 110291.0 9248 12866.505198131197 35793.93490282037 139766
rat783_n782_uncorr_01.ttp: 2388.0 32804.0 111339.0 9273 13038.930529578463 35843.592233740696 115867
rat783_n782_uncorr_01.ttp: 2526.0 32666.0 111292.0 9275 12975.797965589732 36162.129779235445 140433
rat783_n782_uncorr_01.ttp: 2550.0 32642.0 110637.0 9258 13009.11628060248 35314.21673531164 115420
rat783_n782_uncorr_01.ttp: 2131.0 33061.0 110805.0 9286 12961.122105655117 35760.103008256876 139685
rat783_n782_uncorr_01.ttp: 1047.0 34145.0 110138.0 9253 12898.769226425718 35454.126178995095 164964
rat783_n782_uncorr_01.ttp: 2537.0 32655.0 110868.0 9297 12970.304644035083 35769.93611103688 115163
rat783_n782_uncorr_01.ttp: 2336.0 32856.0 111625.0 9281 13004.61992247656 36328.25064886072 166459
rat783_n782_uncorr_01.ttp: 2345.0 32847.0 111739.0 9280 13126.468256334556 35736.74879582292 116468
rat783_n782_uncorr_01.ttp: 2130.0 33062.0 110805.0 9290 12971.699156294075 35698.86188505731 140833
rat783_n782_uncorr_01.ttp: 2345.0 32847.0 111618.0 9308 12980.582804365316 36460.42556272482 139663
rat783_n782_uncorr_01.ttp: 2251.0 32941.0 111446.0 9284 13092.997356734528 35637.54530450709 140912
rat783_n782_uncorr_01.ttp: 1265.0 33927.0 110698.0 9262 12898.949016921408 36013.08519202504 115655
rat783_n782_uncorr_01.ttp: 1353.0 33839.0 110368.0 9257 12854.206451932363 35942.14464331162 117142
rat783_n782_uncorr_01.ttp: 2429.0 32763.0 111618.0 9254 13080.398695562792 35882.49155269144 114793
RESULTS FOR heuristics : 28
rat783_n782_uncorr_01.ttp: 2450.0 32742.0 111325.0 9274 13024.871506488082 35910.993977434 121536
rat783_n782_uncorr_01.ttp: 2302.0 32890.0 111792.0 9306 13052.00870561772 36220.869594473406 147916
rat783_n782_uncorr_01.ttp: 2367.0 32825.0 111185.0 9283 13041.726956908004 35673.40091950266 122285
rat783_n782_uncorr_01.ttp: 1139.0 34053.0 109966.0 9251 12856.104257326768 35529.15635007802 120242
rat783_n782_uncorr_01.ttp: 2399.0 32793.0 111665.0 9257 13087.828783726356 35886.471342224395 120352
rat783_n782_uncorr_01.ttp: 1139.0 34053.0 109966.0 9251 12856.046748676907 35529.48932516071 119528
rat783_n782_uncorr_01.ttp: 2335.0 32857.0 111704.0 9255 13095.886944860635 35878.81458925693 121573
rat783_n782_uncorr_01.ttp: 2451.0 32741.0 110922.0 9298 12993.579954551142 35689.172063148886 120868
rat783_n782_uncorr_01.ttp: 1047.0 34145.0 110138.0 9253 12898.714958729608 35454.44038895557 120948
rat783_n782_uncorr_01.ttp: 2385.0 32807.0 111386.0 9256 13048.279758333101 35836.46019925135 120370
rat783_n782_uncorr_01.ttp: 2390.0 32802.0 110640.0 9277 12945.9436091967 35682.98650275111 120096
rat783_n782_uncorr_01.ttp: 2309.0 32883.0 111573.0 9260 13053.030378832385 35995.954106560486 121094
rat783_n782_uncorr_01.ttp: 2371.0 32821.0 111420.0 9275 13005.882042920728 36115.942971488985 121085
rat783_n782_uncorr_01.ttp: 2476.0 32716.0 110986.0 9274 12953.62448223028 35984.51424788668 120974
rat783_n782_uncorr_01.ttp: 2537.0 32655.0 110868.0 9297 12970.368823340463 35769.56451285872 121057
rat783_n782_uncorr_01.ttp: 1197.0 33995.0 110458.0 9248 12893.505425863073 35804.60358425281 120299
rat783_n782_uncorr_01.ttp: 2259.0 32933.0 111490.0 9320 12990.791608345851 36273.31658767752 120228
rat783_n782_uncorr_01.ttp: 2259.0 32933.0 111490.0 9320 12988.006978319501 36289.439595530086 119821
rat783_n782_uncorr_01.ttp: 2312.0 32880.0 111526.0 9274 13077.185727289005 35809.094638996656 121472
rat783_n782_uncorr_01.ttp: 2434.0 32758.0 111556.0 9257 13062.857482018295 35922.055179114075 121571
rat783_n782_uncorr_01.ttp: 1353.0 33839.0 110368.0 9254 12849.59853384174 35968.82448905632 121316
rat783_n782_uncorr_01.ttp: 2306.0 32886.0 110711.0 9258 12956.512622757791 35692.791914232395 122152
rat783_n782_uncorr_01.ttp: 2455.0 32737.0 110919.0 9276 12956.288470512893 35902.089755730354 121276
rat783_n782_uncorr_01.ttp: 2522.0 32670.0 111030.0 9280 13001.039800897106 35753.97955280576 120807
rat783_n782_uncorr_01.ttp: 2529.0 32663.0 111092.0 9300 13010.590580167247 35760.68054083164 119411
rat783_n782_uncorr_01.ttp: 2535.0 32657.0 110734.0 9258 12934.043510345884 35845.88807509733 120921
rat783_n782_uncorr_01.ttp: 2363.0 32829.0 111511.0 9254 13070.631341923801 35832.04453026119 119629
rat783_n782_uncorr_01.ttp: 1139.0 34053.0 109966.0 9251 12856.09754121833 35529.19523634587 120570
rat783_n782_uncorr_01.ttp: 2362.0 32830.0 111308.0 9280 13072.657789829893 35617.31139688492 122637
rat783_n782_uncorr_01.ttp: 2363.0 32829.0 111511.0 9254 13070.631341923801 35832.04453026119 119797
RESULTS FOR heuristics : 29
rat783_n782_uncorr_01.ttp: 2546.0 32646.0 111092.0 9304 13052.478588928152 35518.148970106005 600161
rat783_n782_uncorr_01.ttp: 2249.0 32943.0 111374.0 9272 13081.64239676717 35631.290522718074 601006
rat783_n782_uncorr_01.ttp: 1139.0 34053.0 109966.0 9251 12856.046748676907 35529.48932516071 600103
rat783_n782_uncorr_01.ttp: 1308.0 33884.0 109754.0 9269 12853.709650733956 35331.0211222504 600023
rat783_n782_uncorr_01.ttp: 1367.0 33825.0 108791.0 9246 12789.641992198627 34738.972865169955 602100
rat783_n782_uncorr_01.ttp: 1139.0 34053.0 109966.0 9253 12858.375629378723 35516.00510589719 600021
rat783_n782_uncorr_01.ttp: 2487.0 32705.0 111506.0 9278 13071.788525943206 35820.34443478884 601110
rat783_n782_uncorr_01.ttp: 2416.0 32776.0 110393.0 9254 12905.434593362475 35670.53370443126 600800
rat783_n782_uncorr_01.ttp: 2052.0 33140.0 111739.0 9303 13098.958396370297 35896.03088501598 601762
rat783_n782_uncorr_01.ttp: 1190.0 34002.0 109483.0 9266 12891.751004007947 34839.761686793994 600556
rat783_n782_uncorr_01.ttp: 2414.0 32778.0 110509.0 9258 12898.46310332244 35826.89863176308 601527
rat783_n782_uncorr_01.ttp: 2491.0 32701.0 111391.0 9306 13129.33297616397 35372.16206801061 600431
rat783_n782_uncorr_01.ttp: 1265.0 33927.0 109830.0 9251 12886.878929857488 35214.970996125136 601616
rat783_n782_uncorr_01.ttp: 2504.0 32688.0 109719.0 9277 12900.553678467953 35024.79420167055 600256
rat783_n782_uncorr_01.ttp: 1139.0 34053.0 109966.0 9251 12856.65092982892 35525.99111629055 600340
rat783_n782_uncorr_01.ttp: 1139.0 34053.0 109966.0 9251 12856.046748676907 35529.48932516071 600369
rat783_n782_uncorr_01.ttp: 2385.0 32807.0 111386.0 9256 13048.325218160833 35836.19698684878 601502
rat783_n782_uncorr_01.ttp: 1191.0 34001.0 110452.0 9253 12949.614677542591 35473.73101702839 600173
rat783_n782_uncorr_01.ttp: 2149.0 33043.0 110388.0 9249 13034.691995203344 34917.133347772644 601123
rat783_n782_uncorr_01.ttp: 2285.0 32907.0 111622.0 9255 13207.219599273192 35152.198520208214 601747
rat783_n782_uncorr_01.ttp: 2544.0 32648.0 111026.0 9256 13019.58324938728 35642.61298604765 600365
rat783_n782_uncorr_01.ttp: 2272.0 32920.0 110765.0 9255 12990.344923494224 35550.90289296844 604077
rat783_n782_uncorr_01.ttp: 2546.0 32646.0 111092.0 9298 13044.121588087095 35566.536004975715 603548
rat783_n782_uncorr_01.ttp: 2208.0 32984.0 112085.0 9255 13154.703585518964 35919.266239845194 600087
rat783_n782_uncorr_01.ttp: 2432.0 32760.0 110100.0 9257 13012.199114059402 34759.36712959607 604074
rat783_n782_uncorr_01.ttp: 2305.0 32887.0 110875.0 9267 13070.158497451986 35198.782299753 602163
rat783_n782_uncorr_01.ttp: 1156.0 34036.0 109339.0 9255 12854.838066177612 34909.487596831634 602516
rat783_n782_uncorr_01.ttp: 2149.0 33043.0 110388.0 9249 13034.691995203344 34917.133347772644 601958
rat783_n782_uncorr_01.ttp: 2145.0 33047.0 111717.0 9281 13119.057110549014 35757.65932992121 602049
rat783_n782_uncorr_01.ttp: 1354.0 33838.0 110195.0 9251 12903.171982853875 35485.634219276064 604692
RESULTS FOR heuristics : 30
rat783_n782_uncorr_01.ttp: 1139.0 34053.0 109966.0 9251 12856.046748676907 35529.48932516071 600049
rat783_n782_uncorr_01.ttp: 2120.0 33072.0 111051.0 9265 13028.374568303669 35616.71124952176 600830
rat783_n782_uncorr_01.ttp: 2414.0 32778.0 110509.0 9258 12898.403874137108 35827.24156874615 602198
rat783_n782_uncorr_01.ttp: 2323.0 32869.0 111746.0 9256 13101.631864893643 35887.55150226581 600274
rat783_n782_uncorr_01.ttp: 2253.0 32939.0 110773.0 9254 12968.059675778366 35687.93447724327 602394
rat783_n782_uncorr_01.ttp: 2330.0 32862.0 110582.0 9254 12953.213879793959 35582.89163599297 604817
rat783_n782_uncorr_01.ttp: 2347.0 32845.0 111709.0 9257 13103.745208983439 35838.315239985895 604446
rat783_n782_uncorr_01.ttp: 2451.0 32741.0 110922.0 9300 12995.5144787591 35677.97116798481 600349
rat783_n782_uncorr_01.ttp: 2095.0 33097.0 110031.0 9279 12973.562039809985 34914.07578950019 604130
rat783_n782_uncorr_01.ttp: 1316.0 33876.0 109619.0 9256 12832.41461671878 35319.319369198274 604674
rat783_n782_uncorr_01.ttp: 2306.0 32886.0 111424.0 9260 13016.907092532389 36056.10793423747 604573
rat783_n782_uncorr_01.ttp: 1950.0 33242.0 109180.0 9280 12804.899028743286 35039.63462357638 602208
rat783_n782_uncorr_01.ttp: 2451.0 32741.0 110922.0 9302 12999.39685915469 35655.49218549434 601175
rat783_n782_uncorr_01.ttp: 2510.0 32682.0 111386.0 9274 13009.856346620025 36058.93175307005 603778
rat783_n782_uncorr_01.ttp: 2422.0 32770.0 111511.0 9258 13027.33644985421 36082.721955344125 600589
rat783_n782_uncorr_01.ttp: 1157.0 34035.0 109359.0 9253 12860.168367782322 34898.62515054035 602529
rat783_n782_uncorr_01.ttp: 2509.0 32683.0 110975.0 9299 12993.829953824132 35740.72456735828 602321
rat783_n782_uncorr_01.ttp: 2451.0 32741.0 110620.0 9278 12922.371239907681 35799.47052093453 602992
rat783_n782_uncorr_01.ttp: 1100.0 34092.0 109986.0 9246 12876.657559046234 35430.152733122304 602723
rat783_n782_uncorr_01.ttp: 2317.0 32875.0 110523.0 9269 13012.501631294148 35180.61555480688 602787
rat783_n782_uncorr_01.ttp: 2391.0 32801.0 110298.0 9298 13044.834059761844 34768.410793978925 603527
rat783_n782_uncorr_01.ttp: 2439.0 32753.0 111417.0 9279 12990.252113712717 36203.44026160336 603778
rat783_n782_uncorr_01.ttp: 2374.0 32818.0 110069.0 9255 13027.329852267982 34640.76015536839 600852
rat783_n782_uncorr_01.ttp: 2362.0 32830.0 111132.0 9281 13072.46923433216 35442.403133216794 603387
rat783_n782_uncorr_01.ttp: 1139.0 34053.0 109966.0 9255 12874.096762984662 35424.979742318814 600084
rat783_n782_uncorr_01.ttp: 1316.0 33876.0 109562.0 9258 12923.245596880914 34736.40799405951 600959
rat783_n782_uncorr_01.ttp: 1977.0 33215.0 110200.0 9316 12994.096373717557 34964.18199617535 602223
rat783_n782_uncorr_01.ttp: 2394.0 32798.0 111403.0 9303 13039.985966088663 35901.48125634664 600575
rat783_n782_uncorr_01.ttp: 2357.0 32835.0 110207.0 9256 12944.982426417337 35255.55175104362 601715
rat783_n782_uncorr_01.ttp: 2093.0 33099.0 111374.0 9256 13069.36165561243 35702.39601400403 600641
