Enter TTP instance file:
RESULTS FOR heuristics : 20
rat195_n1940_bounded-strongly-corr_01.ttp: 46.0 167422.0 253222.0 2448 3110.150472364007 99393.9576368762 666
rat195_n1940_bounded-strongly-corr_01.ttp: 1.0 167467.0 252667.0 2449 3099.7448909402124 99353.6176940971 566
rat195_n1940_bounded-strongly-corr_01.ttp: 46.0 167422.0 253222.0 2448 3110.150472364007 99393.9576368762 539
rat195_n1940_bounded-strongly-corr_01.ttp: 8.0 167460.0 248860.0 2446 3033.3395770621723 98831.02451850494 543
rat195_n1940_bounded-strongly-corr_01.ttp: 31.0 167437.0 253837.0 2452 3104.023841689868 100311.98079001912 574
rat195_n1940_bounded-strongly-corr_01.ttp: 87.0 167381.0 261081.0 2448 3412.042262976812 92321.38967316688 545
rat195_n1940_bounded-strongly-corr_01.ttp: 46.0 167422.0 253222.0 2448 3110.1531453465204 99393.8254311611 549
rat195_n1940_bounded-strongly-corr_01.ttp: 1.0 167467.0 252667.0 2449 3099.7448909402124 99353.6176940971 484
rat195_n1940_bounded-strongly-corr_01.ttp: 46.0 167422.0 253222.0 2448 3110.150472364007 99393.9576368762 440
rat195_n1940_bounded-strongly-corr_01.ttp: 8.0 167460.0 248860.0 2446 3033.3395770621723 98831.02451850494 462
rat195_n1940_bounded-strongly-corr_01.ttp: 1.0 167467.0 252667.0 2449 3099.7448909402124 99353.6176940971 399
rat195_n1940_bounded-strongly-corr_01.ttp: 83.0 167385.0 260685.0 2446 3397.600401000063 92639.6841665369 469
rat195_n1940_bounded-strongly-corr_01.ttp: 8.0 167460.0 248860.0 2446 3033.3395770621723 98831.02451850494 456
rat195_n1940_bounded-strongly-corr_01.ttp: 83.0 167385.0 260685.0 2446 3397.600401000063 92639.6841665369 447
rat195_n1940_bounded-strongly-corr_01.ttp: 1.0 167467.0 252667.0 2449 3099.7475639227255 99353.485488382 445
rat195_n1940_bounded-strongly-corr_01.ttp: 87.0 167381.0 261081.0 2448 3412.042262976812 92321.38967316688 451
rat195_n1940_bounded-strongly-corr_01.ttp: 83.0 167385.0 260685.0 2446 3397.600401000063 92639.6841665369 473
rat195_n1940_bounded-strongly-corr_01.ttp: 42.0 167426.0 261026.0 2448 3390.019769685314 93355.62219136438 431
rat195_n1940_bounded-strongly-corr_01.ttp: 46.0 167422.0 253222.0 2448 3110.1531453465204 99393.8254311611 444
rat195_n1940_bounded-strongly-corr_01.ttp: 113.0 167355.0 260655.0 2449 3411.8784973963093 91903.48951877854 431
rat195_n1940_bounded-strongly-corr_01.ttp: 46.0 167422.0 253222.0 2448 3110.150472364007 99393.9576368762 443
rat195_n1940_bounded-strongly-corr_01.ttp: 113.0 167355.0 260655.0 2449 3411.8784973963093 91903.48951877854 461
rat195_n1940_bounded-strongly-corr_01.ttp: 8.0 167460.0 248860.0 2446 3033.3395770621723 98831.02451850494 488
rat195_n1940_bounded-strongly-corr_01.ttp: 87.0 167381.0 261081.0 2448 3412.042262976812 92321.38967316688 476
rat195_n1940_bounded-strongly-corr_01.ttp: 42.0 167426.0 261026.0 2448 3390.019769685314 93355.62219136438 454
rat195_n1940_bounded-strongly-corr_01.ttp: 42.0 167426.0 261026.0 2448 3390.019769685314 93355.62219136438 491
rat195_n1940_bounded-strongly-corr_01.ttp: 8.0 167460.0 248860.0 2446 3033.3395770621723 98831.02451850494 528
rat195_n1940_bounded-strongly-corr_01.ttp: 28.0 167440.0 252940.0 2449 3116.6101835705576 98792.46032060022 476
rat195_n1940_bounded-strongly-corr_01.ttp: 113.0 167355.0 260655.0 2449 3411.8784973963093 91903.48951877854 485
rat195_n1940_bounded-strongly-corr_01.ttp: 83.0 167385.0 260685.0 2446 3397.600401000063 92639.6841665369 502
RESULTS FOR heuristics : 21
rat195_n1940_bounded-strongly-corr_01.ttp: 46.0 167422.0 253222.0 2448 3110.150472364007 99393.9576368762 533
rat195_n1940_bounded-strongly-corr_01.ttp: 1000.0 166468.0 258868.0 2448 3362.725182027239 92547.61249693276 2011
rat195_n1940_bounded-strongly-corr_01.ttp: 46.0 167422.0 253222.0 2448 3110.150472364007 99393.9576368762 510
rat195_n1940_bounded-strongly-corr_01.ttp: 46.0 167422.0 253222.0 2448 3110.150472364007 99393.9576368762 517
rat195_n1940_bounded-strongly-corr_01.ttp: 8.0 167460.0 248860.0 2446 3033.3395770621723 98831.02451850494 525
rat195_n1940_bounded-strongly-corr_01.ttp: 46.0 167422.0 253222.0 2448 3110.150472364007 99393.9576368762 485
rat195_n1940_bounded-strongly-corr_01.ttp: 983.0 166485.0 258685.0 2450 3354.5403881872758 92769.43240025733 1214
rat195_n1940_bounded-strongly-corr_01.ttp: 46.0 167422.0 253222.0 2448 3110.150472364007 99393.9576368762 519
rat195_n1940_bounded-strongly-corr_01.ttp: 46.0 167422.0 253222.0 2448 3110.150472364007 99393.9576368762 492
rat195_n1940_bounded-strongly-corr_01.ttp: 28.0 167440.0 252940.0 2449 3116.6101835705576 98792.46032060022 520
rat195_n1940_bounded-strongly-corr_01.ttp: 46.0 167422.0 253222.0 2448 3110.150472364007 99393.9576368762 506
rat195_n1940_bounded-strongly-corr_01.ttp: 46.0 167422.0 253222.0 2448 3110.150472364007 99393.9576368762 555
rat195_n1940_bounded-strongly-corr_01.ttp: 46.0 167422.0 253222.0 2448 3110.150472364007 99393.9576368762 564
rat195_n1940_bounded-strongly-corr_01.ttp: 1000.0 166468.0 258868.0 2448 3362.725182027239 92547.61249693276 2039
rat195_n1940_bounded-strongly-corr_01.ttp: 46.0 167422.0 253222.0 2448 3110.150472364007 99393.9576368762 498
rat195_n1940_bounded-strongly-corr_01.ttp: 1000.0 166468.0 258868.0 2448 3362.725182027239 92547.61249693276 1950
rat195_n1940_bounded-strongly-corr_01.ttp: 46.0 167422.0 253222.0 2448 3110.150472364007 99393.9576368762 531
rat195_n1940_bounded-strongly-corr_01.ttp: 1073.0 166395.0 258495.0 2452 3361.403593446171 92239.9782681524 1446
rat195_n1940_bounded-strongly-corr_01.ttp: 8.0 167460.0 248860.0 2446 3033.3395770621723 98831.02451850494 538
rat195_n1940_bounded-strongly-corr_01.ttp: 1000.0 166468.0 258868.0 2448 3362.725182027239 92547.61249693276 1988
rat195_n1940_bounded-strongly-corr_01.ttp: 46.0 167422.0 253222.0 2448 3110.150472364007 99393.9576368762 553
rat195_n1940_bounded-strongly-corr_01.ttp: 8.0 167460.0 248860.0 2446 3033.3395770621723 98831.02451850494 530
rat195_n1940_bounded-strongly-corr_01.ttp: 8.0 167460.0 248860.0 2446 3033.3395770621723 98831.02451850494 514
rat195_n1940_bounded-strongly-corr_01.ttp: 1000.0 166468.0 258868.0 2448 3362.725182027239 92547.61249693276 1968
rat195_n1940_bounded-strongly-corr_01.ttp: 1000.0 166468.0 258868.0 2448 3362.725182027239 92547.61249693276 1910
rat195_n1940_bounded-strongly-corr_01.ttp: 1.0 167467.0 252667.0 2449 3099.7448909402124 99353.6176940971 512
rat195_n1940_bounded-strongly-corr_01.ttp: 46.0 167422.0 253222.0 2448 3110.150472364007 99393.9576368762 530
rat195_n1940_bounded-strongly-corr_01.ttp: 46.0 167422.0 253222.0 2448 3110.150472364007 99393.9576368762 496
rat195_n1940_bounded-strongly-corr_01.ttp: 8.0 167460.0 248860.0 2446 3033.3395770621723 98831.02451850494 527
rat195_n1940_bounded-strongly-corr_01.ttp: 1000.0 166468.0 258868.0 2448 3362.725182027239 92547.61249693276 1958
RESULTS FOR heuristics : 22
rat195_n1940_bounded-strongly-corr_01.ttp: 1095.0 166373.0 257973.0 2449 3353.2033944988316 92123.56010808778 599817
rat195_n1940_bounded-strongly-corr_01.ttp: 392.0 167076.0 259676.0 2446 3353.6270268849576 93805.60725027 599812
rat195_n1940_bounded-strongly-corr_01.ttp: 0.0 167468.0 252568.0 2448 3090.259251758553 99723.77740802197 599790
rat195_n1940_bounded-strongly-corr_01.ttp: 219.0 167249.0 259849.0 2448 3362.1673309559774 93556.20381091736 599791
rat195_n1940_bounded-strongly-corr_01.ttp: 3.0 167465.0 251965.0 2448 3077.4933954789226 99752.17665961248 599807
rat195_n1940_bounded-strongly-corr_01.ttp: 1155.0 166313.0 257813.0 2449 3350.055045639958 92119.2774426477 599813
rat195_n1940_bounded-strongly-corr_01.ttp: 2.0 167466.0 249666.0 2446 3043.3901491046363 99139.9232252847 599814
rat195_n1940_bounded-strongly-corr_01.ttp: 3.0 167465.0 251565.0 2449 3069.9560237857927 99724.97506355468 599819
rat195_n1940_bounded-strongly-corr_01.ttp: 19.0 167449.0 251449.0 2449 3068.0985564602374 99700.84539747666 599800
rat195_n1940_bounded-strongly-corr_01.ttp: 12.0 167456.0 253456.0 2452 3091.2086277598023 100564.82127100017 599790
rat195_n1940_bounded-strongly-corr_01.ttp: 5.0 167463.0 252063.0 2448 3076.8839402911294 99880.32031320073 599790
rat195_n1940_bounded-strongly-corr_01.ttp: 1058.0 166410.0 258610.0 2448 3357.0459014845064 92570.50971257631 599793
rat195_n1940_bounded-strongly-corr_01.ttp: 21.0 167447.0 252247.0 2448 3082.984049267149 99762.6089232468 599819
rat195_n1940_bounded-strongly-corr_01.ttp: 11.0 167457.0 252257.0 2448 3082.3496332997747 99803.98713699315 599815
rat195_n1940_bounded-strongly-corr_01.ttp: 8.0 167460.0 251760.0 2448 3073.174096153104 99760.80920426748 599821
rat195_n1940_bounded-strongly-corr_01.ttp: 6.0 167462.0 250062.0 2446 3051.410859579505 99139.21888519768 599816
rat195_n1940_bounded-strongly-corr_01.ttp: 14.0 167454.0 252054.0 2448 3078.50487907202 99791.1486810979 599808
rat195_n1940_bounded-strongly-corr_01.ttp: 1.0 167467.0 249867.0 2446 3046.5025706642878 99186.98285494433 599821
rat195_n1940_bounded-strongly-corr_01.ttp: 9.0 167459.0 249359.0 2446 3036.9443324342055 99151.7333178042 599799
rat195_n1940_bounded-strongly-corr_01.ttp: 1113.0 166355.0 258455.0 2446 3348.5295664389796 92836.72764392805 599790
rat195_n1940_bounded-strongly-corr_01.ttp: 