enter number of instance to run
Enter TTP instance file:
Enter TTP instance file:
Enter TTP instance file:
Instance :rl11849_n118480_uncorr_01.ttp
RESULTS FOR heuristics : 20
rl11849_n118480_uncorr_01.ttp: 305357.0 5091550.0 1.8269447E7 927980 1354147.070877734 6420660.129819827 250442
rl11849_n118480_uncorr_01.ttp: 106960.0 5289947.0 1.8140361E7 928538 1323077.60893345 6563431.921832314 1055766
rl11849_n118480_uncorr_01.ttp: 295803.0 5101104.0 1.8278444E7 927528 1354438.161792622 6427110.084314559 509260
rl11849_n118480_uncorr_01.ttp: 307463.0 5089444.0 1.8286611E7 928588 1361092.591272707 6377050.826363813 517886
rl11849_n118480_uncorr_01.ttp: 1.0 5396906.0 1.8356469E7 928521 1370452.7514954614 6365007.424414713 453681
rl11849_n118480_uncorr_01.ttp: 297407.0 5099500.0 1.8310693E7 928401 1354283.822709309 6460709.551293546 495678
rl11849_n118480_uncorr_01.ttp: 295049.0 5101858.0 1.8313745E7 929289 1358283.4769948921 6428764.576294694 519176
rl11849_n118480_uncorr_01.ttp: 198629.0 5198278.0 1.8477586E7 926857 1372166.4146320345 6471129.871969698 446186
rl11849_n118480_uncorr_01.ttp: 265129.0 5131778.0 1.8244367E7 929327 1350951.8585110249 6423538.238028532 928939
rl11849_n118480_uncorr_01.ttp: 1.0 5396906.0 1.8398539E7 928036 1357324.1082244841 6521953.053035764 478019
rl11849_n118480_uncorr_01.ttp: 194578.0 5202329.0 1.8487206E7 928254 1372601.223232442 6476945.296716131 928306
rl11849_n118480_uncorr_01.ttp: 299959.0 5096948.0 1.8284815E7 927913 1362678.1315308025 6361381.349105479 522231
rl11849_n118480_uncorr_01.ttp: 137472.0 5259435.0 1.8118217E7 929394 1324668.7219469475 6527365.6829642095 869892
rl11849_n118480_uncorr_01.ttp: 175403.0 5221504.0 1.8457197E7 928135 1359638.101890055 6560363.608462019 398292
rl11849_n118480_uncorr_01.ttp: 292866.0 5104041.0 1.8304329E7 929540 1357317.8053487446 6427798.203198485 522101
rl11849_n118480_uncorr_01.ttp: 312866.0 5084041.0 1.8295194E7 929385 1353881.7128250813 6448729.012780538 565695
rl11849_n118480_uncorr_01.ttp: 206201.0 5190706.0 1.8463282E7 929538 1371585.4731459303 6461909.10997311 498216
rl11849_n118480_uncorr_01.ttp: 208914.0 5187993.0 1.848387E7 928589 1370961.5889523686 6487956.096666776 484749
rl11849_n118480_uncorr_01.ttp: 346765.0 5050142.0 1.8243155E7 928086 1361645.2671613002 6328758.912338624 535033
rl11849_n118480_uncorr_01.ttp: 296084.0 5100823.0 1.8252279E7 928285 1348096.38624203 6456435.620382238 603237
rl11849_n118480_uncorr_01.ttp: 1.0 5396906.0 1.8392021E7 928583 1369416.4609928457 6409626.9663126 427061
rl11849_n118480_uncorr_01.ttp: 0.0 5396907.0 1.8334537E7 929046 1367072.2057587472 6372655.199610962 421058
rl11849_n118480_uncorr_01.ttp: 202780.0 5194127.0 1.8461384E7 929458 1369937.8825263113 6474427.527894776 504751
rl11849_n118480_uncorr_01.ttp: 0.0 5396907.0 1.8366454E7 928946 1365863.0729604515 6415152.11159605 474562
rl11849_n118480_uncorr_01.ttp: 202428.0 5194479.0 1.8489383E7 928886 1369157.2763904247 6509256.831583783 502048
rl11849_n118480_uncorr_01.ttp: 306752.0 5090155.0 1.8251924E7 928030 1360325.284616646 6349077.759604348 534380
rl11849_n118480_uncorr_01.ttp: 201005.0 5195902.0 1.8478302E7 928456 1375064.0531771118 6446491.534700273 489386
rl11849_n118480_uncorr_01.ttp: 288647.0 5108260.0 1.8303689E7 929361 1357486.3803684781 6425683.171775816 526568
rl11849_n118480_uncorr_01.ttp: 0.0 5396907.0 1.8387764E7 927857 1346187.1788406933 6608626.185143933 410113
rl11849_n118480_uncorr_01.ttp: 301781.0 5095126.0 1.8309263E7 928759 1359321.8810019954 6415196.541232539 452506
RESULTS FOR heuristics : 24
rl11849_n118480_uncorr_01.ttp: 0.0 5396907.0 1.8379663E7 928083 1356423.741481519 6510955.262036707 476356
rl11849_n118480_uncorr_01.ttp: 0.0 5396907.0 1.8358855E7 927686 1363851.9380158763 6425150.5423610825 478383
rl11849_n118480_uncorr_01.ttp: 285372.0 5111535.0 1.8336015E7 929349 1362976.1930906486 6409973.310456825 709405
rl11849_n118480_uncorr_01.ttp: 289494.0 5107413.0 1.8309043E7 927425 1354914.469926775 6453541.388140719 498274
rl11849_n118480_uncorr_01.ttp: 305069.0 5091838.0 1.8252783E7 928168 1354919.0853210841 6397241.003440514 522418
rl11849_n118480_uncorr_01.ttp: 0.0 5396907.0 1.8385001E7 927876 1355804.0856351557 6521715.250692388 439700
rl11849_n118480_uncorr_01.ttp: 0.0 5396907.0 1.837928E7 927783 1364562.8146697716 6439355.371639499 485876
rl11849_n118480_uncorr_01.ttp: 1.0 5396906.0 1.8368519E7 928679 1358715.796559994 6479755.780100051 426581
rl11849_n118480_uncorr_01.ttp: 1.0 5396906.0 1.830851E7 927750 1365005.150609405 6364714.932167707 469453
rl11849_n118480_uncorr_01.ttp: 1.0 5396906.0 1.8378437E7 927932 1364014.4759393982 6443310.335530266 489473
rl11849_n118480_uncorr_01.ttp: 269801.0 5127106.0 1.8333586E7 928681 1360608.474026156 6428261.852271136 635487
rl11849_n118480_uncorr_01.ttp: 1.0 5396906.0 1.8377417E7 929335 1364071.387787096 6441792.35686291 485646
rl11849_n118480_uncorr_01.ttp: 198543.0 5198364.0 1.8481433E7 928104 1370396.0678373843 6490467.406422887 662170
rl11849_n118480_uncorr_01.ttp: 140861.0 5256046.0 1.8045595E7 930079 1326477.6733059315 6438915.3585731 845010
rl11849_n118480_uncorr_01.ttp: 307035.0 5089872.0 1.8314962E7 930541 1363726.7011311925 6382353.365102066 478116
rl11849_n118480_uncorr_01.ttp: 301061.0 5095846.0 1.8291691E7 927721 1355341.911841298 6432449.2713886425 488507
rl11849_n118480_uncorr_01.ttp: 198779.0 5198128.0 1.8431078E7 929514 1377500.4132513092 6377949.384051045 521397
rl11849_n118480_uncorr_01.ttp: 206771.0 5190136.0 1.8454903E7 928515 1368252.451007614 6482694.053683378 510666
rl11849_n118480_uncorr_01.ttp: 194293.0 5202614.0 1.8253102E7 927344 1341920.4067555142 6511298.4408892505 557119
rl11849_n118480_uncorr_01.ttp: 303999.0 5092908.0 1.8257305E7 929084 1350956.6894909935 6436433.966953807 522274
rl11849_n118480_uncorr_01.ttp: 285704.0 5111203.0 1.8324342E7 930396 1361309.8523497225 6412880.791939927 809513
rl11849_n118480_uncorr_01.ttp: 202969.0 5193938.0 1.8473385E7 927737 1368787.5937274087 6496493.554885173 506872
rl11849_n118480_uncorr_01.ttp: 308961.0 5087946.0 1.8281124E7 928167 1354033.3269419 6433332.389258375 456721
rl11849_n118480_uncorr_01.ttp: 0.0 5396907.0 1.830685E7 928979 1365970.1532340278 6354611.159202257 477020
rl11849_n118480_uncorr_01.ttp: 203115.0 5193792.0 1.845738E7 927638 1378062.5211912699 6399332.939576389 517818
rl11849_n118480_uncorr_01.ttp: 206198.0 5190709.0 1.8501943E7 927827 1374032.4371777796 6479159.174694428 498015
rl11849_n118480_uncorr_01.ttp: 211039.0 5185868.0 1.8464072E7 927669 1371283.9254818838 6465337.652033517 536976
rl11849_n118480_uncorr_01.ttp: 198621.0 5198286.0 1.847144E7 927563 1370072.0241147291 6483309.788996121 496894
rl11849_n118480_uncorr_01.ttp: 200815.0 5196092.0 1.8450837E7 928385 1367760.5243137283 6482932.412254877 503128
rl11849_n118480_uncorr_01.ttp: 0.0 5396907.0 1.835981E7 928599 1366644.6101681995 6401669.661028255 475686
Instance :rl11849_n118480_uncorr-similar-weights_01.ttp
RESULTS FOR heuristics : 20
rl11849_n118480_uncorr-similar-weights_01.ttp: 720.0 1.081867E7 9308084.0 928846 1267678.622044931 3793681.994104551 290728
rl11849_n118480_uncorr-similar-weights_01.ttp: 255.0 1.0819135E7 9285597.0 928766 1269045.5456464945 3765248.8764377497 233227
rl11849_n118480_uncorr-similar-weights_01.ttp: 922.0 1.0818468E7 9314263.0 927903 1265219.364782827 3810558.7631947035 281543
rl11849_n118480_uncorr-similar-weights_01.ttp: 207.0 1.0819183E7 9300687.0 928509 1271387.9381618868 3770149.468995793 287208
rl11849_n118480_uncorr-similar-weights_01.ttp: 546.0 1.0818844E7 9316319.0 928946 1270951.3577680069 3787680.593709171 292987
rl11849_n118480_uncorr-similar-weights_01.ttp: 898.0 1.0818492E7 9292115.0 927482 1261590.4919083659 3804196.3601986086 276438
rl11849_n118480_uncorr-similar-weights_01.ttp: 488.0 1.0818902E7 9307011.0 929175 1276055.9902680283 3756167.4423340773 299968
rl11849_n118480_uncorr-similar-weights_01.ttp: 71.0 1.0819319E7 9295415.0 928502 1271740.05789476 3763345.7481577946 288063
rl11849_n118480_uncorr-similar-weights_01.ttp: 652.0 1.0818738E7 9322115.0 930125 1275530.5159998203 3773557.2554007825 256585
rl11849_n118480_uncorr-similar-weights_01.ttp: 106.0 1.0819284E7 9271966.0 927873 1264855.26126666 3769845.6134900292 275683
rl11849_n118480_uncorr-similar-weights_01.ttp: 143.0 1.0819247E7 9306288.0 927603 1271423.7880459141 3775594.5220002737 268908
rl11849_n118480_uncorr-similar-weights_01.ttp: 204.0 1.0819186E7 9292617.0 928759 1270877.6541229142 3764299.204565324 289271
rl11849_n118480_uncorr-similar-weights_01.ttp: 127.0 1.0819263E7 9313003.0 929062 1264879.0040843862 3810779.3322329205 289976
rl11849_n118480_uncorr-similar-weights_01.ttp: 342.0 1.0819048E7 9295482.0 928133 1269672.8360996437 3772405.1629665503 281317
rl11849_n118480_uncorr-similar-weights_01.ttp: 243.0 1.0819147E7 9301238.0 928022 1266666.2741703398 3791239.7073590225 294566
rl11849_n118480_uncorr-similar-weights_01.ttp: 49.0 1.0819341E7 9308768.0 928019 1261583.6488394013 3820879.1275486043 249334
rl11849_n118480_uncorr-similar-weights_01.ttp: 193.0 1.0819197E7 9311362.0 928166 1269768.7422415237 3787867.9712493727 293484
rl11849_n118480_uncorr-similar-weights_01.ttp: 548.0 1.0818842E7 9332920.0 927503 1274097.2790276718 3790596.836229628 281578
rl11849_n118480_uncorr-similar-weights_01.ttp: 775.0 1.0818615E7 9301761.0 928401 1253566.8276785861 3848745.299598151 286730
rl11849_n118480_uncorr-similar-weights_01.ttp: 249.0 1.0819141E7 9297615.0 928067 1274662.0800037996 3752834.9519834723 299664
rl11849_n118480_uncorr-similar-weights_01.ttp: 834.0 1.0818556E7 9270719.0 929225 1268962.3626275808 3750732.7225700244 276783
rl11849_n118480_uncorr-similar-weights_01.ttp: 340.0 1.081905E7 9327458.0 927954 1263737.017627 3830201.97332255 256922
rl11849_n118480_uncorr-similar-weights_01.ttp: 456.0 1.0818934E7 9312576.0 928208 1270904.5154530364 3784141.3577792924 289310
rl11849_n118480_uncorr-similar-weights_01.ttp: 429.0 1.0818961E7 9295647.0 928321 1267998.013259094 3779855.6423229417 291528
rl11849_n118480_uncorr-similar-weights_01.ttp: 652.0 1.0818738E7 9327042.0 928169 1262164.405193166 3836626.837409728 297642
rl11849_n118480_uncorr-similar-weights_01.ttp: 29.0 1.0819361E7 9318265.0 929174 1274731.3708302449 3773183.5368884355 277841
rl11849_n118480_uncorr-similar-weights_01.ttp: 265.0 1.0819125E7 9293480.0 929495 1274907.549710657 3747632.158758642 307057
rl11849_n118480_uncorr-similar-weights_01.ttp: 24.0 1.0819366E7 9301427.0 928750 1272232.6186799365 3767215.108742276 301494
rl11849_n118480_uncorr-similar-weights_01.ttp: 42.0 1.0819348E7 9335589.0 928471 1274992.383741731 3789372.13072347 306636
rl11849_n118480_uncorr-similar-weights_01.ttp: 551.0 1.0818839E7 9300817.0 927781 1261909.3277555301 3811511.4242634447 235377
RESULTS FOR heuristics : 24
rl11849_n118480_uncorr-similar-weights_01.ttp: 846.0 1.0818544E7 9320833.0 927986 1268286.942001734 3803784.802292458 301871
rl11849_n118480_uncorr-similar-weights_01.ttp: 680.0 1.081871E7 9316049.0 927294 1271633.2281817133 3784444.4574095476 302389
rl11849_n118480_uncorr-similar-weights_01.ttp: 397.0 1.0818993E7 9309354.0 929208 1266115.559704543 3801751.3152852384 287345
rl11849_n118480_uncorr-similar-weights_01.ttp: 373.0 1.0819017E7 9313137.0 927884 1265463.6426350062 3808370.1545377234 267480
rl11849_n118480_uncorr-similar-weights_01.ttp: 76.0 1.0819314E7 9336145.0 927647 1265879.6318133764 3829568.6016118126 283826
rl11849_n118480_uncorr-similar-weights_01.ttp: 616.0 1.0818774E7 9330298.0 927940 1268481.512420632 3812403.420970252 287365
rl11849_n118480_uncorr-similar-weights_01.ttp: 373.0 1.0819017E7 9334771.0 927690 1271791.6376924084 3802477.376038024 277303
rl11849_n118480_uncorr-similar-weights_01.ttp: 261.0 1.0819129E7 9303689.0 927699 1267039.8116214904 3792065.819446517 280396
rl11849_n118480_uncorr-similar-weights_01.ttp: 226.0 1.0819164E7 9314814.0 928136 1270870.1922198702 3786528.6638435656 294558
rl11849_n118480_uncorr-similar-weights_01.ttp: 515.0 1.0818875E7 9313165.0 928400 1270890.868552701 3784789.721795751 276450
rl11849_n118480_uncorr-similar-weights_01.ttp: 365.0 1.0819025E7 9303208.0 929172 1268786.6884549384 3783985.905221019 282213
rl11849_n118480_uncorr-similar-weights_01.ttp: 676.0 1.0818714E7 9308612.0 929203 1274894.094574478 3762822.6886010217 272343
rl11849_n118480_uncorr-similar-weights_01.ttp: 722.0 1.0818668E7 9319064.0 928956 1268664.9878343737 3800371.3029204747 275879
rl11849_n118480_uncorr-similar-weights_01.ttp: 927.0 1.0818463E7 9300898.0 928429 1263461.800111588 3804839.169514592 241171
rl11849_n118480_uncorr-similar-weights_01.ttp: 469.0 1.0818921E7 9306767.0 929102 1264035.6131808856 3808212.0826631486 281413
rl11849_n118480_uncorr-similar-weights_01.ttp: 634.0 1.0818756E7 9327574.0 928216 1274314.297222641 3784306.807081512 299532
rl11849_n118480_uncorr-similar-weights_01.ttp: 414.0 1.0818976E7 9287671.0 927405 1265531.3563724873 3782609.5997796813 263512
rl11849_n118480_uncorr-similar-weights_01.ttp: 839.0 1.0818551E7 9284458.0 927593 1274150.1965866736 3741904.6448479705 277922
rl11849_n118480_uncorr-similar-weights_01.ttp: 276.0 1.0819114E7 9340089.0 929314 1275463.6551923815 3791822.0999131408 283420
rl11849_n118480_uncorr-similar-weights_01.ttp: 419.0 1.0818971E7 9324857.0 928493 1263097.3175310965 3830383.6687397305 287487
rl11849_n118480_uncorr-similar-weights_01.ttp: 363.0 1.0819027E7 9342430.0 928568 1269497.850897966 3820114.3485938488 287910
rl11849_n118480_uncorr-similar-weights_01.ttp: 486.0 1.0818904E7 9293926.0 927451 1267580.15367214 3779952.331526191 282398
rl11849_n118480_uncorr-similar-weights_01.ttp: 704.0 1.0818686E7 9315674.0 927775 1271172.889504978 3786071.9306533467 265995
rl11849_n118480_uncorr-similar-weights_01.ttp: 1.0 1.0819389E7 9288490.0 928040 1268299.6989577187 3771386.309533924 286212
rl11849_n118480_uncorr-similar-weights_01.ttp: 261.0 1.0819129E7 9300430.0 927972 1270151.304534154 3775271.8252764307 288810
rl11849_n118480_uncorr-similar-weights_01.ttp: 369.0 1.0819021E7 9304666.0 927570 1264016.35992014 3806194.8343473915 272500
rl11849_n118480_uncorr-similar-weights_01.ttp: 515.0 1.0818875E7 9278899.0 928280 1263631.493429714 3782102.0035807444 299226
rl11849_n118480_uncorr-similar-weights_01.ttp: 469.0 1.0818921E7 9327988.0 927399 1264975.6704082321 3825343.8337241905 263469
rl11849_n118480_uncorr-similar-weights_01.ttp: 948.0 1.0818442E7 9276858.0 928608 1262480.2731452554 3785068.8118181396 267824
rl11849_n118480_uncorr-similar-weights_01.ttp: 933.0 1.0818457E7 9328734.0 927884 1276135.4265157576 3777544.894656455 248996
Instance :rl11849_n118480_bounded-strongly-corr_01.ttp
RESULTS FOR heuristics : 20
rl11849_n118480_bounded-strongly-corr_01.ttp: 125.0 1.0201249E7 1.5549649E7 928800 1195456.8619660328 6882586.750746263 392174
rl11849_n118480_bounded-strongly-corr_01.ttp: 9.0 1.0201365E7 1.5520665E7 928073 1175411.2498387774 6998933.438668864 393663
rl11849_n118480_bounded-strongly-corr_01.ttp: 53.0 1.0201321E7 1.5537621E7 928682 1181405.4058857001 6972431.807328675 379841
rl11849_n118480_bounded-strongly-corr_01.ttp: 37.0 1.0201337E7 1.5568137E7 927900 1181785.3362613167 7000193.3121054545 403735
rl11849_n118480_bounded-strongly-corr_01.ttp: 27.0 1.0201347E7 1.5529047E7 928314 1191995.9335037956 6887076.482097482 394801
rl11849_n118480_bounded-strongly-corr_01.ttp: 2.0 1.0201372E7 1.5523272E7 929041 1189879.877857875 6896642.885530405 380592
rl11849_n118480_bounded-strongly-corr_01.ttp: 50.0 1.0201324E7 1.5490424E7 928014 1179467.7747007606 6939282.633419486 394609
rl11849_n118480_bounded-strongly-corr_01.ttp: 15.0 1.0201359E7 1.5481959E7 929045 1184639.1015807225 6893325.513539761 382279
rl11849_n118480_bounded-strongly-corr_01.ttp: 18.0 1.0201356E7 1.5508456E7 927890 1177834.7073151753 6969154.371964978 319940
rl11849_n118480_bounded-strongly-corr_01.ttp: 0.0 1.0201374E7 1.5491274E7 928414 1182731.2922656003 6916472.131074399 315744
rl11849_n118480_bounded-strongly-corr_01.ttp: 22.0 1.0201352E7 1.5525552E7 929327 1175978.9670587822 6999704.488823829 512445
rl11849_n118480_bounded-strongly-corr_01.ttp: 2.0 1.0201372E7 1.5538372E7 928060 1182758.200175327 6963375.04872888 567262
rl11849_n118480_bounded-strongly-corr_01.ttp: 27.0 1.0201347E7 1.5505247E7 928857 1184422.7978518405 6918181.7155741565 377037
rl11849_n118480_bounded-strongly-corr_01.ttp: 51.0 1.0201323E7 1.5509123E7 928056 1187779.4462509335 6897722.014680732 374801
rl11849_n118480_bounded-strongly-corr_01.ttp: 5.0 1.0201369E7 1.5527369E7 927798 1184572.509974632 6939218.302683918 364790
rl11849_n118480_bounded-strongly-corr_01.ttp: 4.0 1.020137E7 1.551757E7 928662 1183799.392699439 6935024.402929068 383491
rl11849_n118480_bounded-strongly-corr_01.ttp: 25.0 1.0201349E7 1.5566549E7 928981 1193611.2729239075 6912867.27130167 322952
rl11849_n118480_bounded-strongly-corr_01.ttp: 7.0 1.0201367E7 1.5521667E7 929670 1187969.881735265 6908885.357419329 272652
rl11849_n118480_bounded-strongly-corr_01.ttp: 24.0 1.020135E7 1.556705E7 927324 1192024.8566879856 6924869.789012104 373253
rl11849_n118480_bounded-strongly-corr_01.ttp: 14.0 1.020136E7 1.553706E7 928116 1188378.981545961 6921312.383791782 370879
rl11849_n118480_bounded-strongly-corr_01.ttp: 99.0 1.0201275E7 1.5504975E7 929121 1190650.2101395016 6872760.976488613 378022
rl11849_n118480_bounded-strongly-corr_01.ttp: 1.0 1.0201373E7 1.5542773E7 928288 1188487.5500362467 6926238.262237212 381217
rl11849_n118480_bounded-strongly-corr_01.ttp: 91.0 1.0201283E7 1.5510683E7 928323 1182044.2341867194 6940862.302146284 363702
rl11849_n118480_bounded-strongly-corr_01.ttp: 36.0 1.0201338E7 1.5506638E7 927935 1177469.9045141642 6969981.192272309 378339
rl11849_n118480_bounded-strongly-corr_01.ttp: 4.0 1.020137E7 1.552287E7 929161 1180307.5097716062 6965640.5541558545 373496
rl11849_n118480_bounded-strongly-corr_01.ttp: 54.0 1.020132E7 1.552792E7 928670 1187912.4309293625 6915554.875762122 337411
rl11849_n118480_bounded-strongly-corr_01.ttp: 4.0 1.020137E7 1.553197E7 928558 1181892.2456096276 6963251.219330201 262403
rl11849_n118480_bounded-strongly-corr_01.ttp: 23.0 1.0201351E7 1.5508551E7 928425 1185122.2848954021 6916414.434508335 388269
rl11849_n118480_bounded-strongly-corr_01.ttp: 73.0 1.0201301E7 1.5510801E7 928751 1195086.5067996294 6846423.825702686 391451
rl11849_n118480_bounded-strongly-corr_01.ttp: 25.0 1.0201349E7 1.5500649E7 928933 1185628.029873944 6904845.7834139075 377094
RESULTS FOR heuristics : 24
rl11849_n118480_bounded-strongly-corr_01.ttp: 18.0 1.0201356E7 1.5529956E7 928374 1191280.1563694438 6893174.866321532 367121
rl11849_n118480_bounded-strongly-corr_01.ttp: 3.0 1.0201371E7 1.5542871E7 927825 1191154.172929334 6907003.246262329 370588
rl11849_n118480_bounded-strongly-corr_01.ttp: 11.0 1.0201363E7 1.5545663E7 928813 1188373.752606358 6929953.293603905 376019
rl11849_n118480_bounded-strongly-corr_01.ttp: 0.0 1.0201374E7 1.5534074E7 929108 1187743.8668239021 6922930.965526709 361162
rl11849_n118480_bounded-strongly-corr_01.ttp: 9.0 1.0201365E7 1.5517665E7 928379 1190190.2785114995 6888785.480791628 370838
rl11849_n118480_bounded-strongly-corr_01.ttp: 1.0 1.0201373E7 1.5526673E7 928865 1192070.248461838 6884163.698651673 277665
rl11849_n118480_bounded-strongly-corr_01.ttp: 1.0 1.0201373E7 1.5521073E7 927661 1183310.5410872856 6942071.577117179 346798
rl11849_n118480_bounded-strongly-corr_01.ttp: 13.0 1.0201361E7 1.5527561E7 927406 1186538.6723588512 6925155.6253983285 358101
rl11849_n118480_bounded-strongly-corr_01.ttp: 52.0 1.0201322E7 1.5555422E7 927783 1189943.2732553445 6928333.268898752 364545
rl11849_n118480_bounded-strongly-corr_01.ttp: 31.0 1.0201343E7 1.5518043E7 927687 1182184.3948570825 6947206.137286153 367364
rl11849_n118480_bounded-strongly-corr_01.ttp: 5.0 1.0201369E7 1.5496269E7 929210 1185585.4662467055 6900774.369711384 379629
rl11849_n118480_bounded-strongly-corr_01.ttp: 72.0 1.0201302E7 1.5533502E7 927778 1184381.0106580816 6946739.672728907 384577
rl11849_n118480_bounded-strongly-corr_01.ttp: 50.0 1.0201324E7 1.5511924E7 928824 1190051.2796153312 6884052.222788848 350791
rl11849_n118480_bounded-strongly-corr_01.ttp: 5.0 1.0201369E7 1.5498769E7 928278 1185723.2202581137 6902275.653128676 378710
rl11849_n118480_bounded-strongly-corr_01.ttp: 28.0 1.0201346E7 1.5522346E7 928194 1173561.2605805781 7014026.860790808 331677
rl11849_n118480_bounded-strongly-corr_01.ttp: 56.0 1.0201318E7 1.5546618E7 928239 1185205.0640657202 6953881.285523528 319897
rl11849_n118480_bounded-strongly-corr_01.ttp: 2.0 1.0201372E7 1.5537872E7 927312 1188124.7632791062 6923967.466226479 371521
rl11849_n118480_bounded-strongly-corr_01.ttp: 39.0 1.0201335E7 1.5515235E7 929447 1189772.4410241914 6889384.802574612 374939
rl11849_n118480_bounded-strongly-corr_01.ttp: 7.0 1.0201367E7 1.5523467E7 928382 1187387.421547405 6914908.193781314 372746
rl11849_n118480_bounded-strongly-corr_01.ttp: 33.0 1.0201341E7 1.5514241E7 928358 1190093.7345802113 6886061.424293468 361438
rl11849_n118480_bounded-strongly-corr_01.ttp: 13.0 1.0201361E7 1.5534561E7 927819 1187794.6896539321 6923049.500008993 363903
rl11849_n118480_bounded-strongly-corr_01.ttp: 10.0 1.0201364E7 1.5544164E7 926988 1184338.9087609178 6957706.911483346 380712
rl11849_n118480_bounded-strongly-corr_01.ttp: 21.0 1.0201353E7 1.5504553E7 928100 1184313.3216690691 6918281.417899249 371464
rl11849_n118480_bounded-strongly-corr_01.ttp: 71.0 1.0201303E7 1.5521103E7 927705 1182518.181444872 6947846.184524678 372267
rl11849_n118480_bounded-strongly-corr_01.ttp: 3.0 1.0201371E7 1.5516471E7 928264 1193130.2363934473 6866276.786147507 279663
rl11849_n118480_bounded-strongly-corr_01.ttp: 12.0 1.0201362E7 1.5518162E7 929399 1177177.2228996325 6983627.133977665 379244
rl11849_n118480_bounded-strongly-corr_01.ttp: 17.0 1.0201357E7 1.5547957E7 927168 1182906.5651010638 6971884.403017288 368267
rl11849_n118480_bounded-strongly-corr_01.ttp: 30.0 1.0201344E7 1.5549544E7 928614 1188268.9441351448 6934594.1550202 371359
rl11849_n118480_bounded-strongly-corr_01.ttp: 45.0 1.0201329E7 1.5530129E7 928800 1189800.5380048016 6904075.099465188 372068
rl11849_n118480_bounded-strongly-corr_01.ttp: 96.0 1.0201278E7 1.5536778E7 928928 1179391.5081735062 6986189.565742079 362480
