Enter TTP instance file:
RESULTS FOR heuristics : 20
rat783_n782_bounded-strongly-corr_01.ttp: 36.0 69227.0 104127.0 9257 11838.698507296942 40079.64107552354 735
rat783_n782_bounded-strongly-corr_01.ttp: 7.0 69256.0 107056.0 9252 12315.377537589153 40429.80752164268 630
rat783_n782_bounded-strongly-corr_01.ttp: 116.0 69147.0 107047.0 9254 12254.872055428576 40748.1421801314 590
rat783_n782_bounded-strongly-corr_01.ttp: 58.0 69205.0 106205.0 9256 12018.42144802962 41185.33996615976 643
rat783_n782_bounded-strongly-corr_01.ttp: 3.0 69260.0 106060.0 9247 12046.18722971695 40890.127087231296 624
rat783_n782_bounded-strongly-corr_01.ttp: 0.0 69263.0 105863.0 9253 12109.656740764678 40349.75703246309 590
rat783_n782_bounded-strongly-corr_01.ttp: 23.0 69240.0 106040.0 9251 12007.001467808304 41082.122059157075 564
rat783_n782_bounded-strongly-corr_01.ttp: 3.0 69260.0 106360.0 9253 12092.791695412685 40937.996927817374 605
rat783_n782_bounded-strongly-corr_01.ttp: 0.0 69263.0 105763.0 9254 12080.431309800771 40407.86661397782 572
rat783_n782_bounded-strongly-corr_01.ttp: 4.0 69259.0 106259.0 9249 12122.427963634094 40676.66471673954 591
rat783_n782_bounded-strongly-corr_01.ttp: 110.0 69153.0 104553.0 9254 11840.68817371916 40494.876980179346 587
rat783_n782_bounded-strongly-corr_01.ttp: 56.0 69207.0 104607.0 9256 11958.464494041345 39911.70708723632 608
rat783_n782_bounded-strongly-corr_01.ttp: 19.0 69244.0 104644.0 9280 11982.548074758326 39818.414915557456 603
rat783_n782_bounded-strongly-corr_01.ttp: 17.0 69246.0 105946.0 9251 11890.234589876101 41619.83086877029 658
rat783_n782_bounded-strongly-corr_01.ttp: 67.0 69196.0 106996.0 9255 12171.007588472794 41150.84894636218 614
rat783_n782_bounded-strongly-corr_01.ttp: 23.0 69240.0 106240.0 9259 12214.872676216695 40157.53882166768 628
rat783_n782_bounded-strongly-corr_01.ttp: 88.0 69175.0 105875.0 9245 12025.40403218506 40817.56418587882 578
rat783_n782_bounded-strongly-corr_01.ttp: 34.0 69229.0 105629.0 9258 11999.538118120947 40711.498780965674 589
rat783_n782_bounded-strongly-corr_01.ttp: 0.0 69263.0 104263.0 9259 11857.97502847445 40111.35509595323 572
rat783_n782_bounded-strongly-corr_01.ttp: 48.0 69215.0 105815.0 9249 11944.071483190652 41197.57327593857 603
rat783_n782_bounded-strongly-corr_01.ttp: 18.0 69245.0 105245.0 9254 11926.07695375969 40724.92368016008 588
rat783_n782_bounded-strongly-corr_01.ttp: 11.0 69252.0 106352.0 9247 12015.91396059198 41345.90547319738 564
rat783_n782_bounded-strongly-corr_01.ttp: 44.0 69219.0 105919.0 9249 12083.343201967344 40548.11327735667 594
rat783_n782_bounded-strongly-corr_01.ttp: 63.0 69200.0 106400.0 9253 12164.662559072283 40589.175555418944 592
rat783_n782_bounded-strongly-corr_01.ttp: 65.0 69198.0 106298.0 9253 11999.612103402716 41380.0985205913 570
rat783_n782_bounded-strongly-corr_01.ttp: 88.0 69175.0 105875.0 9247 12024.653756268148 40821.62317858932 543
rat783_n782_bounded-strongly-corr_01.ttp: 26.0 69237.0 106137.0 9250 11975.310495112055 41350.570221443784 557
rat783_n782_bounded-strongly-corr_01.ttp: 20.0 69243.0 105943.0 9267 12062.404864884267 40685.38968097611 635
rat783_n782_bounded-strongly-corr_01.ttp: 26.0 69237.0 105437.0 9256 12076.477532475988 40103.256549304904 641
rat783_n782_bounded-strongly-corr_01.ttp: 40.0 69223.0 103923.0 9259 11808.086599284827 40041.25149786909 588
RESULTS FOR heuristics : 21
rat783_n782_bounded-strongly-corr_01.ttp: 83.0 69180.0 106180.0 9271 12128.148856442926 40566.71468664377 611
rat783_n782_bounded-strongly-corr_01.ttp: 101.0 69162.0 105762.0 9268 12034.306840414627 40656.39999335686 619
rat783_n782_bounded-strongly-corr_01.ttp: 11.0 69252.0 106352.0 9247 12017.956299860518 41334.8564177546 595
rat783_n782_bounded-strongly-corr_01.ttp: 58.0 69205.0 104605.0 9256 12058.756296588088 39367.12843545844 607
rat783_n782_bounded-strongly-corr_01.ttp: 66.0 69197.0 105297.0 9248 11986.140117347933 40451.98196514768 584
rat783_n782_bounded-strongly-corr_01.ttp: 137.0 69126.0 106826.0 9255 12113.384636138111 41292.58911849282 558
rat783_n782_bounded-strongly-corr_01.ttp: 94.0 69169.0 106069.0 9275 12134.167808682276 40423.15215502889 633
rat783_n782_bounded-strongly-corr_01.ttp: 24.0 69239.0 105639.0 9250 12004.245993883704 40696.02917308916 616
rat783_n782_bounded-strongly-corr_01.ttp: 54.0 69209.0 107009.0 9246 12221.630386406374 40889.97960954152 584
rat783_n782_bounded-strongly-corr_01.ttp: 11.0 69252.0 105452.0 9277 11989.20763552176 40590.386691827276 619
rat783_n782_bounded-strongly-corr_01.ttp: 33.0 69230.0 103930.0 9260 11832.938998051786 39913.800020539835 629
rat783_n782_bounded-strongly-corr_01.ttp: 17.0 69246.0 105946.0 9251 11890.041498437045 41620.87549345558 649
rat783_n782_bounded-strongly-corr_01.ttp: 42.0 69221.0 106121.0 9284 12218.518598467046 40018.814382293276 621
rat783_n782_bounded-strongly-corr_01.ttp: 18.0 69245.0 106445.0 9252 12221.906392453806 40324.486416824904 644
rat783_n782_bounded-strongly-corr_01.ttp: 4.0 69259.0 106359.0 9249 12094.816302636567 40926.04380273617 634
rat783_n782_bounded-strongly-corr_01.ttp: 26.0 69237.0 105637.0 9245 11860.056603187139 41474.09377675758 620
rat783_n782_bounded-strongly-corr_01.ttp: 36.0 69227.0 104427.0 9272 11890.570090423907 40099.01581080666 653
rat783_n782_bounded-strongly-corr_01.ttp: 36.0 69227.0 104127.0 9257 11840.804282524701 40068.248831541365 630
rat783_n782_bounded-strongly-corr_01.ttp: 3.0 69260.0 104260.0 9254 11811.439716734745 40360.11113246503 637
rat783_n782_bounded-strongly-corr_01.ttp: 3.0 69260.0 106060.0 9251 12125.843816131115 40459.18495473066 616
rat783_n782_bounded-strongly-corr_01.ttp: 88.0 69175.0 105875.0 9248 12026.832265129991 40809.83744564674 589
rat783_n782_bounded-strongly-corr_01.ttp: 22.0 69241.0 106141.0 9254 11921.975290319977 41643.11367936892 568
rat783_n782_bounded-strongly-corr_01.ttp: 38.0 69225.0 105725.0 9272 11972.62975422502 40953.07302964264 623
rat783_n782_bounded-strongly-corr_01.ttp: 16.0 69247.0 104547.0 9253 11860.732299472891 40380.43825985166 583
rat783_n782_bounded-strongly-corr_01.ttp: 105.0 69158.0 104258.0 9255 11936.932945943438 39679.192762446 597
rat783_n782_bounded-strongly-corr_01.ttp: 81.0 69182.0 106482.0 9258 12002.6946246531 41547.422080626726 612
rat783_n782_bounded-strongly-corr_01.ttp: 25.0 69238.0 106538.0 9251 12215.225595048636 40453.62953078687 582
rat783_n782_bounded-strongly-corr_01.ttp: 11.0 69252.0 105952.0 9252 12020.048069641856 40923.539943237556 593
rat783_n782_bounded-strongly-corr_01.ttp: 61.0 69202.0 106002.0 9253 12000.392191603061 41079.87824342744 595
rat783_n782_bounded-strongly-corr_01.ttp: 17.0 69246.0 106246.0 9249 11994.604616989014 41355.189022089435 582
RESULTS FOR heuristics : 22
rat783_n782_bounded-strongly-corr_01.ttp: 0.0 69263.0 105963.0 9256 12113.320056151953 40429.93849621793 599790
rat783_n782_bounded-strongly-corr_01.ttp: 2.0 69261.0 106061.0 9252 12083.931329490872 40686.931507454385 599791
rat783_n782_bounded-strongly-corr_01.ttp: 10.0 69253.0 106353.0 9287 11923.488415644673 41846.92767136232 599790
rat783_n782_bounded-strongly-corr_01.ttp: 7.0 69256.0 104456.0 9281 11934.632762003717 39889.636757559885 599790
rat783_n782_bounded-strongly-corr_01.ttp: 33.0 69230.0 104530.0 9259 11891.942123501585 40194.593111856426 599790
rat783_n782_bounded-strongly-corr_01.ttp: 0.0 69263.0 106563.0 9254 12012.679074987685 41574.40620431662 599790
rat783_n782_bounded-strongly-corr_01.ttp: 9.0 69254.0 106954.0 9253 12075.89954391061 41623.3834674436 599790
rat783_n782_bounded-strongly-corr_01.ttp: 1.0 69262.0 105062.0 9278 11934.383811540418 40496.98357956634 599790
rat783_n782_bounded-strongly-corr_01.ttp: 15.0 69248.0 106248.0 9245 12111.746887646907 40723.449337830236 599790
rat783_n782_bounded-strongly-corr_01.ttp: 1.0 69262.0 105862.0 9277 12115.77151833946 40315.67608578352 599790
rat783_n782_bounded-strongly-corr_01.ttp: 6.0 69257.0 105357.0 9254 11982.237038463285 40533.09762191363 599790
rat783_n782_bounded-strongly-corr_01.ttp: 6.0 69257.0 105757.0 9255 11983.304670577132 40927.32173217771 599791
rat783_n782_bounded-strongly-corr_01.ttp: 11.0 69252.0 106052.0 9274 12073.754046579004 40732.99060800758 599790
rat783_n782_bounded-strongly-corr_01.ttp: 4.0 69259.0 106459.0 9249 12135.151537561844 40807.83018179043 599790
rat783_n782_bounded-strongly-corr_01.ttp: 8.0 69255.0 106855.0 9257 12269.66972309444 40476.086798059085 599790
rat783_n782_bounded-strongly-corr_01.ttp: 0.0 69263.0 105263.0 9256 11944.57567858319 40642.84557886494 599790
rat783_n782_bounded-strongly-corr_01.ttp: 5.0 69258.0 106058.0 9255 11993.990707127845 41170.510274438355 599790
rat783_n782_bounded-strongly-corr_01.ttp: 12.0 69251.0 105251.0 9273 11921.167507852191 40757.483782519645 599790
rat783_n782_bounded-strongly-corr_01.ttp: 4.0 69259.0 105859.0 9245 11920.42175128747 41369.51832553479 599790
rat783_n782_bounded-strongly-corr_01.ttp: 1.0 69262.0 104562.0 9258 11905.178427407729 40154.98470772419 599790
rat783_n782_bounded-strongly-corr_01.ttp: 1.0 69262.0 106362.0 9252 12041.359839419132 41218.243268742495 599790
rat783_n782_bounded-strongly-corr_01.ttp: 13.0 69250.0 105950.0 9273 11972.620777939163 41178.12159134913 599790
rat783_n782_bounded-strongly-corr_01.ttp: 13.0 69250.0 105050.0 9264 12009.259008211588 40079.90876557531 599790
rat783_n782_bounded-strongly-corr_01.ttp: 4.0 69259.0 103959.0 9257 11816.74904295755 40030.387677599654 599790
rat783_n782_bounded-strongly-corr_01.ttp: 9.0 69254.0 106554.0 9249 12125.068893541962 40957.37728593798 599790
rat783_n782_bounded-strongly-corr_01.ttp: 3.0 69260.0 106060.0 9250 12042.847596689355 40908.19450191059 599790
rat783_n782_bounded-strongly-corr_01.ttp: 4.0 69259.0 104559.0 9257 11920.266047746652 40070.36068169061 599790
rat783_n782_bounded-strongly-corr_01.ttp: 1.0 69262.0 104662.0 9273 11925.09589455637 40147.23121045003 599790
rat783_n782_bounded-strongly-corr_01.ttp: 5.0 69258.0 105958.0 9249 12015.71306692103 40952.99230795723 599790
rat783_n782_bounded-strongly-corr_01.ttp: 8.0 69255.0 106155.0 9254 12065.051181876906 40883.07310604594 599790
RESULTS FOR heuristics : 23
rat783_n782_bounded-strongly-corr_01.ttp: 35.0 69228.0 106028.0 9250 12090.0149574487 40621.01908020253 8624
rat783_n782_bounded-strongly-corr_01.ttp: 57.0 69206.0 104306.0 9252 11779.480236715892 40579.011919367025 8620
rat783_n782_bounded-strongly-corr_01.ttp: 1.0 69262.0 105262.0 9264 11916.261759037949 40795.0238836047 8650
rat783_n782_bounded-strongly-corr_01.ttp: 3.0 69260.0 106060.0 9254 12131.080857731513 40430.85255967251 8655
rat783_n782_bounded-strongly-corr_01.ttp: 119.0 69144.0 105944.0 9268 12070.641106602821 40641.83161327874 4640
rat783_n782_bounded-strongly-corr_01.ttp: 3.0 69260.0 106060.0 9267 12065.700650990042 40784.55947814387 4611
rat783_n782_bounded-strongly-corr_01.ttp: 35.0 69228.0 104128.0 9275 11859.609723662921 39967.511394983594 8671
rat783_n782_bounded-strongly-corr_01.ttp: 28.0 69235.0 104935.0 9279 11943.512694553476 40320.596322465695 8641
rat783_n782_bounded-strongly-corr_01.ttp: 18.0 69245.0 106445.0 9255 12226.290601365137 40300.7678466146 8649
rat783_n782_bounded-strongly-corr_01.ttp: 110.0 69153.0 104553.0 9252 11837.900464809367 40509.95848538132 8631
rat783_n782_bounded-strongly-corr_01.ttp: 33.0 69230.0 107130.0 9255 12232.998183520453 40949.479827154355 8599
rat783_n782_bounded-strongly-corr_01.ttp: 104.0 69159.0 105959.0 9265 12206.827662495632 39920.06234589862 12611
rat783_n782_bounded-strongly-corr_01.ttp: 55.0 69208.0 105108.0 9261 11778.555041536429 41386.01722528792 12654
rat783_n782_bounded-strongly-corr_01.ttp: 57.0 69206.0 104306.0 9252 11779.504378453083 40578.881312568825 8595
rat783_n782_bounded-strongly-corr_01.ttp: 58.0 69205.0 105305.0 9260 11980.44042164259 40490.817318913585 12719
rat783_n782_bounded-strongly-corr_01.ttp: 38.0 69225.0 105725.0 9255 11939.363393221849 41133.0440426698 8636
rat783_n782_bounded-strongly-corr_01.ttp: 77.0 69186.0 107186.0 9258 12315.903880208309 40556.960008073045 8692
rat783_n782_bounded-strongly-corr_01.ttp: 95.0 69168.0 107268.0 9281 12077.932335510848 41926.38606488631 12618
rat783_n782_bounded-strongly-corr_01.ttp: 7.0 69256.0 106456.0 9274 12162.453978399064 40657.12397686107 8637
rat783_n782_bounded-strongly-corr_01.ttp: 46.0 69217.0 105917.0 9275 12006.067470569526 40964.174984218866 8585
rat783_n782_bounded-strongly-corr_01.ttp: 100.0 69163.0 106163.0 9258 12180.378323004685 40267.15327254466 8571
rat783_n782_bounded-strongly-corr_01.ttp: 45.0 69218.0 104618.0 9255 11973.602648271653 39840.80967285035 8601
rat783_n782_bounded-strongly-corr_01.ttp: 44.0 69219.0 106319.0 9258 11992.44019262229 41439.8985579134 8636
rat783_n782_bounded-strongly-corr_01.ttp: 74.0 69189.0 103189.0 9255 11865.208871588515 38998.220004706134 4592
rat783_n782_bounded-strongly-corr_01.ttp: 47.0 69216.0 106116.0 9261 12009.979826148254 41142.00914053794 8733
rat783_n782_bounded-strongly-corr_01.ttp: 2.0 69261.0 106361.0 9251 12063.850654012378 41095.56796179304 8568
rat783_n782_bounded-strongly-corr_01.ttp: 110.0 69153.0 104553.0 9253 11837.965372229582 40509.607336237954 8616
rat783_n782_bounded-strongly-corr_01.ttp: 26.0 69237.0 105637.0 9250 11867.858665260363 41431.88462094143 4559
rat783_n782_bounded-strongly-corr_01.ttp: 14.0 69249.0 105949.0 9270 11954.441933830813 41275.469137975306 12622
rat783_n782_bounded-strongly-corr_01.ttp: 34.0 69229.0 105629.0 9260 11972.293383402557 40858.89279579216 8619
RESULTS FOR heuristics : 24
rat783_n782_bounded-strongly-corr_01.ttp: 85.0 69178.0 106678.0 9257 11954.260532507771 42005.45051913296 599538
rat783_n782_bounded-strongly-corr_01.ttp: 18.0 69245.0 106445.0 9265 11883.415390444237 42155.72273769668 599503
rat783_n782_bounded-strongly-corr_01.ttp: 53.0 69210.0 107810.0 9253 12087.281399109976 42417.80763081503 599655
rat783_n782_bounded-strongly-corr_01.ttp: 12.0 69251.0 106751.0 9257 11962.704326779625 42032.769592122226 599423
rat783_n782_bounded-strongly-corr_01.ttp: 85.0 69178.0 106678.0 9259 11956.239311824316 41994.745323030445 599560
rat783_n782_bounded-strongly-corr_01.ttp: 75.0 69188.0 106688.0 9256 11962.798183068051 41969.26182960184 599677
rat783_n782_bounded-strongly-corr_01.ttp: 40.0 69223.0 106123.0 9264 11870.122797833897 41905.63566371861 599369
rat783_n782_bounded-strongly-corr_01.ttp: 5.0 69258.0 106958.0 9257 12007.243137496838 41998.814626142106 599409
rat783_n782_bounded-strongly-corr_01.ttp: 62.0 69201.0 106601.0 9259 11969.02641318205 41848.56710468511 599464
rat783_n782_bounded-strongly-corr_01.ttp: 57.0 69206.0 107606.0 9255 12025.625716620596 42547.36487308257 599518
rat783_n782_bounded-strongly-corr_01.ttp: 75.0 69188.0 106688.0 9256 11960.681002681484 41980.71577549317 599743
rat783_n782_bounded-strongly-corr_01.ttp: 12.0 69251.0 106751.0 9257 11964.833983119313 42021.248151324515 599663
rat783_n782_bounded-strongly-corr_01.ttp: 6.0 69257.0 106857.0 9259 11955.925540062522 42175.44282826175 599589
rat783_n782_bounded-strongly-corr_01.ttp: 75.0 69188.0 106688.0 9256 11962.798183068051 41969.26182960184 599534
rat783_n782_bounded-strongly-corr_01.ttp: 66.0 69197.0 106497.0 9256 11921.489882057904 42001.73973806674 599713
rat783_n782_bounded-strongly-corr_01.ttp: 62.0 69201.0 106601.0 9256 11959.962781034288 41897.6013546045 599506
rat783_n782_bounded-strongly-corr_01.ttp: 115.0 69148.0 106648.0 9253 11968.117816432641 41900.48261309941 599680
rat783_n782_bounded-strongly-corr_01.ttp: 6.0 69257.0 106857.0 9254 12014.009587409373 41861.20813211529 599463
rat783_n782_bounded-strongly-corr_01.ttp: 85.0 69178.0 106678.0 9259 11956.229798766175 41994.79678867499 599500
rat783_n782_bounded-strongly-corr_01.ttp: 32.0 69231.0 107331.0 9278 12064.676212381992 42061.10169101342 599656
rat783_n782_bounded-strongly-corr_01.ttp: 62.0 69201.0 106601.0 9258 11965.251416112866 41868.989838829395 599645
rat783_n782_bounded-strongly-corr_01.ttp: 85.0 69178.0 106678.0 9257 11954.249751816882 42005.508842670664 599413
rat783_n782_bounded-strongly-corr_01.ttp: 17.0 69246.0 106546.0 9259 11974.752919886621 41762.58670341338 599586
rat783_n782_bounded-strongly-corr_01.ttp: 85.0 69178.0 106678.0 9257 11952.143352121202 42016.904465024294 599630
rat783_n782_bounded-strongly-corr_01.ttp: 62.0 69201.0 106601.0 9258 11961.99324338743 41886.616553274005 599413
rat783_n782_bounded-strongly-corr_01.ttp: 66.0 69197.0 106497.0 9256 11923.607062444471 41990.28579217541 599552
rat783_n782_bounded-strongly-corr_01.ttp: 89.0 69174.0 106774.0 9254 11992.906355567997 41892.376616377136 599618
rat783_n782_bounded-strongly-corr_01.ttp: 62.0 69201.0 106601.0 9256 11962.111166635024 41885.97858850451 599445
rat783_n782_bounded-strongly-corr_01.ttp: 66.0 69197.0 106497.0 9256 11921.489882057904 42001.73973806674 599471
rat783_n782_bounded-strongly-corr_01.ttp: 3.0 69260.0 106660.0 9250 11959.825070582325 41957.34636814962 599546
RESULTS FOR heuristics : 25
rat783_n782_bounded-strongly-corr_01.ttp: 28.0 69235.0 105735.0 9256 11957.327878696151 41045.85617625382 8657
rat783_n782_bounded-strongly-corr_01.ttp: 8.0 69255.0 105755.0 9292 12086.054036674976 40369.44766158838 12815
rat783_n782_bounded-strongly-corr_01.ttp: 16.0 69247.0 106647.0 9250 12187.859452482251 40710.68036207103 12634
rat783_n782_bounded-strongly-corr_01.ttp: 15.0 69248.0 106248.0 9245 12111.746887646907 40723.449337830236 8598
rat783_n782_bounded-strongly-corr_01.ttp: 26.0 69237.0 106737.0 9256 12050.14848132884 41545.69671601097 8663
rat783_n782_bounded-strongly-corr_01.ttp: 3.0 69260.0 104260.0 9257 11777.120067016927 40545.78043743842 8661
rat783_n782_bounded-strongly-corr_01.ttp: 43.0 69220.0 105920.0 9253 12084.560110960188 40542.52979970538 8664
rat783_n782_bounded-strongly-corr_01.ttp: 33.0 69230.0 103930.0 9263 11835.82129021151 39898.206819955725 8668
rat783_n782_bounded-strongly-corr_01.ttp: 88.0 69175.0 105875.0 9245 12025.756104079714 40815.65947692875 8623
rat783_n782_bounded-strongly-corr_01.ttp: 28.0 69235.0 105635.0 9259 12021.820209244737 40596.95266798597 8663
rat783_n782_bounded-strongly-corr_01.ttp: 48.0 69215.0 105815.0 9262 11915.347320464549 41352.970996286786 8612
rat783_n782_bounded-strongly-corr_01.ttp: 11.0 69252.0 106352.0 9258 12030.228821598585 41268.462075151656 8677
rat783_n782_bounded-strongly-corr_01.ttp: 35.0 69228.0 105628.0 9282 12006.845389360078 40670.96644356198 12697
rat783_n782_bounded-strongly-corr_01.ttp: 57.0 69206.0 107206.0 9257 12237.944410756354 40998.72073780812 8651
rat783_n782_bounded-strongly-corr_01.ttp: 52.0 69211.0 106211.0 9245 12138.978658343623 40539.125458361 8665
rat783_n782_bounded-strongly-corr_01.ttp: 28.0 69235.0 104935.0 9276 11908.457485510955 40510.24500338573 8663
rat783_n782_bounded-strongly-corr_01.ttp: 63.0 69200.0 106200.0 9247 12011.56734902838 41217.42064175646 8641
rat783_n782_bounded-strongly-corr_01.ttp: 7.0 69256.0 105956.0 9265 12075.875434162905 40625.51390117868 8674
rat783_n782_bounded-strongly-corr_01.ttp: 65.0 69198.0 105698.0 9261 12083.778207855688 40324.75989550073 8616
rat783_n782_bounded-strongly-corr_01.ttp: 52.0 69211.0 104611.0 9257 11982.274737714393 39786.89366896513 8694
rat783_n782_bounded-strongly-corr_01.ttp: 93.0 69170.0 105470.0 9279 11984.265445779394 40635.123938333476 8678
rat783_n782_bounded-strongly-corr_01.ttp: 66.0 69197.0 104297.0 9258 11860.372304865856 40132.38583067572 4662
rat783_n782_bounded-strongly-corr_01.ttp: 25.0 69238.0 106238.0 9260 12175.987402946917 40365.90815005718 8674
rat783_n782_bounded-strongly-corr_01.ttp: 8.0 69255.0 106355.0 9254 12213.90643520125 40277.76618556124 8615
rat783_n782_bounded-strongly-corr_01.ttp: 18.0 69245.0 106645.0 9253 12178.381629062716 40759.9553867707 8579
rat783_n782_bounded-strongly-corr_01.ttp: 94.0 69169.0 106169.0 9290 12356.482658607052 39320.42881693585 8687
rat783_n782_bounded-strongly-corr_01.ttp: 100.0 69163.0 106463.0 9256 12248.062937271568 40200.97950936081 8670
rat783_n782_bounded-strongly-corr_01.ttp: 8.0 69255.0 105855.0 9249 12107.526735039319 40353.28036343728 8591
rat783_n782_bounded-strongly-corr_01.ttp: 33.0 69230.0 106930.0 9263 12352.974211252773 40100.40951712249 8664
rat783_n782_bounded-strongly-corr_01.ttp: 67.0 69196.0 106096.0 9257 12121.09586063611 40520.871393958645 8680
RESULTS FOR heuristics : 26
rat783_n782_bounded-strongly-corr_01.ttp: 54.0 69209.0 105709.0 9256 12033.754834257781 40606.3863466654 9470
rat783_n782_bounded-strongly-corr_01.ttp: 25.0 69238.0 106538.0 9295 12172.037512088129 40687.27705960322 18364
rat783_n782_bounded-strongly-corr_01.ttp: 4.0 69259.0 105259.0 9256 11844.172595662261 41182.026257467165 9438
rat783_n782_bounded-strongly-corr_01.ttp: 9.0 69254.0 106854.0 9273 12204.852955016517 40825.74551336064 13972
rat783_n782_bounded-strongly-corr_01.ttp: 120.0 69143.0 105843.0 9261 12014.458274028197 40844.780737507455 9479
rat783_n782_bounded-strongly-corr_01.ttp: 11.0 69252.0 106352.0 9260 12033.099504404026 41252.93168117422 9510
rat783_n782_bounded-strongly-corr_01.ttp: 45.0 69218.0 105518.0 9280 11990.949006405266 40646.96587534751 9609
rat783_n782_bounded-strongly-corr_01.ttp: 26.0 69237.0 105437.0 9282 12036.441023535666 40319.85406267204 13938
rat783_n782_bounded-strongly-corr_01.ttp: 39.0 69224.0 106624.0 9280 12142.59161739756 40932.579349879205 13892
rat783_n782_bounded-strongly-corr_01.ttp: 10.0 69253.0 105753.0 9259 11960.952565212141 41044.246622202314 9451
rat783_n782_bounded-strongly-corr_01.ttp: 29.0 69234.0 106234.0 9266 12184.85996153919 40313.90760807297 9443
rat783_n782_bounded-strongly-corr_01.ttp: 12.0 69251.0 105651.0 9261 12030.597991283636 40565.46486715553 9470
rat783_n782_bounded-strongly-corr_01.ttp: 1.0 69262.0 106062.0 9266 12133.528556273908 40419.61051055815 9492
rat783_n782_bounded-strongly-corr_01.ttp: 16.0 69247.0 106147.0 9248 11962.541658888184 41429.649625414924 9426
rat783_n782_bounded-strongly-corr_01.ttp: 28.0 69235.0 105435.0 9248 11911.309099622076 40994.81777104457 9515
rat783_n782_bounded-strongly-corr_01.ttp: 24.0 69239.0 105639.0 9261 11984.139319761824 40804.80628008853 9433
rat783_n782_bounded-strongly-corr_01.ttp: 18.0 69245.0 105245.0 9254 11925.88155782951 40725.98077214234 9417
rat783_n782_bounded-strongly-corr_01.ttp: 6.0 69257.0 104557.0 9252 11838.065598748291 40513.06511077174 9987
rat783_n782_bounded-strongly-corr_01.ttp: 3.0 69260.0 106060.0 9252 12019.965896402971 41031.98450045993 5020
rat783_n782_bounded-strongly-corr_01.ttp: 27.0 69236.0 106036.0 9266 12199.484671357359 40036.787927956684 9413
rat783_n782_bounded-strongly-corr_01.ttp: 25.0 69238.0 104738.0 9256 11934.947520609805 40169.93391350095 9453
rat783_n782_bounded-strongly-corr_01.ttp: 57.0 69206.0 105706.0 9250 12088.30695733234 40308.259360832046 14271
rat783_n782_bounded-strongly-corr_01.ttp: 3.0 69260.0 106060.0 9251 12126.226218011241 40457.11616055918 9457
rat783_n782_bounded-strongly-corr_01.ttp: 3.0 69260.0 106660.0 9249 12147.582113075387 40941.58076826215 9439
rat783_n782_bounded-strongly-corr_01.ttp: 23.0 69240.0 106440.0 9295 12042.85864255464 41288.134743779396 13845
rat783_n782_bounded-strongly-corr_01.ttp: 3.0 69260.0 106360.0 9253 12092.770284357019 40938.11276162853 9376
rat783_n782_bounded-strongly-corr_01.ttp: 15.0 69248.0 102448.0 9278 11752.638163454087 38866.22753571339 9433
rat783_n782_bounded-strongly-corr_01.ttp: 13.0 69250.0 105850.0 9255 12025.17992453227 40793.776608280416 14078
rat783_n782_bounded-strongly-corr_01.ttp: 34.0 69229.0 105629.0 9282 12021.020337858292 40595.27997218664 9435
rat783_n782_bounded-strongly-corr_01.ttp: 26.0 69237.0 105437.0 9281 12041.587193733289 40292.01328190291 13918
RESULTS FOR heuristics : 27
rat783_n782_bounded-strongly-corr_01.ttp: 22.0 69241.0 106141.0 9254 11921.943115538048 41643.28774493916 70199
rat783_n782_bounded-strongly-corr_01.ttp: 64.0 69199.0 106899.0 9281 12040.531165306993 41759.72639568917 66232
rat783_n782_bounded-strongly-corr_01.ttp: 3.0 69260.0 106560.0 9279 11951.280203344271 41903.57409990749 74182
rat783_n782_bounded-strongly-corr_01.ttp: 62.0 69201.0 106601.0 9281 11925.119745763534 42086.102175419284 74002
rat783_n782_bounded-strongly-corr_01.ttp: 43.0 69220.0 105920.0 9279 11819.9767486642 41973.92578972668 74260
rat783_n782_bounded-strongly-corr_01.ttp: 17.0 69246.0 105946.0 9251 11890.053536449734 41620.81036780694 70208
rat783_n782_bounded-strongly-corr_01.ttp: 12.0 69251.0 106351.0 9286 11911.769705305886 41908.32589429516 82328
rat783_n782_bounded-strongly-corr_01.ttp: 75.0 69188.0 106688.0 9281 11925.377159046999 42171.70956955574 74119
rat783_n782_bounded-strongly-corr_01.ttp: 17.0 69246.0 105946.0 9251 11891.32869086675 41613.911782410876 70090
rat783_n782_bounded-strongly-corr_01.ttp: 3.0 69260.0 106560.0 9279 11934.354964063443 41995.13964441677 74229
rat783_n782_bounded-strongly-corr_01.ttp: 40.0 69223.0 106823.0 9282 11996.565057194519 41921.58304057765 74285
rat783_n782_bounded-strongly-corr_01.ttp: 17.0 69246.0 105946.0 9251 11890.030806091796 41620.93333904338 70127
rat783_n782_bounded-strongly-corr_01.ttp: 62.0 69201.0 106601.0 9281 11925.119745763534 42086.102175419284 74256
rat783_n782_bounded-strongly-corr_01.ttp: 94.0 69169.0 106669.0 9267 11971.094225787507 41905.38023848959 70204
rat783_n782_bounded-strongly-corr_01.ttp: 13.0 69250.0 106150.0 9255 11914.559254420465 41692.23443358528 66102
rat783_n782_bounded-strongly-corr_01.ttp: 13.0 69250.0 106150.0 9254 11911.42346922304 41709.19903150335 70299
rat783_n782_bounded-strongly-corr_01.ttp: 23.0 69240.0 106840.0 9285 11989.846894521224 41974.928300640175 78300
rat783_n782_bounded-strongly-corr_01.ttp: 79.0 69184.0 106484.0 9284 11894.31060896265 42135.779605512056 74134
rat783_n782_bounded-strongly-corr_01.ttp: 115.0 69148.0 106648.0 9260 11946.593332406928 42016.930071678515 70247
rat783_n782_bounded-strongly-corr_01.ttp: 62.0 69201.0 106601.0 9281 11923.82451041235 42093.10939866918 74050
rat783_n782_bounded-strongly-corr_01.ttp: 17.0 69246.0 105946.0 9253 11892.038611178197 41610.07111352595 66300
rat783_n782_bounded-strongly-corr_01.ttp: 89.0 69174.0 106774.0 9279 11958.220101915715 42080.02924863598 74011
rat783_n782_bounded-strongly-corr_01.ttp: 41.0 69222.0 106822.0 9291 11993.43124749317 41937.53695106195 74163
rat783_n782_bounded-strongly-corr_01.ttp: 17.0 69246.0 105946.0 9251 11890.030806091796 41620.93333904338 70020
rat783_n782_bounded-strongly-corr_01.ttp: 91.0 69172.0 107372.0 9283 12104.428286004506 41887.04297271562 74266
rat783_n782_bounded-strongly-corr_01.ttp: 17.0 69246.0 105946.0 9251 11890.053536449734 41620.81036780694 70340
rat783_n782_bounded-strongly-corr_01.ttp: 13.0 69250.0 106150.0 9254 11911.401989239394 41709.31523821488 70178
rat783_n782_bounded-strongly-corr_01.ttp: 89.0 69174.0 106774.0 9281 11958.878605518223 42076.46674414641 78017
rat783_n782_bounded-strongly-corr_01.ttp: 62.0 69201.0 106001.0 9294 11846.066422022273 41913.7806568595 74270
rat783_n782_bounded-strongly-corr_01.ttp: 40.0 69223.0 106823.0 9285 12010.403743094863 41846.71574985679 74029
RESULTS FOR heuristics : 28
rat783_n782_bounded-strongly-corr_01.ttp: 18.0 69245.0 106145.0 9282 11889.762163216703 41821.38669699764 75276
rat783_n782_bounded-strongly-corr_01.ttp: 27.0 69236.0 106636.0 9283 11933.386276127947 42076.380246147804 75592
rat783_n782_bounded-strongly-corr_01.ttp: 17.0 69246.0 105946.0 9251 11891.305960508813 41614.03475364732 66638
rat783_n782_bounded-strongly-corr_01.ttp: 89.0 69174.0 106874.0 9258 12061.946118094434 41618.871501109104 70835
rat783_n782_bounded-strongly-corr_01.ttp: 17.0 69246.0 105946.0 9254 11897.263109292326 41581.806578728516 70984
rat783_n782_bounded-strongly-corr_01.ttp: 13.0 69250.0 106150.0 9254 11911.42346922304 41709.19903150335 70876
rat783_n782_bounded-strongly-corr_01.ttp: 40.0 69223.0 106123.0 9287 11835.58349457099 42092.49329437094 75312
rat783_n782_bounded-strongly-corr_01.ttp: 3.0 69260.0 106760.0 9282 11929.106968290149 42223.53130155029 80158
rat783_n782_bounded-strongly-corr_01.ttp: 17.0 69246.0 105946.0 9251 11891.305960508813 41614.03475364732 71042
rat783_n782_bounded-strongly-corr_01.ttp: 40.0 69223.0 106823.0 9287 12011.26636632684 41842.0489581718 75319
rat783_n782_bounded-strongly-corr_01.ttp: 63.0 69200.0 106700.0 9281 11928.757565075064 42165.4215729439 79882
rat783_n782_bounded-strongly-corr_01.ttp: 7.0 69256.0 106856.0 9283 12012.00986211965 41871.02664593269 75427
rat783_n782_bounded-strongly-corr_01.ttp: 5.0 69258.0 106958.0 9282 11970.540207348897 42197.377478242466 75403
rat783_n782_bounded-strongly-corr_01.ttp: 117.0 69146.0 106146.0 9255 11903.631641958435 41747.35281700487 71076
rat783_n782_bounded-strongly-corr_01.ttp: 43.0 69220.0 106920.0 9281 11997.456151921673 42013.762218103744 75200
rat783_n782_bounded-strongly-corr_01.ttp: 62.0 69201.0 106601.0 9283 11926.922689060253 42076.34825218403 75200
rat783_n782_bounded-strongly-corr_01.ttp: 8.0 69255.0 106455.0 9281 11926.96866393154 41930.09952813036 84218
rat783_n782_bounded-strongly-corr_01.ttp: 13.0 69250.0 106150.0 9256 11914.660372535416 41691.6873845834 70966
rat783_n782_bounded-strongly-corr_01.ttp: 17.0 69246.0 105946.0 9251 11890.030806091796 41620.93333904338 71046
rat783_n782_bounded-strongly-corr_01.ttp: 20.0 69243.0 106043.0 9288 11868.618104305628 41833.776055706556 75215
rat783_n782_bounded-strongly-corr_01.ttp: 28.0 69235.0 106735.0 9288 11966.835543414583 41994.419710127106 75336
rat783_n782_bounded-strongly-corr_01.ttp: 13.0 69250.0 106150.0 9254 11911.401989239395 41709.31523821487 70913
rat783_n782_bounded-strongly-corr_01.ttp: 14.0 69249.0 107049.0 9303 12064.686449055223 41779.04631061124 84759
rat783_n782_bounded-strongly-corr_01.ttp: 45.0 69218.0 106718.0 9281 11928.943778618546 42182.414157673666 75532
rat783_n782_bounded-strongly-corr_01.ttp: 17.0 69246.0 105946.0 9251 11891.305960508813 41614.03475364732 71074
rat783_n782_bounded-strongly-corr_01.ttp: 6.0 69257.0 106957.0 9257 12065.885511155207 41680.559384650325 75780
rat783_n782_bounded-strongly-corr_01.ttp: 37.0 69226.0 106026.0 9265 11884.0857762988 41733.09595022349 80186
rat783_n782_bounded-strongly-corr_01.ttp: 43.0 69220.0 105920.0 9279 11819.998787609482 41973.8065590327 75370
rat783_n782_bounded-strongly-corr_01.ttp: 17.0 69246.0 105946.0 9251 11890.030806091796 41620.93333904338 66499
rat783_n782_bounded-strongly-corr_01.ttp: 13.0 69250.0 106150.0 9254 11911.42346922304 41709.19903150335 70990
RESULTS FOR heuristics : 29
rat783_n782_bounded-strongly-corr_01.ttp: 33.0 69230.0 106030.0 9260 11847.522371083967 41934.903972435735 600114
rat783_n782_bounded-strongly-corr_01.ttp: 40.0 69223.0 106823.0 9282 12012.34380313905 41836.220025017734 600214
rat783_n782_bounded-strongly-corr_01.ttp: 137.0 69126.0 106826.0 9256 12050.880534293217 41630.736309473694 600100
rat783_n782_bounded-strongly-corr_01.ttp: 7.0 69256.0 106556.0 9301 12016.449379278502 41547.008858103305 600096
rat783_n782_bounded-strongly-corr_01.ttp: 85.0 69178.0 106678.0 9282 11916.956851446022 42207.26343367701 600178
rat783_n782_bounded-strongly-corr_01.ttp: 5.0 69258.0 106958.0 9282 11970.540207348897 42197.377478242466 600607
rat783_n782_bounded-strongly-corr_01.ttp: 43.0 69220.0 105820.0 9253 11881.120503940563 41543.13807368155 600233
rat783_n782_bounded-strongly-corr_01.ttp: 96.0 69167.0 106067.0 9255 11897.957079949805 41699.05219747155 600252
rat783_n782_bounded-strongly-corr_01.ttp: 89.0 69174.0 106774.0 9279 11956.91665170769 42087.080914261394 600499
rat783_n782_bounded-strongly-corr_01.ttp: 17.0 69246.0 105946.0 9251 11897.67682807759 41579.56836010023 600119
rat783_n782_bounded-strongly-corr_01.ttp: 115.0 69148.0 106648.0 9260 11946.61666881699 42016.80382170008 600083
rat783_n782_bounded-strongly-corr_01.ttp: 17.0 69246.0 105946.0 9251 11890.030806091796 41620.93333904338 600372
rat783_n782_bounded-strongly-corr_01.ttp: 17.0 69246.0 105946.0 9251 11890.053536449734 41620.81036780694 600430
rat783_n782_bounded-strongly-corr_01.ttp: 62.0 69201.0 106601.0 9285 11944.6055946693 41980.68373283909 600414
rat783_n782_bounded-strongly-corr_01.ttp: 14.0 69249.0 105849.0 9250 11882.296864984795 41565.773960432256 600058
rat783_n782_bounded-strongly-corr_01.ttp: 17.0 69246.0 105946.0 9251 11897.654150019267 41579.69104839576 600155
rat783_n782_bounded-strongly-corr_01.ttp: 42.0 69221.0 107121.0 9262 12088.63141105368 41721.50406619959 599999
rat783_n782_bounded-strongly-corr_01.ttp: 14.0 69249.0 105849.0 9250 11880.880020256938 41573.439090409964 600070
rat783_n782_bounded-strongly-corr_01.ttp: 17.0 69246.0 105946.0 9251 11890.053536449734 41620.81036780694 600113
rat783_n782_bounded-strongly-corr_01.ttp: 17.0 69246.0 105946.0 9251 11890.030806091796 41620.93333904338 600177
rat783_n782_bounded-strongly-corr_01.ttp: 17.0 69246.0 105946.0 9253 11893.336495953152 41603.04955689345 600163
rat783_n782_bounded-strongly-corr_01.ttp: 17.0 69246.0 105946.0 9251 11891.305960508813 41614.03475364732 600153
rat783_n782_bounded-strongly-corr_01.ttp: 32.0 69231.0 106831.0 9263 11983.018878011871 42002.86786995577 600347
rat783_n782_bounded-strongly-corr_01.ttp: 3.0 69260.0 106560.0 9279 11949.976753136247 41910.6257655329 600185
rat783_n782_bounded-strongly-corr_01.ttp: 2.0 69261.0 107461.0 9292 12052.93120340919 42254.642189556274 600106
rat783_n782_bounded-strongly-corr_01.ttp: 17.0 69246.0 105946.0 9251 11890.030806091796 41620.93333904338 600371
rat783_n782_bounded-strongly-corr_01.ttp: 7.0 69256.0 106556.0 9284 11909.648371541265 42124.80230996176 600704
rat783_n782_bounded-strongly-corr_01.ttp: 13.0 69250.0 106150.0 9254 11911.42346922304 41709.19903150335 600018
rat783_n782_bounded-strongly-corr_01.ttp: 40.0 69223.0 106823.0 9282 11996.588953296803 41921.45376266429 600124
rat783_n782_bounded-strongly-corr_01.ttp: 89.0 69174.0 106774.0 9279 11956.91665170769 42087.080914261394 600504
RESULTS FOR heuristics : 30
rat783_n782_bounded-strongly-corr_01.ttp: 17.0 69246.0 105946.0 9251 11890.030806091794 41620.93333904339 600091
rat783_n782_bounded-strongly-corr_01.ttp: 2.0 69261.0 106761.0 9304 12034.911847128606 41652.12690703424 600231
rat783_n782_bounded-strongly-corr_01.ttp: 5.0 69258.0 105958.0 9252 11895.135389216366 41605.31754433946 600215
rat783_n782_bounded-strongly-corr_01.ttp: 17.0 69246.0 105946.0 9251 11890.053536449734 41620.81036780694 600072
rat783_n782_bounded-strongly-corr_01.ttp: 26.0 69237.0 105637.0 9248 11852.10031831542 41517.13727791357 599986
rat783_n782_bounded-strongly-corr_01.ttp: 40.0 69223.0 106823.0 9282 11997.868507402545 41914.53137495223 600182
rat783_n782_bounded-strongly-corr_01.ttp: 17.0 69246.0 105946.0 9251 11891.32869086675 41613.911782410876 600023
rat783_n782_bounded-strongly-corr_01.ttp: 13.0 69250.0 106350.0 9285 11942.306876407954 41742.119798632964 600113
rat783_n782_bounded-strongly-corr_01.ttp: 22.0 69241.0 107641.0 9283 12166.517441113458 41820.14064357619 600262
rat783_n782_bounded-strongly-corr_01.ttp: 12.0 69251.0 106751.0 9282 12011.595393162997 41768.26892298818 600115
rat783_n782_bounded-strongly-corr_01.ttp: 11.0 69252.0 106852.0 9303 12060.739834613521 41603.39749474085 600450
rat783_n782_bounded-strongly-corr_01.ttp: 7.0 69256.0 106556.0 9294 12028.567198525452 41481.4514559773 600381
rat783_n782_bounded-strongly-corr_01.ttp: 17.0 69246.0 105946.0 9251 11891.32869086675 41613.911782410876 600412
rat783_n782_bounded-strongly-corr_01.ttp: 65.0 69198.0 106298.0 9249 11981.172559551642 41479.85645282562 600018
rat783_n782_bounded-strongly-corr_01.ttp: 26.0 69237.0 106737.0 9256 12050.14848132884 41545.69671601097 600156
rat783_n782_bounded-strongly-corr_01.ttp: 26.0 69237.0 106737.0 9256 12051.966213676897 41535.862784007986 600003
rat783_n782_bounded-strongly-corr_01.ttp: 13.0 69250.0 106150.0 9254 11911.401989239394 41709.31523821488 600192
rat783_n782_bounded-strongly-corr_01.ttp: 17.0 69246.0 105946.0 9253 11892.070663526785 41609.89771032009 600223
rat783_n782_bounded-strongly-corr_01.ttp: 17.0 69246.0 105946.0 9251 11890.053536449734 41620.81036780694 600252
rat783_n782_bounded-strongly-corr_01.ttp: 26.0 69237.0 105637.0 9245 11860.02354062868 41474.27264519884 600098
rat783_n782_bounded-strongly-corr_01.ttp: 28.0 69235.0 106935.0 9257 12061.17307820102 41684.05364693248 600045
rat783_n782_bounded-strongly-corr_01.ttp: 22.0 69241.0 106141.0 9254 11921.943115538048 41643.28774493916 600120
rat783_n782_bounded-strongly-corr_01.ttp: 26.0 69237.0 106737.0 9256 12050.172245734328 41545.56815057729 599999
rat783_n782_bounded-strongly-corr_01.ttp: 6.0 69257.0 107057.0 9281 12062.539199679888 41798.66292973181 600250
rat783_n782_bounded-strongly-corr_01.ttp: 40.0 69223.0 107123.0 9307 12081.303989465167 41763.145416993444 600219
rat783_n782_bounded-strongly-corr_01.ttp: 41.0 69222.0 106822.0 9281 11986.039402894947 41977.526830338335 600270
rat783_n782_bounded-strongly-corr_01.ttp: 17.0 69246.0 105946.0 9251 11890.030806091796 41620.93333904338 599983
rat783_n782_bounded-strongly-corr_01.ttp: 44.0 69219.0 106919.0 9284 12071.80527626631 41610.53345539926 600218
rat783_n782_bounded-strongly-corr_01.ttp: 11.0 69252.0 106452.0 9281 11895.1221075751 42099.389398018706 600167
rat783_n782_bounded-strongly-corr_01.ttp: 36.0 69227.0 106527.0 9294 11983.147943406317 41698.169626171824 600093
