RESULTS FOR heuristics : 20
rat783_n7820_uncorr_01.ttp: 19243.0 336955.0 1192429.0 9256 13281.519717879273 396201.89291313756 879
rat783_n7820_uncorr_01.ttp: 19660.0 336538.0 1197097.0 9251 13437.529852989628 391517.08531327173 798
rat783_n7820_uncorr_01.ttp: 21305.0 334893.0 1183613.0 9274 13332.608221928003 384323.1370954162 678
rat783_n7820_uncorr_01.ttp: 24615.0 331583.0 1184769.0 9272 13357.01097632437 384016.19196935394 704
rat783_n7820_uncorr_01.ttp: 22871.0 333327.0 1186620.0 9262 13330.586513950477 387451.3384886689 697
rat783_n7820_uncorr_01.ttp: 22534.0 333664.0 1188437.0 9254 13311.621730361121 390405.2772648508 616
rat783_n7820_uncorr_01.ttp: 22815.0 333383.0 1182912.0 9252 13285.174230172648 386465.8049011497 658
rat783_n7820_uncorr_01.ttp: 19450.0 336748.0 1196406.0 9256 13408.325864364884 392576.8644313251 677
rat783_n7820_uncorr_01.ttp: 22368.0 333830.0 1183637.0 9247 13342.054575147175 383780.8282199268 658
rat783_n7820_uncorr_01.ttp: 21856.0 334342.0 1188127.0 9272 13329.497811116731 389023.6062235519 671
rat783_n7820_uncorr_01.ttp: 22235.0 333963.0 1186366.0 9275 13285.3375593032 389910.01331977313 671
rat783_n7820_uncorr_01.ttp: 22764.0 333434.0 1182640.0 9248 13249.18503327293 388351.3572552878 643
rat783_n7820_uncorr_01.ttp: 23926.0 332272.0 1185244.0 9251 13391.193087465737 382441.974406429 681
rat783_n7820_uncorr_01.ttp: 19916.0 336282.0 1191507.0 9250 13378.211556973356 389483.21715944726 635
rat783_n7820_uncorr_01.ttp: 23487.0 332711.0 1184369.0 9265 13275.389292903104 388509.4118904589 632
rat783_n7820_uncorr_01.ttp: 20877.0 335321.0 1185250.0 9246 13222.718508137192 392548.0254371753 667
rat783_n7820_uncorr_01.ttp: 20391.0 335807.0 1191370.0 9248 13282.033118597112 395112.1145401031 631
rat783_n7820_uncorr_01.ttp: 21069.0 335129.0 1186956.0 9254 13310.998189305503 388961.6585511351 662
rat783_n7820_uncorr_01.ttp: 22029.0 334169.0 1188659.0 9281 13361.315537076887 387648.13355224056 677
rat783_n7820_uncorr_01.ttp: 19869.0 336329.0 1186937.0 9258 13352.77165898894 386438.33904361294 665
rat783_n7820_uncorr_01.ttp: 24410.0 331788.0 1181359.0 9252 13235.174855689611 387910.2674014078 622
rat783_n7820_uncorr_01.ttp: 17380.0 338818.0 1197212.0 9257 13348.531010612647 396967.56591377174 636
rat783_n7820_uncorr_01.ttp: 20374.0 335824.0 1189266.0 9256 13319.457615586158 390764.5159456098 626
rat783_n7820_uncorr_01.ttp: 22234.0 333964.0 1191492.0 9270 13333.853089694505 392127.5072728144 659
rat783_n7820_uncorr_01.ttp: 24498.0 331700.0 1181602.0 9263 13253.811262937154 387036.0147869176 673
rat783_n7820_uncorr_01.ttp: 20599.0 335599.0 1184601.0 9256 13260.658059610972 389624.54932632216 624
rat783_n7820_uncorr_01.ttp: 22203.0 333995.0 1183714.0 9254 13324.433730085315 384914.19788138533 626
rat783_n7820_uncorr_01.ttp: 23926.0 332272.0 1187011.0 9254 13337.16898050472 387447.719618742 664
rat783_n7820_uncorr_01.ttp: 21922.0 334276.0 1187100.0 9250 13253.399011311289 392558.72927188815 603
rat783_n7820_uncorr_01.ttp: 21844.0 334354.0 1181943.0 9251 13266.62310194297 386608.94503851887 602
RESULTS FOR heuristics : 21
rat783_n7820_uncorr_01.ttp: 21612.0 334586.0 1184898.0 9256 13243.213054803926 390967.3773645046 4408
rat783_n7820_uncorr_01.ttp: 21742.0 334456.0 1180265.0 9252 13203.769767437136 388699.0024421436 4847
rat783_n7820_uncorr_01.ttp: 21858.0 334340.0 1180701.0 9255 13222.296489008208 388024.3254839579 3992
rat783_n7820_uncorr_01.ttp: 14999.0 341199.0 1183087.0 9253 13189.980610223607 392347.6624170947 4051
rat783_n7820_uncorr_01.ttp: 14633.0 341565.0 1183859.0 9274 13204.079863965058 392274.4121552947 3678
rat783_n7820_uncorr_01.ttp: 16571.0 339627.0 1180254.0 9255 13196.181746488879 389142.90429799166 4455
rat783_n7820_uncorr_01.ttp: 15667.0 340531.0 1178478.0 9253 13192.924853266983 387562.1550466444 6246
rat783_n7820_uncorr_01.ttp: 21777.0 334421.0 1184043.0 9254 13240.008189925878 390304.5090139435 4934
rat783_n7820_uncorr_01.ttp: 16663.0 339535.0 1185448.0 9275 13249.62264133299 391133.12265208724 3641
rat783_n7820_uncorr_01.ttp: 21617.0 334581.0 1180040.0 9250 13249.554362666257 385729.2159581579 3972
rat783_n7820_uncorr_01.ttp: 21218.0 334980.0 1187962.0 9255 13227.239455967041 394988.9946147759 2752
rat783_n7820_uncorr_01.ttp: 14183.0 342015.0 1188672.0 9254 13196.137783848148 397563.5398583035 3669
rat783_n7820_uncorr_01.ttp: 21436.0 334762.0 1184787.0 9269 13249.681280532539 390468.60723207425 4525
rat783_n7820_uncorr_01.ttp: 15249.0 340949.0 1183171.0 9252 13174.899809739532 393335.756406115 3177
rat783_n7820_uncorr_01.ttp: 15287.0 340911.0 1182780.0 9249 13167.104635375079 393412.077109264 5070
rat783_n7820_uncorr_01.ttp: 14743.0 341455.0 1184697.0 9250 13202.1718425836 393226.79803711316 5893
rat783_n7820_uncorr_01.ttp: 16878.0 339320.0 1179655.0 9256 13250.70585280855 385275.1841241274 3672
rat783_n7820_uncorr_01.ttp: 15424.0 340774.0 1180539.0 9253 13178.662260992178 390478.19745351886 4963
rat783_n7820_uncorr_01.ttp: 21772.0 334426.0 1180614.0 9254 13224.276776767625 387818.6072327809 4420
rat783_n7820_uncorr_01.ttp: 15224.0 340974.0 1178317.0 9255 13187.408522954767 387731.85904886166 5287
rat783_n7820_uncorr_01.ttp: 21864.0 334334.0 1181925.0 9278 13241.622487002609 388089.7319041935 3656
rat783_n7820_uncorr_01.ttp: 16839.0 339359.0 1180691.0 9258 13243.939890976666 386716.80353594886 3266
rat783_n7820_uncorr_01.ttp: 15311.0 340887.0 1182988.0 9256 13234.111759728763 389603.00000426057 5679
rat783_n7820_uncorr_01.ttp: 21916.0 334282.0 1183239.0 9274 13232.468892688517 389952.4898833233 5408
rat783_n7820_uncorr_01.ttp: 21004.0 335194.0 1186592.0 9249 13264.897766559412 391361.3788947632 5075
rat783_n7820_uncorr_01.ttp: 16438.0 339760.0 1180263.0 9256 13229.586736833386 387149.2751268385 4198
rat783_n7820_uncorr_01.ttp: 21737.0 334461.0 1181177.0 9261 13233.055057622536 387855.34929552895 2844
rat783_n7820_uncorr_01.ttp: 21381.0 334817.0 1183099.0 9252 13232.528890024761 389808.8930430155 2448
rat783_n7820_uncorr_01.ttp: 21783.0 334415.0 1179256.0 9245 13253.0249670153 384737.15322743263 4113
rat783_n7820_uncorr_01.ttp: 21596.0 334602.0 1180150.0 9246 13251.014785923668 385751.6635838761 2787
RESULTS FOR heuristics : 22
rat783_n7820_uncorr_01.ttp: 14774.0 341424.0 1183582.0 9259 13176.500582512128 393650.79007839784 599792
rat783_n7820_uncorr_01.ttp: 21592.0 334606.0 1181342.0 9281 13269.27992951227 385848.6682257394 599792
rat783_n7820_uncorr_01.ttp: 21737.0 334461.0 1180661.0 9279 13261.440986906222 385637.612834972 599791
rat783_n7820_uncorr_01.ttp: 21438.0 334760.0 1182371.0 9259 13209.908251439934 390437.00032617594 599791
rat783_n7820_uncorr_01.ttp: 14744.0 341454.0 1187477.0 9255 13190.75668026689 396691.1370179999 599791
rat783_n7820_uncorr_01.ttp: 20756.0 335442.0 1187186.0 9256 13200.097813484088 395840.13608162885 599790
rat783_n7820_uncorr_01.ttp: 21695.0 334503.0 1182080.0 9245 13231.286840666526 388864.3539020418 599793
rat783_n7820_uncorr_01.ttp: 21310.0 334888.0 1185139.0 9251 13232.322909447776 391861.24157860584 599791
rat783_n7820_uncorr_01.ttp: 14984.0 341214.0 1187407.0 9252 13197.613428822386 396210.0749420979 599790
rat783_n7820_uncorr_01.ttp: 21673.0 334525.0 1184413.0 9278 13256.778202428075 389669.14676443685 599790
rat783_n7820_uncorr_01.ttp: 21512.0 334686.0 1182006.0 9268 13266.468059335086 386681.23984286154 599790
rat783_n7820_uncorr_01.ttp: 21766.0 334432.0 1182335.0 9252 13210.420820827276 390370.2717914048 599792
rat783_n7820_uncorr_01.ttp: 21636.0 334562.0 1179058.0 9253 13237.557851907392 385466.40677815187 599790
rat783_n7820_uncorr_01.ttp: 21508.0 334690.0 1182112.0 9257 13243.372283417124 388171.8316091434 599792
rat783_n7820_uncorr_01.ttp: 14773.0 341425.0 1186692.0 9248 13192.024633266592 395830.1232356678 599792
rat783_n7820_uncorr_01.ttp: 14782.0 341416.0 1182775.0 9264 13173.215601929522 393040.7246643251 599792
rat783_n7820_uncorr_01.ttp: 14798.0 341400.0 1181786.0 9252 13149.869969181771 393451.29534755275 599790
rat783_n7820_uncorr_01.ttp: 14428.0 341770.0 1187141.0 9247 13177.010839309823 397179.2001833761 599791
rat783_n7820_uncorr_01.ttp: 21343.0 334855.0 1184201.0 9249 13259.706672402557 389281.5849894667 599790
rat783_n7820_uncorr_01.ttp: 21295.0 334903.0 1184543.0 9255 13263.614878476537 389389.2880353315 599790
rat783_n7820_uncorr_01.ttp: 21872.0 334326.0 1177855.0 9252 13258.774895036886 382991.4450425387 599790
rat783_n7820_uncorr_01.ttp: 14619.0 341579.0 1185435.0 9256 13173.703746990532 395671.46036791755 599790
rat783_n7820_uncorr_01.ttp: 21080.0 335118.0 1186479.0 9249 13263.00755606719 391361.69701377186 599790
rat783_n7820_uncorr_01.ttp: 14834.0 341364.0 1185404.0 9249 13204.759567706602 393778.6639159892 599791
rat783_n7820_uncorr_01.ttp: 21877.0 334321.0 1183910.0 9260 13261.770649178101 388866.8495817728 599792
rat783_n7820_uncorr_01.ttp: 21335.0 334863.0 1186477.0 9252 13243.722534059189 392515.83408315165 599791
rat783_n7820_uncorr_01.ttp: 14773.0 341425.0 1185739.0 9272 13202.087264192829 394273.8685116399 599790
rat783_n7820_uncorr_01.ttp: 21598.0 334600.0 1178985.0 9259 13245.814035554706 384898.44856849534 599791
rat783_n7820_uncorr_01.ttp: 15735.0 340463.0 1184909.0 9256 13212.306223353058 392831.24190998415 599790
rat783_n7820_uncorr_01.ttp: 21703.0 334495.0 1186084.0 9260 13263.774270064388 390920.7325096399 599790
RESULTS FOR heuristics : 23
rat783_n7820_uncorr_01.ttp: 22956.0 333242.0 1181382.0 9257 13247.094159922095 387218.7051126703 22469
rat783_n7820_uncorr_01.ttp: 23301.0 332897.0 1186210.0 9277 13307.809281602475 388406.83356793167 22943
rat783_n7820_uncorr_01.ttp: 21999.0 334199.0 1190372.0 9259 13321.814762524782 391729.2049866393 23095
rat783_n7820_uncorr_01.ttp: 22016.0 334182.0 1185241.0 9279 13388.210931333815 382617.75466653774 22998
rat783_n7820_uncorr_01.ttp: 20278.0 335920.0 1195880.0 9255 13384.75394493956 393464.0010008733 22973
rat783_n7820_uncorr_01.ttp: 19633.0 336565.0 1190379.0 9257 13343.19830644253 390454.2615287703 23196
rat783_n7820_uncorr_01.ttp: 24318.0 331880.0 1185851.0 9260 13385.30073120453 383402.22116428835 23055
rat783_n7820_uncorr_01.ttp: 23855.0 332343.0 1187528.0 9257 13326.946931440576 388577.53146013746 22833
rat783_n7820_uncorr_01.ttp: 21404.0 334794.0 1191217.0 9254 13301.164020313669 393812.2169821955 22993
rat783_n7820_uncorr_01.ttp: 20372.0 335826.0 1188392.0 9254 13394.604012745896 385385.4894358835 22858
rat783_n7820_uncorr_01.ttp: 18527.0 337671.0 1197526.0 9256 13424.581156117038 392722.35969078355 23021
rat783_n7820_uncorr_01.ttp: 19897.0 336301.0 1193477.0 9245 13320.877748601099 394890.3789713641 23099
rat783_n7820_uncorr_01.ttp: 19565.0 336633.0 1194439.0 9245 13337.43149817179 394859.98168460105 23087
rat783_n7820_uncorr_01.ttp: 21049.0 335149.0 1190353.0 9249 13306.219084919616 392645.165859069 22790
rat783_n7820_uncorr_01.ttp: 18096.0 338102.0 1196794.0 9273 13436.476817747502 391277.21477603726 22891
rat783_n7820_uncorr_01.ttp: 21416.0 334782.0 1193715.0 9252 13394.948663167583 390687.82764310343 22968
rat783_n7820_uncorr_01.ttp: 17736.0 338462.0 1199956.0 9245 13432.761816357626 394661.9291093603 22974
rat783_n7820_uncorr_01.ttp: 22992.0 333206.0 1181713.0 9250 13287.994094910187 385097.75401013426 22536
rat783_n7820_uncorr_01.ttp: 26974.0 329224.0 1181819.0 9254 13355.5104431669 381156.1489321443 22892
rat783_n7820_uncorr_01.ttp: 19462.0 336736.0 1198055.0 9270 13436.070893854156 392562.5499134433 22914
rat783_n7820_uncorr_01.ttp: 21399.0 334799.0 1190421.0 9261 13348.919505882772 390153.2756223278 22871
rat783_n7820_uncorr_01.ttp: 18828.0 337370.0 1193811.0 9255 13385.92974713481 391324.51165926806 22544
rat783_n7820_uncorr_01.ttp: 19308.0 336890.0 1191369.0 9254 13319.552567925017 392861.8235528952 22391
rat783_n7820_uncorr_01.ttp: 25162.0 331036.0 1185140.0 9257 13368.984910571382 383669.35461124557 21819
rat783_n7820_uncorr_01.ttp: 22375.0 333823.0 1186475.0 9265 13290.992879317037 389679.97688494367 21730
rat783_n7820_uncorr_01.ttp: 22830.0 333368.0 1184481.0 9256 13312.368359362721 386404.51685620483 21825
rat783_n7820_uncorr_01.ttp: 23963.0 332235.0 1187767.0 9259 13335.409928432611 388309.1747904649 21855
rat783_n7820_uncorr_01.ttp: 18813.0 337385.0 1190766.0 9252 13253.801974242713 396200.57164414926 21780
rat783_n7820_uncorr_01.ttp: 21753.0 334445.0 1185750.0 9255 13264.310917936822 390554.56046968745 21667
rat783_n7820_uncorr_01.ttp: 22138.0 334060.0 1186941.0 9258 13273.809345759719 391176.12972170487 21532
RESULTS FOR heuristics : 24
rat783_n7820_uncorr_01.ttp: 18869.0 337329.0 1194028.0 9254 13277.816839726504 398022.88045839604 599340
rat783_n7820_uncorr_01.ttp: 15874.0 340324.0 1186101.0 9248 13138.574242714201 398443.4741492836 599403
rat783_n7820_uncorr_01.ttp: 18787.0 337411.0 1192300.0 9256 13211.69028310181 400259.1675280464 599350
rat783_n7820_uncorr_01.ttp: 15874.0 340324.0 1186101.0 9248 13138.570654599505 398443.6892567596 599299
rat783_n7820_uncorr_01.ttp: 18756.0 337442.0 1194391.0 9254 13282.58775570652 398099.8640453941 599582
rat783_n7820_uncorr_01.ttp: 15874.0 340324.0 1186101.0 9248 13138.60911601665 398441.3834948017 599495
rat783_n7820_uncorr_01.ttp: 18756.0 337442.0 1194391.0 9254 13282.574896912674 398100.63493008516 599484
rat783_n7820_uncorr_01.ttp: 15874.0 340324.0 1186101.0 9248 13138.596740369947 398442.12541482167 599255
rat783_n7820_uncorr_01.ttp: 18756.0 337442.0 1194391.0 9254 13282.68009239753 398094.3284607681 599425
rat783_n7820_uncorr_01.ttp: 18756.0 337442.0 1194391.0 9254 13282.586195441994 398099.95758325246 599305
rat783_n7820_uncorr_01.ttp: 19248.0 336950.0 1190898.0 9248 13228.651183168236 397840.3615690642 599525
rat783_n7820_uncorr_01.ttp: 15874.0 340324.0 1186101.0 9248 13138.607773352973 398441.46398748923 599427
rat783_n7820_uncorr_01.ttp: 18869.0 337329.0 1194028.0 9254 13277.720039589209 398028.68362662685 599454
rat783_n7820_uncorr_01.ttp: 15874.0 340324.0 1186101.0 9248 13138.632381073454 398439.9887546464 599331
rat783_n7820_uncorr_01.ttp: 19669.0 336529.0 1192085.0 9256 13240.44365133543 398320.4031024409 599555
rat783_n7820_uncorr_01.ttp: 18869.0 337329.0 1194028.0 9254 13277.787665626867 398024.62944566924 599218
rat783_n7820_uncorr_01.ttp: 18787.0 337411.0 1192300.0 9256 13211.840965292531 400250.1341307127 599511
rat783_n7820_uncorr_01.ttp: 18869.0 337329.0 1194028.0 9254 13277.748440294623 398026.9810043373 599577
rat783_n7820_uncorr_01.ttp: 15874.0 340324.0 1186101.0 9248 13138.596324647957 398442.150337355 599254
rat783_n7820_uncorr_01.ttp: 18756.0 337442.0 1194391.0 9254 13282.600483069495 398099.1010399838 599297
rat783_n7820_uncorr_01.ttp: 15874.0 340324.0 1186101.0 9248 13138.630271008718 398440.1152530273 599438
rat783_n7820_uncorr_01.ttp: 15874.0 340324.0 1186101.0 9248 13138.58964900531 398442.55054213165 599532
rat783_n7820_uncorr_01.ttp: 15874.0 340324.0 1186101.0 9248 13138.592736533259 398442.3654448311 599300
rat783_n7820_uncorr_01.ttp: 19018.0 337180.0 1197511.0 9255 13291.929660083792 400659.81687797664 599424
rat783_n7820_uncorr_01.ttp: 15874.0 340324.0 1186101.0 9248 13138.577105571268 398443.30252100236 599590
rat783_n7820_uncorr_01.ttp: 18756.0 337442.0 1194391.0 9254 13282.623775647355 398097.70464994106 599247
rat783_n7820_uncorr_01.ttp: 18756.0 337442.0 1194391.0 9254 13282.580888842469 398100.27571389393 599392
rat783_n7820_uncorr_01.ttp: 15874.0 340324.0 1186101.0 9248 13138.60395829439 398441.69270025124 599650
rat783_n7820_uncorr_01.ttp: 19552.0 336646.0 1191518.0 9248 13239.762920570145 397794.2129118198 599391
rat783_n7820_uncorr_01.ttp: 18869.0 337329.0 1194028.0 9254 13277.795533916542 398024.1577417033 599430
RESULTS FOR heuristics : 25
rat783_n7820_uncorr_01.ttp: 15529.0 340669.0 1178594.0 9256 13245.73290373545 384512.3124210597 127088
rat783_n7820_uncorr_01.ttp: 14517.0 341681.0 1186496.0 9248 13145.673159665994 398412.8940780236 81275
rat783_n7820_uncorr_01.ttp: 16221.0 339977.0 1184778.0 9252 13230.014752297053 391638.61559979164 81480
rat783_n7820_uncorr_01.ttp: 14455.0 341743.0 1186703.0 9248 13192.22427553233 395829.15468183684 92948
rat783_n7820_uncorr_01.ttp: 15028.0 341170.0 1182926.0 9256 13162.670784651555 393823.8864601393 115657
rat783_n7820_uncorr_01.ttp: 21776.0 334422.0 1180105.0 9249 13224.677677530079 387285.5732320717 113692
rat783_n7820_uncorr_01.ttp: 14644.0 341554.0 1183344.0 9273 13174.24330423632 393548.1139110327 136682
rat783_n7820_uncorr_01.ttp: 16731.0 339467.0 1184707.0 9257 13223.106320213845 391981.77610318 80146
rat783_n7820_uncorr_01.ttp: 21446.0 334752.0 1179893.0 9252 13255.203783260991 385243.5331935035 57027
rat783_n7820_uncorr_01.ttp: 21845.0 334353.0 1181571.0 9258 13226.280361310879 388655.4923394128 79846
rat783_n7820_uncorr_01.ttp: 16435.0 339763.0 1180573.0 9277 13223.253259822428 387838.96707364544 68681
rat783_n7820_uncorr_01.ttp: 21182.0 335016.0 1186697.0 9257 13241.263701973388 392883.2410666953 68157
rat783_n7820_uncorr_01.ttp: 21422.0 334776.0 1184666.0 9254 13233.545705546385 391314.9349524942 45907
rat783_n7820_uncorr_01.ttp: 21363.0 334835.0 1184023.0 9252 13271.304425334456 388408.2997011993 101747
rat783_n7820_uncorr_01.ttp: 16040.0 340158.0 1185578.0 9257 13225.554963673032 392705.97992780164 79667
rat783_n7820_uncorr_01.ttp: 21146.0 335052.0 1183738.0 9250 13240.815524874159 389951.1092837942 54864
rat783_n7820_uncorr_01.ttp: 21526.0 334672.0 1179191.0 9258 13234.108395854697 385806.2016685109 66809
rat783_n7820_uncorr_01.ttp: 14983.0 341215.0 1186050.0 9270 13214.203185229944 393858.5190454648 111042
rat783_n7820_uncorr_01.ttp: 15164.0 341034.0 1183563.0 9271 13232.271427222508 390288.3279380107 111782
rat783_n7820_uncorr_01.ttp: 14772.0 341426.0 1184809.0 9249 13193.431726058669 393862.76802278275 111685
rat783_n7820_uncorr_01.ttp: 15318.0 340880.0 1183417.0 9258 13219.848204558617 390887.1001367109 154719
rat783_n7820_uncorr_01.ttp: 14955.0 341243.0 1184033.0 9276 13201.345721031777 392612.3240241449 112009
rat783_n7820_uncorr_01.ttp: 14561.0 341637.0 1187170.0 9247 13203.601317931481 395614.10099000763 121888
rat783_n7820_uncorr_01.ttp: 21016.0 335182.0 1182661.0 9264 13283.460144398183 386317.56434332894 121526
rat783_n7820_uncorr_01.ttp: 14964.0 341234.0 1183424.0 9279 13202.889176682085 391910.7938579089 100494
rat783_n7820_uncorr_01.ttp: 20802.0 335396.0 1185465.0 9255 13256.013403489158 390766.996460825 44268
rat783_n7820_uncorr_01.ttp: 14495.0 341703.0 1186971.0 9245 13157.561789682824 398175.17070851463 155874
rat783_n7820_uncorr_01.ttp: 21742.0 334456.0 1180265.0 9252 13203.735986251024 388701.0276242511 110211
rat783_n7820_uncorr_01.ttp: 21809.0 334389.0 1181071.0 9256 13195.91931321481 389975.6371727721 77043
rat783_n7820_uncorr_01.ttp: 16603.0 339595.0 1185248.0 9255 13248.732258297678 390986.50111505424 111731
RESULTS FOR heuristics : 26
rat783_n7820_uncorr_01.ttp: 14783.0 341415.0 1183582.0 9270 13238.169201174947 389953.7563895619 61579
rat783_n7820_uncorr_01.ttp: 21856.0 334342.0 1180935.0 9265 13234.382870295332 387533.74692579475 59265
rat783_n7820_uncorr_01.ttp: 21281.0 334917.0 1184975.0 9253 13248.722643473953 390714.0775237365 52158
rat783_n7820_uncorr_01.ttp: 16550.0 339648.0 1179639.0 9257 13235.401173643675 386176.6996400616 49861
rat783_n7820_uncorr_01.ttp: 21373.0 334825.0 1184318.0 9251 13253.336083007067 389780.50182372634 57155
rat783_n7820_uncorr_01.ttp: 14764.0 341434.0 1184195.0 9283 13190.496998128732 393424.70496218244 53430
rat783_n7820_uncorr_01.ttp: 14497.0 341701.0 1186639.0 9245 13194.045840545443 395655.9518593006 48822
rat783_n7820_uncorr_01.ttp: 14327.0 341871.0 1189697.0 9271 13225.58122893311 396823.40532546 58786
rat783_n7820_uncorr_01.ttp: 15031.0 341167.0 1181786.0 9273 13241.952198476796 387930.965701316 62910
rat783_n7820_uncorr_01.ttp: 16570.0 339628.0 1179568.0 9256 13249.372686757437 385268.1074288916 61466
rat783_n7820_uncorr_01.ttp: 21602.0 334596.0 1184414.0 9275 13258.769682173708 389550.75755368616 56397
rat783_n7820_uncorr_01.ttp: 14538.0 341660.0 1187083.0 9254 13185.56777780859 396608.211720375 58624
rat783_n7820_uncorr_01.ttp: 15046.0 341152.0 1183381.0 9251 13190.378228028068 392617.8252297173 56381
rat783_n7820_uncorr_01.ttp: 15023.0 341175.0 1182826.0 9256 13185.424632778699 392359.793264917 56613
rat783_n7820_uncorr_01.ttp: 15108.0 341090.0 1182543.0 9253 13183.716645870909 392179.18708003894 55814
rat783_n7820_uncorr_01.ttp: 14885.0 341313.0 1182937.0 9255 13174.8226052237 393106.3848168391 38126
rat783_n7820_uncorr_01.ttp: 21430.0 334768.0 1184715.0 9269 13234.373055618822 391314.3353156516 49311
rat783_n7820_uncorr_01.ttp: 15163.0 341035.0 1180175.0 9253 13176.655132472737 390234.52480825933 39979
rat783_n7820_uncorr_01.ttp: 17066.0 339132.0 1177922.0 9264 13235.023710827858 384482.32853586983 51064
rat783_n7820_uncorr_01.ttp: 21354.0 334844.0 1185202.0 9278 13256.568535235929 390470.716312606 50830
rat783_n7820_uncorr_01.ttp: 21507.0 334691.0 1184888.0 9257 13238.888884939157 391216.61134789756 81867
rat783_n7820_uncorr_01.ttp: 21148.0 335050.0 1185610.0 9253 13248.144504799211 391383.73693728726 48545
rat783_n7820_uncorr_01.ttp: 15286.0 340912.0 1181690.0 9261 13231.135353687256 388483.43554644904 58469
rat783_n7820_uncorr_01.ttp: 21369.0 334829.0 1179948.0 9254 13240.130742536929 386202.1619849111 53173
rat783_n7820_uncorr_01.ttp: 21990.0 334208.0 1180417.0 9252 13206.351997964122 388696.1977220508 59154
rat783_n7820_uncorr_01.ttp: 20964.0 335234.0 1187556.0 9255 13266.836734175316 392209.1377861898 41058
rat783_n7820_uncorr_01.ttp: 21398.0 334800.0 1181965.0 9279 13266.072500298169 386663.95360712474 41756
rat783_n7820_uncorr_01.ttp: 16384.0 339814.0 1186256.0 9254 13209.665100408929 394336.5772304847 51417
rat783_n7820_uncorr_01.ttp: 15127.0 341071.0 1181194.0 9251 13166.16429632806 391882.45043513284 69161
rat783_n7820_uncorr_01.ttp: 21230.0 334968.0 1187388.0 9249 13253.39159413595 392847.17393154977 34131
RESULTS FOR heuristics : 27
rat783_n7820_uncorr_01.ttp: 14616.0 341582.0 1187149.0 9248 13156.124717222117 398439.323202534 175394
rat783_n7820_uncorr_01.ttp: 14695.0 341503.0 1188780.0 9254 13178.623422279334 398721.5258343539 152821
rat783_n7820_uncorr_01.ttp: 14517.0 341681.0 1186496.0 9248 13145.631809967546 398415.3729924456 152330
rat783_n7820_uncorr_01.ttp: 14616.0 341582.0 1187149.0 9248 13156.124717222117 398439.323202534 175133
rat783_n7820_uncorr_01.ttp: 14603.0 341595.0 1186870.0 9248 13143.591120094055 398911.7123503613 219504
rat783_n7820_uncorr_01.ttp: 14557.0 341641.0 1187826.0 9247 13173.27770605056 398088.00152226887 163376
rat783_n7820_uncorr_01.ttp: 14395.0 341803.0 1186762.0 9252 13156.582481096819 398024.8802582456 163167
rat783_n7820_uncorr_01.ttp: 14495.0 341703.0 1186971.0 9245 13157.475403977505 398180.34953154856 231213
rat783_n7820_uncorr_01.ttp: 14634.0 341564.0 1187566.0 9247 13168.560922464678 398110.77269824257 163780
rat783_n7820_uncorr_01.ttp: 14557.0 341641.0 1187826.0 9247 13173.281709887246 398087.76149225957 164027
rat783_n7820_uncorr_01.ttp: 14695.0 341503.0 1188780.0 9255 13179.191733078258 398687.45560195844 163457
rat783_n7820_uncorr_01.ttp: 14428.0 341770.0 1188477.0 9251 13186.402195587927 397952.18837450375 164181
rat783_n7820_uncorr_01.ttp: 14517.0 341681.0 1186496.0 9248 13145.69231126219 398411.7459398317 187738
rat783_n7820_uncorr_01.ttp: 14695.0 341503.0 1188780.0 9257 13182.395590300226 398495.38436150143 154075
rat783_n7820_uncorr_01.ttp: 14616.0 341582.0 1187149.0 9248 13156.162134784718 398437.0800196561 179614
rat783_n7820_uncorr_01.ttp: 14538.0 341660.0 1189302.0 9256 13191.086847208402 398496.34350985626 167895
rat783_n7820_uncorr_01.ttp: 14538.0 341660.0 1189302.0 9254 13188.746973163708 398636.6189588356 179502
rat783_n7820_uncorr_01.ttp: 14616.0 341582.0 1187149.0 9248 13156.14391118155 398438.17252466595 179512
rat783_n7820_uncorr_01.ttp: 14538.0 341660.0 1189302.0 9254 13188.665332315022 398641.5133277144 167702
rat783_n7820_uncorr_01.ttp: 14538.0 341660.0 1189302.0 9254 13188.742969327022 398636.858988845 179538
rat783_n7820_uncorr_01.ttp: 14457.0 341741.0 1187295.0 9256 13150.232767484873 398938.5455892818 190351
rat783_n7820_uncorr_01.ttp: 14616.0 341582.0 1187149.0 9248 13156.185332580839 398435.68931177864 167951
rat783_n7820_uncorr_01.ttp: 14616.0 341582.0 1187149.0 9250 13158.50960571211 398296.34913755895 156170
rat783_n7820_uncorr_01.ttp: 14517.0 341681.0 1186496.0 9248 13145.688307425504 398411.985969841 190308
rat783_n7820_uncorr_01.ttp: 14449.0 341749.0 1187429.0 9248 13152.569598573544 398932.452565516 260211
rat783_n7820_uncorr_01.ttp: 14616.0 341582.0 1187149.0 9248 13156.14391118155 398438.17252466595 180101
rat783_n7820_uncorr_01.ttp: 14695.0 341503.0 1188780.0 9254 13178.537854378717 398726.65562999586 156065
rat783_n7820_uncorr_01.ttp: 14538.0 341660.0 1189302.0 9254 13188.70430367919 398639.1769944326 167679
rat783_n7820_uncorr_01.ttp: 14517.0 341681.0 1186496.0 9248 13145.635813804232 398415.1329624362 155709
rat783_n7820_uncorr_01.ttp: 14603.0 341595.0 1186870.0 9248 13143.591120094055 398911.7123503613 225575
RESULTS FOR heuristics : 28
rat783_n7820_uncorr_01.ttp: 14662.0 341536.0 1186828.0 9245 13155.066377156601 398181.77068946173 138505
rat783_n7820_uncorr_01.ttp: 14517.0 341681.0 1186496.0 9248 13145.669155829308 398413.1341080329 139419
rat783_n7820_uncorr_01.ttp: 14616.0 341582.0 1187149.0 9248 13156.162134784718 398437.0800196561 136929
rat783_n7820_uncorr_01.ttp: 14672.0 341526.0 1187195.0 9248 13149.135061669454 398904.3530529161 130166
rat783_n7820_uncorr_01.ttp: 14619.0 341579.0 1186938.0 9248 13153.020998845197 398414.3911192304 118269
rat783_n7820_uncorr_01.ttp: 14517.0 341681.0 1186496.0 9248 13145.688307425504 398411.985969841 126919
rat783_n7820_uncorr_01.ttp: 14559.0 341639.0 1188697.0 9250 13183.482531131658 398347.2222586571 131148
rat783_n7820_uncorr_01.ttp: 14574.0 341624.0 1186706.0 9245 13153.108038474178 398177.17309347296 134122
rat783_n7820_uncorr_01.ttp: 14542.0 341656.0 1188771.0 9250 13185.094071416257 398324.6104185954 127807
rat783_n7820_uncorr_01.ttp: 14517.0 341681.0 1186496.0 9248 13145.650961563742 398414.2248542536 147306
rat783_n7820_uncorr_01.ttp: 14524.0 341674.0 1186334.0 9250 13144.810466196308 398302.6125515313 132430
rat783_n7820_uncorr_01.ttp: 14475.0 341723.0 1189519.0 9254 13192.336039437632 398638.45443571394 125820
rat783_n7820_uncorr_01.ttp: 14517.0 341681.0 1189101.0 9251 13196.86610978729 397948.87671825197 118176
rat783_n7820_uncorr_01.ttp: 14725.0 341473.0 1189414.0 9254 13190.593346597077 398637.9288715052 118525
rat783_n7820_uncorr_01.ttp: 14445.0 341753.0 1186767.0 9248 13141.952803451988 398906.92943305324 149109
rat783_n7820_uncorr_01.ttp: 14360.0 341838.0 1187018.0 9248 13153.924905440188 398440.20191886066 135587
rat783_n7820_uncorr_01.ttp: 14476.0 341722.0 1189005.0 9254 13182.366873064915 398722.1059597583 128018
rat783_n7820_uncorr_01.ttp: 14803.0 341395.0 1189402.0 9254 13190.41244563998 398636.77388388314 134732
rat783_n7820_uncorr_01.ttp: 14393.0 341805.0 1188124.0 9254 13142.615475212637 400224.2022610024 136469
rat783_n7820_uncorr_01.ttp: 14716.0 341482.0 1187110.0 9254 13161.464150711892 398080.224164822 129518
rat783_n7820_uncorr_01.ttp: 14146.0 342052.0 1188225.0 9251 13182.241797411592 397949.604245175 130894
rat783_n7820_uncorr_01.ttp: 14602.0 341596.0 1187929.0 9247 13175.011415805993 398087.06562243064 117187
rat783_n7820_uncorr_01.ttp: 14644.0 341554.0 1187137.0 9248 13147.712665518418 398931.6257021708 147260
rat783_n7820_uncorr_01.ttp: 14477.0 341721.0 1189284.0 9251 13199.835339975285 397953.87136848166 126477
rat783_n7820_uncorr_01.ttp: 14685.0 341513.0 1187226.0 9248 13158.033791699905 398401.87418759067 118475
rat783_n7820_uncorr_01.ttp: 21061.0 335137.0 1189026.0 9254 13195.003468381456 397985.54207053175 115934
rat783_n7820_uncorr_01.ttp: 14360.0 341838.0 1187018.0 9248 13153.981456471916 398436.8116845086 153835
rat783_n7820_uncorr_01.ttp: 14123.0 342075.0 1189220.0 9254 13187.390682410196 398635.92858950875 137595
rat783_n7820_uncorr_01.ttp: 14313.0 341885.0 1186993.0 9256 13145.180817985163 398939.4099617894 131818
rat783_n7820_uncorr_01.ttp: 14381.0 341817.0 1186879.0 9251 13156.976468974817 398118.2606849597 129633
RESULTS FOR heuristics : 29
rat783_n7820_uncorr_01.ttp: 14189.0 342009.0 1186811.0 9257 13217.05834060888 394448.35248049756 600097
rat783_n7820_uncorr_01.ttp: 14495.0 341703.0 1186971.0 9245 13157.561789682824 398175.17070851463 600115
rat783_n7820_uncorr_01.ttp: 16167.0 340031.0 1186478.0 9252 13206.611050377047 394741.667529896 600098
rat783_n7820_uncorr_01.ttp: 21003.0 335195.0 1187194.0 9255 13230.202010769248 394043.3894543835 600079
rat783_n7820_uncorr_01.ttp: 14509.0 341689.0 1187086.0 9245 13159.028811517486 398202.2227495266 600508
rat783_n7820_uncorr_01.ttp: 14566.0 341632.0 1183688.0 9250 13150.816282518897 395296.5638629921 601065
rat783_n7820_uncorr_01.ttp: 15236.0 340962.0 1185379.0 9250 13173.550172310934 395624.6671699595 600182
rat783_n7820_uncorr_01.ttp: 14715.0 341483.0 1186561.0 9245 13192.645231678505 395661.9183608736 600330
rat783_n7820_uncorr_01.ttp: 14796.0 341402.0 1183602.0 9255 13155.996081380568 394900.03492123494 600104
rat783_n7820_uncorr_01.ttp: 14867.0 341331.0 1187203.0 9248 13190.396092647256 396438.75424579694 600516
rat783_n7820_uncorr_01.ttp: 14731.0 341467.0 1182297.0 9251 13178.730274149728 392232.1200647238 600642
rat783_n7820_uncorr_01.ttp: 14796.0 341402.0 1188218.0 9252 13198.18865594804 396986.59007591486 600015
rat783_n7820_uncorr_01.ttp: 14903.0 341295.0 1187708.0 9248 13197.742303932333 396503.34887925663 600235
rat783_n7820_uncorr_01.ttp: 14509.0 341689.0 1187086.0 9245 13158.942339608795 398207.40674045274 600093
rat783_n7820_uncorr_01.ttp: 14531.0 341667.0 1186795.0 9245 13196.572418556061 395660.48350756406 601260
rat783_n7820_uncorr_01.ttp: 14517.0 341681.0 1186496.0 9248 13145.650961563742 398414.2248542536 600030
rat783_n7820_uncorr_01.ttp: 13715.0 342483.0 1188605.0 9256 13193.89299888098 397631.11471708526 600098
rat783_n7820_uncorr_01.ttp: 14455.0 341743.0 1186703.0 9248 13192.16177302801 395832.90170697076 600096
rat783_n7820_uncorr_01.ttp: 20768.0 335430.0 1187789.0 9254 13206.324723188563 396069.8328448456 601372
rat783_n7820_uncorr_01.ttp: 14616.0 341582.0 1183864.0 9257 13156.590131313373 395126.4216277633 600106
rat783_n7820_uncorr_01.ttp: 14820.0 341378.0 1186281.0 9279 13196.34515465157 395160.1079786384 601531
rat783_n7820_uncorr_01.ttp: 20838.0 335360.0 1187434.0 9253 13241.379984020803 393613.2699579528 600067
rat783_n7820_uncorr_01.ttp: 21860.0 334338.0 1184815.0 9258 13236.491038193495 391287.36226029997 600141
rat783_n7820_uncorr_01.ttp: 14715.0 341483.0 1186561.0 9245 13192.645231678505 395661.9183608736 600550
rat783_n7820_uncorr_01.ttp: 14495.0 341703.0 1186971.0 9245 13157.557785846138 398175.41073852393 601386
rat783_n7820_uncorr_01.ttp: 16277.0 339921.0 1184911.0 9252 13231.273304588634 391696.1653899114 600254
rat783_n7820_uncorr_01.ttp: 14671.0 341527.0 1186412.0 9251 13192.241155476966 395537.14272915584 601290
rat783_n7820_uncorr_01.ttp: 14367.0 341831.0 1186194.0 9254 13188.660433257242 395533.8070262283 600103
rat783_n7820_uncorr_01.ttp: 14515.0 341683.0 1188880.0 9251 13194.520478577324 397868.4973092894 600339
rat783_n7820_uncorr_01.ttp: 13863.0 342335.0 1182465.0 9247 13144.865971391513 394430.2850150787 600347
RESULTS FOR heuristics : 30
rat783_n7820_uncorr_01.ttp: 14774.0 341424.0 1188416.0 9252 13198.825008925587 397146.440714911 600686
rat783_n7820_uncorr_01.ttp: 14567.0 341631.0 1186372.0 9245 13188.352979436311 395730.2388827931 600284
rat783_n7820_uncorr_01.ttp: 14748.0 341450.0 1188797.0 9254 13180.468047665776 398627.94054243667 600872
rat783_n7820_uncorr_01.ttp: 14604.0 341594.0 1183238.0 9249 13154.716596528722 394612.7400381031 600425
rat783_n7820_uncorr_01.ttp: 14765.0 341433.0 1183010.0 9251 13152.700449336286 394505.60806228966 600094
rat783_n7820_uncorr_01.ttp: 21247.0 334951.0 1189874.0 9255 13254.635663004112 395258.59200290346 600205
rat783_n7820_uncorr_01.ttp: 14623.0 341575.0 1186818.0 9245 13155.068761536666 398171.6277458768 600099
rat783_n7820_uncorr_01.ttp: 14517.0 341681.0 1186496.0 9248 13145.673159665994 398412.8940780236 600094
rat783_n7820_uncorr_01.ttp: 14702.0 341496.0 1186397.0 9248 13187.101700135234 395830.2530768927 600093
rat783_n7820_uncorr_01.ttp: 14937.0 341261.0 1185292.0 9275 13197.104786550979 394125.5680462688 600095
rat783_n7820_uncorr_01.ttp: 14716.0 341482.0 1187637.0 9248 13196.516739158782 396505.82148743095 600091
rat783_n7820_uncorr_01.ttp: 14271.0 341927.0 1188598.0 9256 13211.489294141013 396569.2168162463 601143
rat783_n7820_uncorr_01.ttp: 21171.0 335027.0 1189186.0 9258 13246.283558241239 395071.30068343773 600094
rat783_n7820_uncorr_01.ttp: 14720.0 341478.0 1186671.0 9247 13169.392102752114 397165.9434400108 600307
rat783_n7820_uncorr_01.ttp: 14601.0 341597.0 1184983.0 9249 13197.630843884568 393785.0309091201 600095
rat783_n7820_uncorr_01.ttp: 14531.0 341667.0 1186688.0 9245 13152.836532224048 398175.4498931683 600093
rat783_n7820_uncorr_01.ttp: 14575.0 341623.0 1186921.0 9245 13197.55558215615 395727.54284973873 602067
rat783_n7820_uncorr_01.ttp: 14815.0 341383.0 1185535.0 9253 13191.507347390885 394704.1345239164 600725
rat783_n7820_uncorr_01.ttp: 14657.0 341541.0 1187110.0 9247 13203.517727311362 395559.1122476838 602076
rat783_n7820_uncorr_01.ttp: 14680.0 341518.0 1186652.0 9248 13180.099510063232 396505.0343717092 600217
rat783_n7820_uncorr_01.ttp: 14338.0 341860.0 1186696.0 9247 13169.931820657763 397158.5873515671 600087
rat783_n7820_uncorr_01.ttp: 14545.0 341653.0 1183554.0 9249 13130.501570952303 396380.43082140933 600089
rat783_n7820_uncorr_01.ttp: 14781.0 341417.0 1186765.0 9245 13194.832517623667 395734.7905684612 600085
rat783_n7820_uncorr_01.ttp: 14822.0 341376.0 1182261.0 9255 13162.087857203218 393193.8329606671 600086
rat783_n7820_uncorr_01.ttp: 14336.0 341862.0 1186546.0 9245 13150.135336421868 398195.3865815089 600330
rat783_n7820_uncorr_01.ttp: 14589.0 341609.0 1187333.0 9247 13165.679484911732 398050.5148795416 600097
rat783_n7820_uncorr_01.ttp: 14810.0 341388.0 1184297.0 9250 13178.790307599967 394228.5210593819 600089
rat783_n7820_uncorr_01.ttp: 14773.0 341425.0 1186692.0 9248 13191.98567010932 395832.45907694625 600085
rat783_n7820_uncorr_01.ttp: 14834.0 341364.0 1186826.0 9245 13197.090557168021 395660.4210977771 600086
rat783_n7820_uncorr_01.ttp: 14495.0 341703.0 1186971.0 9245 13157.475403977505 398180.34953154856 600088

