enter number of instance to run
Enter TTP instance file:
Enter TTP instance file:
Enter TTP instance file:
Instance :rat783_n782_uncorr_01.ttp
RESULTS FOR heuristics : 20
rat783_n782_uncorr_01.ttp: 2895.0 32297.0 108295.0 9281 12968.272209270111 33208.70390832606 7587
rat783_n782_uncorr_01.ttp: 1428.0 33764.0 109480.0 9245 12917.961381785697 34685.00359946082 5911
rat783_n782_uncorr_01.ttp: 1998.0 33194.0 109305.0 9252 12900.869123130946 34608.967777071826 5540
rat783_n782_uncorr_01.ttp: 1961.0 33231.0 109808.0 9252 13045.004744380378 34277.42253003761 4929
rat783_n782_uncorr_01.ttp: 2250.0 32942.0 111997.0 9255 13388.48872492538 34477.65028268205 5717
rat783_n782_uncorr_01.ttp: 1629.0 33563.0 109165.0 9281 13264.141555665217 32365.620392698387 9192
rat783_n782_uncorr_01.ttp: 2252.0 32940.0 112365.0 9271 13314.155856267738 35276.03759220979 5617
rat783_n782_uncorr_01.ttp: 1893.0 33299.0 111930.0 9259 13546.677055443752 33494.73984898068 5662
rat783_n782_uncorr_01.ttp: 2152.0 33040.0 109396.0 9272 13004.707406343581 34098.74411727066 5099
rat783_n782_uncorr_01.ttp: 2550.0 32642.0 108801.0 9252 13045.456871508164 33267.80471396774 5739
rat783_n782_uncorr_01.ttp: 2306.0 32886.0 110760.0 9258 12992.498105183944 35533.43597098497 5589
rat783_n782_uncorr_01.ttp: 20.0 35172.0 110055.0 9255 13411.726964876178 32401.10087336693 5867
rat783_n782_uncorr_01.ttp: 2751.0 32441.0 108226.0 9258 13061.247297804288 32601.37814571317 8047
rat783_n782_uncorr_01.ttp: 2383.0 32809.0 108836.0 9277 12996.235257243177 33587.797860562 9646
rat783_n782_uncorr_01.ttp: 2426.0 32766.0 111386.0 9247 13170.089416638866 35131.18227766096 9933
rat783_n782_uncorr_01.ttp: 2847.0 32345.0 108140.0 9255 13038.913324331934 32644.691852118107 7088
rat783_n782_uncorr_01.ttp: 2111.0 33081.0 110598.0 9252 13209.709280662275 34113.78326496543 7434
rat783_n782_uncorr_01.ttp: 271.0 34921.0 109053.0 9270 13156.867424424157 32874.737612584126 8973
rat783_n782_uncorr_01.ttp: 1678.0 33514.0 108778.0 9275 13163.574664459331 32560.902692780466 8587
rat783_n782_uncorr_01.ttp: 6.0 35186.0 109786.0 9256 13387.401933542988 32272.9428047861 7275
rat783_n782_uncorr_01.ttp: 2269.0 32923.0 110736.0 9256 13258.049647196343 33971.89254273317 7353
rat783_n782_uncorr_01.ttp: 676.0 34516.0 110422.0 9253 12944.009021252803 35476.18776694627 7583
rat783_n782_uncorr_01.ttp: 937.0 34255.0 109482.0 9276 13173.176664316488 33209.30711360753 7684
rat783_n782_uncorr_01.ttp: 1720.0 33472.0 109188.0 9247 12860.894948700885 34723.41824702188 8155
rat783_n782_uncorr_01.ttp: 2455.0 32737.0 111425.0 9247 13290.174730400147 34474.88831098315 7603
rat783_n782_uncorr_01.ttp: 2710.0 32482.0 110723.0 9275 13410.701017606292 33075.041108059566 8263
rat783_n782_uncorr_01.ttp: 1179.0 34013.0 109890.0 9257 12957.057324684858 34868.63809007467 8422
rat783_n782_uncorr_01.ttp: 1402.0 33790.0 109281.0 9250 13066.08246802305 33628.38251014653 7233
rat783_n782_uncorr_01.ttp: 2714.0 32478.0 109055.0 9257 13013.29970303434 33707.99471943117 6846
rat783_n782_uncorr_01.ttp: 2696.0 32496.0 110861.0 9257 13137.456180293279 34795.12871610191 7728
RESULTS FOR heuristics : 24
rat783_n782_uncorr_01.ttp: 2451.0 32741.0 111690.0 9258 13105.633781168486 35808.38040703446 577141
rat783_n782_uncorr_01.ttp: 172.0 35020.0 111855.0 9248 13155.278268344036 35685.938826288024 586567
rat783_n782_uncorr_01.ttp: 2286.0 32906.0 111621.0 9254 13100.998024386807 35766.22143880039 590649
rat783_n782_uncorr_01.ttp: 2171.0 33021.0 112122.0 9261 13099.244815610076 36277.37251761765 570634
rat783_n782_uncorr_01.ttp: 1214.0 33978.0 111275.0 9254 13025.336825866925 35858.2997782305 582047
rat783_n782_uncorr_01.ttp: 2363.0 32829.0 111511.0 9254 13070.579461731582 35832.34491657413 574963
rat783_n782_uncorr_01.ttp: 2380.0 32812.0 112127.0 9274 13154.550271782167 35962.153926381245 584566
rat783_n782_uncorr_01.ttp: 2266.0 32926.0 112905.0 9255 13311.699683785937 35830.25883087942 584560
rat783_n782_uncorr_01.ttp: 1886.0 33306.0 111852.0 9258 13094.627571874913 36034.10635884425 590293
rat783_n782_uncorr_01.ttp: 2611.0 32581.0 112313.0 9258 13186.1453488017 35965.21843043815 585537
rat783_n782_uncorr_01.ttp: 2471.0 32721.0 110781.0 9254 12945.735622935726 35825.19074320214 586509
rat783_n782_uncorr_01.ttp: 2308.0 32884.0 112206.0 9275 13218.589429710768 35670.36720197466 588569
rat783_n782_uncorr_01.ttp: 2259.0 32933.0 111490.0 9255 13047.117165789972 35947.19161007606 582321
rat783_n782_uncorr_01.ttp: 2429.0 32763.0 111618.0 9256 13084.113823619458 35860.98096124333 570672
rat783_n782_uncorr_01.ttp: 8.0 35184.0 112024.0 9261 13145.144118120634 35913.615556081524 589991
rat783_n782_uncorr_01.ttp: 2247.0 32945.0 111004.0 9253 13012.434864967625 35662.00213183745 586061
rat783_n782_uncorr_01.ttp: 2662.0 32530.0 112091.0 9259 13124.37423400746 36100.8731850968 590488
rat783_n782_uncorr_01.ttp: 1672.0 33520.0 110229.0 9251 12924.209058387902 35397.829551934046 583512
rat783_n782_uncorr_01.ttp: 2459.0 32733.0 109944.0 9250 12869.462649627489 35429.811258656846 588637
rat783_n782_uncorr_01.ttp: 2067.0 33125.0 111738.0 9257 13181.353431843292 35417.96362962734 585211
rat783_n782_uncorr_01.ttp: 2259.0 32933.0 111490.0 9255 13039.024415801541 35994.048632509075 582141
rat783_n782_uncorr_01.ttp: 2243.0 32949.0 111035.0 9257 13032.199513518288 35578.56481672911 589456
rat783_n782_uncorr_01.ttp: 1302.0 33890.0 110945.0 9254 12966.308768118935 35870.07223259137 585168
rat783_n782_uncorr_01.ttp: 23.0 35169.0 111972.0 9252 13173.959493363946 35694.77453342275 588731
rat783_n782_uncorr_01.ttp: 2155.0 33037.0 112606.0 9255 13228.768602479224 36011.42979164529 586314
rat783_n782_uncorr_01.ttp: 1302.0 33890.0 110945.0 9255 12968.843309274478 35855.39723930077 581382
rat783_n782_uncorr_01.ttp: 2243.0 32949.0 111035.0 9266 13056.373608432754 35438.596807174355 586266
rat783_n782_uncorr_01.ttp: 2259.0 32933.0 111490.0 9255 13041.107748821309 35981.986134324616 580977
rat783_n782_uncorr_01.ttp: 2390.0 32802.0 111156.0 9256 13053.218908663883 35577.86251883612 588046
rat783_n782_uncorr_01.ttp: 1879.0 33313.0 110604.0 9255 12904.795161773658 35885.23601333052 586469
Instance :rat783_n782_uncorr-similar-weights_01.ttp
RESULTS FOR heuristics : 20
rat783_n782_uncorr-similar-weights_01.ttp: 110.0 71303.0 60680.0 9255 13111.732097383823 25278.323337063674 8705
rat783_n782_uncorr-similar-weights_01.ttp: 107.0 71306.0 61677.0 9254 12611.900663395563 27624.868208831977 7468
rat783_n782_uncorr-similar-weights_01.ttp: 66.0 71347.0 60910.0 9256 12981.263245899625 25860.589236071013 7031
rat783_n782_uncorr-similar-weights_01.ttp: 99.0 71314.0 62095.0 9245 12739.993346184725 27697.01796530124 6834
rat783_n782_uncorr-similar-weights_01.ttp: 89.0 71324.0 62024.0 9249 12632.575083957208 27916.047273315533 8452
rat783_n782_uncorr-similar-weights_01.ttp: 111.0 71302.0 61033.0 9277 12836.863773376763 26373.467811882736 7362
rat783_n782_uncorr-similar-weights_01.ttp: 90.0 71323.0 62128.0 9250 12631.246232696853 28023.635171718495 7646
rat783_n782_uncorr-similar-weights_01.ttp: 89.0 71324.0 62024.0 9249 12632.835342052798 27915.344576457443 8117
rat783_n782_uncorr-similar-weights_01.ttp: 92.0 71321.0 61274.0 9280 12962.630808663733 26274.89681660792 7200
rat783_n782_uncorr-similar-weights_01.ttp: 72.0 71341.0 61484.0 9254 13043.844892208726 26265.61879103644 7760
rat783_n782_uncorr-similar-weights_01.ttp: 113.0 71300.0 61124.0 9275 12811.935275930688 26531.774754987142 7015
rat783_n782_uncorr-similar-weights_01.ttp: 113.0 71300.0 61372.0 9252 13188.352285712768 25763.44882857552 7679
rat783_n782_uncorr-similar-weights_01.ttp: 78.0 71335.0 60174.0 9252 12423.807751098711 26629.719072033477 6727
rat783_n782_uncorr-similar-weights_01.ttp: 85.0 71328.0 60572.0 9257 13028.130139059904 25396.048624538256 8051
rat783_n782_uncorr-similar-weights_01.ttp: 92.0 71321.0 61790.0 9249 12685.696940748514 27538.61825997901 7555
rat783_n782_uncorr-similar-weights_01.ttp: 70.0 71343.0 61082.0 9253 12773.455934746306 26593.66897618497 7191
rat783_n782_uncorr-similar-weights_01.ttp: 108.0 71305.0 60812.0 9256 13076.867342507987 25504.458175228436 7592
rat783_n782_uncorr-similar-weights_01.ttp: 83.0 71330.0 60114.0 9294 12438.916577885937 26528.92523970797 6418
rat783_n782_uncorr-similar-weights_01.ttp: 95.0 71318.0 61589.0 9251 12718.690033621744 27248.536909221286 7256
rat783_n782_uncorr-similar-weights_01.ttp: 94.0 71319.0 61907.0 9252 12766.576391848772 27437.243742008315 7404
rat783_n782_uncorr-similar-weights_01.ttp: 80.0 71333.0 60275.0 9253 13249.49147019992 24501.373030460214 7157
rat783_n782_uncorr-similar-weights_01.ttp: 99.0 71314.0 60986.0 9245 13020.325436065525 25831.121322623083 7088
rat783_n782_uncorr-similar-weights_01.ttp: 90.0 71323.0 62082.0 9249 12623.421266088731 27998.762581560426 7059
rat783_n782_uncorr-similar-weights_01.ttp: 108.0 71305.0 61101.0 9253 12910.100653706188 26243.728234993294 7136
rat783_n782_uncorr-similar-weights_01.ttp: 93.0 71320.0 61953.0 9246 12704.80173211861 27650.03532327975 7097
rat783_n782_uncorr-similar-weights_01.ttp: 99.0 71314.0 60986.0 9250 13025.325436065525 25817.621322623083 7252
rat783_n782_uncorr-similar-weights_01.ttp: 71.0 71342.0 60905.0 9255 12967.538394933921 25892.646333678407 7652
rat783_n782_uncorr-similar-weights_01.ttp: 90.0 71323.0 60611.0 9261 12879.854491824308 25835.392872074364 7065
rat783_n782_uncorr-similar-weights_01.ttp: 84.0 71329.0 61490.0 9258 12905.090476407291 26646.25571370031 7498
rat783_n782_uncorr-similar-weights_01.ttp: 79.0 71334.0 60808.0 9259 12485.707826087133 27096.588869564737 6986
RESULTS FOR heuristics : 24
rat783_n782_uncorr-similar-weights_01.ttp: 83.0 71330.0 62086.0 9267 12611.643556820125 28034.562396585658 584397
rat783_n782_uncorr-similar-weights_01.ttp: 80.0 71333.0 62230.0 9248 12622.82505762992 28148.372344399213 594703
rat783_n782_uncorr-similar-weights_01.ttp: 88.0 71325.0 62374.0 9253 12678.043018825225 28143.283849171894 590729
rat783_n782_uncorr-similar-weights_01.ttp: 80.0 71333.0 62230.0 9248 12622.586457632891 28149.01656439119 589824
rat783_n782_uncorr-similar-weights_01.ttp: 79.0 71334.0 62323.0 9267 12653.220927866974 28159.303494759166 591884
rat783_n782_uncorr-similar-weights_01.ttp: 93.0 71320.0 62377.0 9265 12658.134762039488 28200.03614249338 592807
rat783_n782_uncorr-similar-weights_01.ttp: 90.0 71323.0 62128.0 9255 12628.495281095511 28031.062741042115 589971
rat783_n782_uncorr-similar-weights_01.ttp: 93.0 71320.0 62360.0 9264 12658.26396414842 28182.68729679926 593028
rat783_n782_uncorr-similar-weights_01.ttp: 80.0 71333.0 62230.0 9248 12622.82505762992 28148.372344399213 591473
rat783_n782_uncorr-similar-weights_01.ttp: 84.0 71329.0 62346.0 9270 12655.656509292483 28175.727424910292 592412
rat783_n782_uncorr-similar-weights_01.ttp: 84.0 71329.0 62382.0 9251 12645.028842875867 28240.422124235156 589707
rat783_n782_uncorr-similar-weights_01.ttp: 93.0 71320.0 62360.0 9259 12653.26396414842 28196.18729679926 590816
rat783_n782_uncorr-similar-weights_01.ttp: 80.0 71333.0 62230.0 9248 12622.586457632891 28149.01656439119 589240
rat783_n782_uncorr-similar-weights_01.ttp: 80.0 71333.0 62230.0 9248 12622.586457632891 28149.01656439119 593776
rat783_n782_uncorr-similar-weights_01.ttp: 80.0 71333.0 62230.0 9250 12624.586457632891 28143.616564391188 589381
rat783_n782_uncorr-similar-weights_01.ttp: 86.0 71327.0 62335.0 9260 12652.405575017881 28173.504947451715 593147
rat783_n782_uncorr-similar-weights_01.ttp: 80.0 71333.0 62230.0 9248 12623.183663194612 28147.404109374547 591987
rat783_n782_uncorr-similar-weights_01.ttp: 84.0 71329.0 62346.0 9273 12654.766794071404 28178.129656007208 588940
rat783_n782_uncorr-similar-weights_01.ttp: 84.0 71329.0 62382.0 9251 12644.815181210302 28240.99901073218 593195
rat783_n782_uncorr-similar-weights_01.ttp: 80.0 71333.0 62230.0 9248 12622.945063197583 28148.048329366524 590905
rat783_n782_uncorr-similar-weights_01.ttp: 84.0 71329.0 62346.0 9270 12655.958198191878 28174.912864881924 591760
rat783_n782_uncorr-similar-weights_01.ttp: 80.0 71333.0 62230.0 9248 12622.82505762992 28148.372344399213 594112
rat783_n782_uncorr-similar-weights_01.ttp: 101.0 71312.0 62381.0 9252 12662.460328352809 28192.35711344741 590972
rat783_n782_uncorr-similar-weights_01.ttp: 102.0 71311.0 62348.0 9257 12643.727657425588 28209.935324950908 595069
rat783_n782_uncorr-similar-weights_01.ttp: 94.0 71319.0 62208.0 9262 12624.935498052899 28120.67415525717 591627
rat783_n782_uncorr-similar-weights_01.ttp: 84.0 71329.0 62346.0 9271 12656.656509292481 28173.027424910302 592685
rat783_n782_uncorr-similar-weights_01.ttp: 80.0 71333.0 62230.0 9248 12622.82505762992 28148.372344399213 590765
rat783_n782_uncorr-similar-weights_01.ttp: 84.0 71329.0 62346.0 9274 12655.465105172008 28176.24421603558 589662
rat783_n782_uncorr-similar-weights_01.ttp: 93.0 71320.0 62377.0 9265 12658.419828431553 28199.266463234802 590389
rat783_n782_uncorr-similar-weights_01.ttp: 84.0 71329.0 62539.0 9256 12728.10699860294 28173.111103772062 593583
Instance :rat783_n782_bounded-strongly-corr_01.ttp
RESULTS FOR heuristics : 20
rat783_n782_bounded-strongly-corr_01.ttp: 88.0 69175.0 105875.0 9248 12054.53123194784 40659.98603516218 9218
rat783_n782_bounded-strongly-corr_01.ttp: 18.0 69245.0 106645.0 9253 12178.469096165676 40759.48218974369 8964
rat783_n782_bounded-strongly-corr_01.ttp: 28.0 69235.0 104935.0 9278 11919.780116341692 40448.989570591446 8888
rat783_n782_bounded-strongly-corr_01.ttp: 44.0 69219.0 104319.0 9256 11888.628712718137 40001.51866419488 9753
rat783_n782_bounded-strongly-corr_01.ttp: 16.0 69247.0 105347.0 9284 12050.243010406566 40155.18531370047 9919
rat783_n782_bounded-strongly-corr_01.ttp: 18.0 69245.0 106645.0 9253 12177.997025207262 40762.03609362872 8787
rat783_n782_bounded-strongly-corr_01.ttp: 60.0 69203.0 106003.0 9275 12005.368374200056 41053.957095577694 9669
rat783_n782_bounded-strongly-corr_01.ttp: 15.0 69248.0 106248.0 9251 12119.031972907633 40684.0370265697 8255
rat783_n782_bounded-strongly-corr_01.ttp: 2.0 69261.0 105661.0 9255 12004.98513899841 40714.0303980186 7609
rat783_n782_bounded-strongly-corr_01.ttp: 24.0 69239.0 106639.0 9250 12157.072701712143 40869.23668373731 9683
rat783_n782_bounded-strongly-corr_01.ttp: 81.0 69182.0 104882.0 9259 11933.363609569189 40322.50287223069 10056
rat783_n782_bounded-strongly-corr_01.ttp: 120.0 69143.0 104943.0 9272 12165.092786463834 39129.84802523066 9951
rat783_n782_bounded-strongly-corr_01.ttp: 25.0 69238.0 106538.0 9250 12210.255602827114 40480.517188705315 10803
rat783_n782_bounded-strongly-corr_01.ttp: 91.0 69172.0 105972.0 9253 12045.920217322553 40803.57162428499 9752
rat783_n782_bounded-strongly-corr_01.ttp: 3.0 69260.0 106060.0 9249 12044.733705364979 40897.99065397546 9403
rat783_n782_bounded-strongly-corr_01.ttp: 26.0 69237.0 105637.0 9245 11861.655630745414 41465.44303766731 8706
rat783_n782_bounded-strongly-corr_01.ttp: 93.0 69170.0 104370.0 9255 11827.958361877267 40380.74526224399 9671
rat783_n782_bounded-strongly-corr_01.ttp: 6.0 69257.0 105257.0 9247 11855.081335613824 41121.00997432921 9303
rat783_n782_bounded-strongly-corr_01.ttp: 39.0 69224.0 106124.0 9250 12054.309156478072 40910.18746345363 10021
rat783_n782_bounded-strongly-corr_01.ttp: 8.0 69255.0 105855.0 9249 12107.577145590032 40353.00764235792 9886
rat783_n782_bounded-strongly-corr_01.ttp: 34.0 69229.0 105629.0 9249 11989.968642802405 40763.26964243899 8844
rat783_n782_bounded-strongly-corr_01.ttp: 0.0 69263.0 105863.0 9253 12110.054030307461 40347.60769603663 9827
rat783_n782_bounded-strongly-corr_01.ttp: 74.0 69189.0 105789.0 9245 11913.966141430326 41334.44317486193 9912
rat783_n782_bounded-strongly-corr_01.ttp: 47.0 69216.0 106116.0 9250 12070.813620325953 40812.898314036596 8694
rat783_n782_bounded-strongly-corr_01.ttp: 74.0 69189.0 105789.0 9245 11913.977553581466 41334.38143512427 10025
rat783_n782_bounded-strongly-corr_01.ttp: 7.0 69256.0 106256.0 9251 12108.713843400035 40747.85810720581 10853
rat783_n782_bounded-strongly-corr_01.ttp: 63.0 69200.0 106200.0 9246 12017.168137067107 41187.12037846695 9382
rat783_n782_bounded-strongly-corr_01.ttp: 4.0 69259.0 106259.0 9247 12123.488232195426 40670.928663822735 10170
rat783_n782_bounded-strongly-corr_01.ttp: 81.0 69182.0 105982.0 9245 12114.600465370475 40442.011482345726 9257
rat783_n782_bounded-strongly-corr_01.ttp: 78.0 69185.0 105985.0 9249 11974.242049341006 41204.350513065154 9876
RESULTS FOR heuristics : 24
rat783_n782_bounded-strongly-corr_01.ttp: 7.0 69256.0 106556.0 9254 11999.817236418308 41636.98875097695 593215
rat783_n782_bounded-strongly-corr_01.ttp: 16.0 69247.0 106747.0 9278 12034.283603452743 41641.52570532066 590079
rat783_n782_bounded-strongly-corr_01.ttp: 7.0 69256.0 106556.0 9262 11949.251417741676 41910.54983001753 588038
rat783_n782_bounded-strongly-corr_01.ttp: 17.0 69246.0 105946.0 9251 11891.339383212002 41613.85393682307 590996
rat783_n782_bounded-strongly-corr_01.ttp: 17.0 69246.0 105946.0 9252 11891.85059728818 41611.088268670945 587703
rat783_n782_bounded-strongly-corr_01.ttp: 17.0 69246.0 105946.0 9251 11890.041498437045 41620.87549345558 591266
rat783_n782_bounded-strongly-corr_01.ttp: 17.0 69246.0 105946.0 9251 11890.041498437045 41620.87549345558 589614
rat783_n782_bounded-strongly-corr_01.ttp: 17.0 69246.0 105946.0 9251 11890.030806091796 41620.93333904338 587664
rat783_n782_bounded-strongly-corr_01.ttp: 36.0 69227.0 106527.0 9268 12018.81098504429 41505.23257091038 593763
rat783_n782_bounded-strongly-corr_01.ttp: 69.0 69194.0 106494.0 9253 12013.256764587193 41502.28090358328 586219
rat783_n782_bounded-strongly-corr_01.ttp: 26.0 69237.0 106737.0 9253 12052.192383271746 41534.63920649985 589407
rat783_n782_bounded-strongly-corr_01.ttp: 56.0 69207.0 106107.0 9251 11962.41307409379 41390.34526915259 590020
rat783_n782_bounded-strongly-corr_01.ttp: 29.0 69234.0 106134.0 9256 11923.927035182433 41625.554739663035 590462
rat783_n782_bounded-strongly-corr_01.ttp: 41.0 69222.0 106022.0 9252 11925.615431645547 41504.42051479759 588429
rat783_n782_bounded-strongly-corr_01.ttp: 22.0 69241.0 106141.0 9254 11922.134272149353 41642.253587672 590261
rat783_n782_bounded-strongly-corr_01.ttp: 17.0 69246.0 105946.0 9251 11890.211859518162 41619.95384000674 587479
rat783_n782_bounded-strongly-corr_01.ttp: 17.0 69246.0 105946.0 9251 11890.053536449734 41620.81036780694 587275
rat783_n782_bounded-strongly-corr_01.ttp: 62.0 69201.0 106601.0 9256 11962.088331801386 41886.1021249545 586483
rat783_n782_bounded-strongly-corr_01.ttp: 17.0 69246.0 105946.0 9252 11889.021561991023 41626.39334962856 591982
rat783_n782_bounded-strongly-corr_01.ttp: 14.0 69249.0 105849.0 9250 11880.871007648262 41573.4878486229 592205
rat783_n782_bounded-strongly-corr_01.ttp: 114.0 69149.0 106749.0 9262 12037.922635078883 41623.83854422324 587148
rat783_n782_bounded-strongly-corr_01.ttp: 62.0 69201.0 106601.0 9256 11962.088331801386 41886.1021249545 592991
rat783_n782_bounded-strongly-corr_01.ttp: 81.0 69182.0 106482.0 9254 12008.383367525901 41516.64598168487 590980
rat783_n782_bounded-strongly-corr_01.ttp: 85.0 69178.0 106678.0 9257 11954.271979373012 42005.388591592004 589856
rat783_n782_bounded-strongly-corr_01.ttp: 33.0 69230.0 107030.0 9258 12069.382434267545 41734.641030612576 587285
rat783_n782_bounded-strongly-corr_01.ttp: 89.0 69174.0 106774.0 9254 11995.19302816434 41880.00571763092 591931
rat783_n782_bounded-strongly-corr_01.ttp: 40.0 69223.0 106823.0 9257 12035.993794886439 41708.273569664365 589075
rat783_n782_bounded-strongly-corr_01.ttp: 13.0 69250.0 106150.0 9254 11911.607172172642 41708.205198546006 587996
rat783_n782_bounded-strongly-corr_01.ttp: 99.0 69164.0 106164.0 9254 11927.042675374652 41638.69912622313 591034
rat783_n782_bounded-strongly-corr_01.ttp: 17.0 69246.0 105946.0 9251 11891.497706280428 41612.99740902288 594186
