enter number of instance to run
Enter TTP instance file:
Enter TTP instance file:
Enter TTP instance file:
Instance :rl11849_n118480_uncorr_01.ttp
RESULTS FOR heuristics : 20
rl11849_n118480_uncorr_01.ttp: 201635.0 5195272.0 1.8439562E7 928892 1375576.9910285566 6403263.328500129 74398
rl11849_n118480_uncorr_01.ttp: 293554.0 5103353.0 1.8291844E7 927377 1363764.970213695 6358900.51063017 73739
rl11849_n118480_uncorr_01.ttp: 0.0 5396907.0 1.8372656E7 928671 1361984.1792390263 6455294.431658519 74902
rl11849_n118480_uncorr_01.ttp: 0.0 5396907.0 1.8281633E7 927645 1358017.8825657305 6398976.527549859 75957
rl11849_n118480_uncorr_01.ttp: 204818.0 5192089.0 1.8483642E7 928780 1367101.5492393181 6521503.444155967 74994
rl11849_n118480_uncorr_01.ttp: 0.0 5396907.0 1.8342453E7 928338 1359340.5747283953 6448222.9711265415 73665
rl11849_n118480_uncorr_01.ttp: 313460.0 5083447.0 1.827201E7 927829 1355999.961437412 6407010.337422645 73818
rl11849_n118480_uncorr_01.ttp: 204011.0 5192896.0 1.8449905E7 929428 1365790.575307677 6499237.466057826 74929
rl11849_n118480_uncorr_01.ttp: 0.0 5396907.0 1.8376393E7 927595 1353123.8699928867 6536559.137562241 75011
rl11849_n118480_uncorr_01.ttp: 0.0 5396907.0 1.8358832E7 927896 1365351.9913786608 6412002.075436719 74799
rl11849_n118480_uncorr_01.ttp: 1.0 5396906.0 1.8326498E7 929600 1362971.9367720475 6400493.553244583 75189
rl11849_n118480_uncorr_01.ttp: 211592.0 5185315.0 1.8462656E7 927906 1368723.298411537 6486327.138899051 73615
rl11849_n118480_uncorr_01.ttp: 310195.0 5086712.0 1.8272466E7 927446 1353712.0126775173 6427485.889071723 74727
rl11849_n118480_uncorr_01.ttp: 1.0 5396906.0 1.8372241E7 929139 1361423.9967183613 6459781.028714338 74297
rl11849_n118480_uncorr_01.ttp: 1.0 5396906.0 1.8373172E7 930225 1351250.307395492 6549731.810289444 75010
rl11849_n118480_uncorr_01.ttp: 2.0 5396905.0 1.8346648E7 928045 1358516.028458841 6459632.750985142 74340
rl11849_n118480_uncorr_01.ttp: 301449.0 5095458.0 1.8299352E7 927939 1351241.5147217491 6475988.7461846955 75130
rl11849_n118480_uncorr_01.ttp: 210943.0 5185964.0 1.8482031E7 927908 1374248.4716558252 6457356.873011529 74664
rl11849_n118480_uncorr_01.ttp: 0.0 5396907.0 1.829962E7 929221 1364661.7307328123 6358829.856087891 73975
rl11849_n118480_uncorr_01.ttp: 314465.0 5082442.0 1.8260001E7 927476 1353275.234095846 6418842.7016613465 73600
rl11849_n118480_uncorr_01.ttp: 125405.0 5271502.0 1.8147689E7 928698 1324919.0682727564 6554647.152613381 74981
rl11849_n118480_uncorr_01.ttp: 281381.0 5115526.0 1.8305793E7 927680 1360732.4290872396 6399384.245486654 73897
rl11849_n118480_uncorr_01.ttp: 299430.0 5097477.0 1.8287184E7 928374 1357848.2235378171 6406012.0440441 75601
rl11849_n118480_uncorr_01.ttp: 1.0 5396906.0 1.8339521E7 927846 1362385.487367443 6418647.985534873 73754
rl11849_n118480_uncorr_01.ttp: 0.0 5396907.0 1.8423544E7 927543 1366877.5770592352 6463365.200731693 74258
rl11849_n118480_uncorr_01.ttp: 1.0 5396906.0 1.8383679E7 929255 1363920.8754415931 6449371.33988606 75639
rl11849_n118480_uncorr_01.ttp: 310249.0 5086658.0 1.8287927E7 929153 1355285.8053036374 6429176.203593172 75267
rl11849_n118480_uncorr_01.ttp: 1.0 5396906.0 1.8349892E7 927363 1354688.7090727945 6496365.795613049 75281
rl11849_n118480_uncorr_01.ttp: 0.0 5396907.0 1.838166E7 928448 1354215.5709836762 6532273.753892833 74345
rl11849_n118480_uncorr_01.ttp: 0.0 5396907.0 1.8412012E7 928651 1359211.6552286535 6518910.016749281 74558
RESULTS FOR heuristics : 24
rl11849_n118480_uncorr_01.ttp: 199398.0 5197509.0 1.8474165E7 928624 1364852.8941062766 6531702.17657008 481008
rl11849_n118480_uncorr_01.ttp: 2.0 5396905.0 1.8370044E7 928192 1358462.9702859074 6483493.00999831 480918
rl11849_n118480_uncorr_01.ttp: 3.0 5396904.0 1.8394642E7 929191 1355271.3724376096 6536017.491170917 484589
rl11849_n118480_uncorr_01.ttp: 274468.0 5122439.0 1.829149E7 928790 1354091.3558551243 6443190.636267662 477195
rl11849_n118480_uncorr_01.ttp: 203692.0 5193215.0 1.8478798E7 928432 1373354.7095090412 6461944.291795891 481879
rl11849_n118480_uncorr_01.ttp: 307021.0 5089886.0 1.8253696E7 927716 1348639.5341349405 6453100.076319272 478805
rl11849_n118480_uncorr_01.ttp: 204478.0 5192429.0 1.8474585E7 928089 1368894.8957481338 6496754.66220383 484182
rl11849_n118480_uncorr_01.ttp: 0.0 5396907.0 1.8386828E7 928216 1358069.9526457144 6503715.914349999 482060
rl11849_n118480_uncorr_01.ttp: 3.0 5396904.0 1.8410505E7 927883 1360148.7957540012 6509203.03715249 482662
rl11849_n118480_uncorr_01.ttp: 0.0 5396907.0 1.8358913E7 927623 1358741.4839646602 6469925.015309224 478461
rl11849_n118480_uncorr_01.ttp: 0.0 5396907.0 1.8399322E7 927807 1357517.1502109955 6521046.935653789 480952
rl11849_n118480_uncorr_01.ttp: 1.0 5396906.0 1.8377932E7 927901 1350155.1522825689 6564074.417527523 482754
rl11849_n118480_uncorr_01.ttp: 0.0 5396907.0 1.8379901E7 929743 1357444.0242732703 6502265.787608884 481523
rl11849_n118480_uncorr_01.ttp: 1.0 5396906.0 1.8384142E7 929742 1357568.327889854 6505419.130963776 483266
rl11849_n118480_uncorr_01.ttp: 3.0 5396904.0 1.8355098E7 928619 1354617.3568076536 6502196.127933031 481232
rl11849_n118480_uncorr_01.ttp: 204115.0 5192792.0 1.8483883E7 929210 1369278.453704962 6502696.530081581 485309
rl11849_n118480_uncorr_01.ttp: 0.0 5396907.0 1.8396048E7 927751 1346727.977451167 6612178.197302287 478775
rl11849_n118480_uncorr_01.ttp: 142327.0 5254580.0 1.8125474E7 929512 1329612.994310321 6491360.29978469 480898
rl11849_n118480_uncorr_01.ttp: 212387.0 5184520.0 1.8459845E7 928821 1367056.2601209183 6498102.723941965 483108
rl11849_n118480_uncorr_01.ttp: 2.0 5396905.0 1.8394455E7 928425 1354132.8485850447 6545792.574880859 480085
rl11849_n118480_uncorr_01.ttp: 3.0 5396904.0 1.8367642E7 927867 1356568.984252098 6497663.387794143 483250
rl11849_n118480_uncorr_01.ttp: 206547.0 5190360.0 1.8465416E7 927261 1365431.3655144768 6517891.551748328 482794
rl11849_n118480_uncorr_01.ttp: 207911.0 5188996.0 1.845569E7 927980 1365886.135644862 6504186.313107457 480807
rl11849_n118480_uncorr_01.ttp: 0.0 5396907.0 1.8343164E7 928710 1353305.1199037433 6501744.200842246 479484
rl11849_n118480_uncorr_01.ttp: 0.0 5396907.0 1.8404534E7 929336 1356260.4772835898 6537254.82376859 479161
rl11849_n118480_uncorr_01.ttp: 2.0 5396905.0 1.8381038E7 928456 1347695.3062842393 6588704.070012907 481305
rl11849_n118480_uncorr_01.ttp: 200561.0 5196346.0 1.8461644E7 928213 1370654.8121860018 6468414.393372484 482762
rl11849_n118480_uncorr_01.ttp: 208540.0 5188367.0 1.8471935E7 929217 1364547.2819731613 6532146.282734839 483729
rl11849_n118480_uncorr_01.ttp: 2.0 5396905.0 1.8389156E7 927440 1360400.741604442 6485649.510961132 480466
rl11849_n118480_uncorr_01.ttp: 0.0 5396907.0 1.8379365E7 929177 1353705.4223724543 6534442.554241024 483330
Instance :rl11849_n118480_uncorr-similar-weights_01.ttp
RESULTS FOR heuristics : 20
rl11849_n118480_uncorr-similar-weights_01.ttp: 272.0 1.0819118E7 9297582.0 928295 1270768.1703882185 3769740.4588112505 74282
rl11849_n118480_uncorr-similar-weights_01.ttp: 770.0 1.081862E7 9337304.0 928559 1270992.2961928523 3808487.511561093 75046
rl11849_n118480_uncorr-similar-weights_01.ttp: 939.0 1.0818451E7 9306210.0 928394 1266292.5511193145 3797837.402630982 74340
rl11849_n118480_uncorr-similar-weights_01.ttp: 438.0 1.0818952E7 9348718.0 929096 1267917.1032262903 3833278.6009656377 74877
rl11849_n118480_uncorr-similar-weights_01.ttp: 259.0 1.0819131E7 9312846.0 929112 1260850.7342536887 3828145.3059964543 75188
rl11849_n118480_uncorr-similar-weights_01.ttp: 916.0 1.0818474E7 9319045.0 928343 1273353.0982157018 3779959.022761698 74045
rl11849_n118480_uncorr-similar-weights_01.ttp: 872.0 1.0818518E7 9315389.0 927747 1269090.7389640294 3794844.285506473 74422
rl11849_n118480_uncorr-similar-weights_01.ttp: 166.0 1.0819224E7 9332930.0 927720 1272745.424351195 3796487.4040723015 73946
rl11849_n118480_uncorr-similar-weights_01.ttp: 537.0 1.0818853E7 9305205.0 927488 1278933.982113097 3741842.1778080277 73835
rl11849_n118480_uncorr-similar-weights_01.ttp: 526.0 1.0818864E7 9332479.0 927847 1278036.5119877837 3773020.172853141 74113
rl11849_n118480_uncorr-similar-weights_01.ttp: 179.0 1.0819211E7 9325612.0 928902 1276563.2245136327 3772561.973365698 74817
rl11849_n118480_uncorr-similar-weights_01.ttp: 832.0 1.0818558E7 9293604.0 927653 1259321.6783628212 3815554.6991217285 74870
rl11849_n118480_uncorr-similar-weights_01.ttp: 462.0 1.0818928E7 9315281.0 927732 1266717.0759597877 3805061.7195749236 74275
rl11849_n118480_uncorr-similar-weights_01.ttp: 238.0 1.0819152E7 9325748.0 928391 1260927.4287643416 3840713.684875114 73421
rl11849_n118480_uncorr-similar-weights_01.ttp: 554.0 1.0818836E7 9313561.0 927448 1272526.9525587147 3778068.7563695917 73963
rl11849_n118480_uncorr-similar-weights_01.ttp: 391.0 1.0818999E7 9327891.0 929499 1261100.9460425798 3842101.8847147785 74898
rl11849_n118480_uncorr-similar-weights_01.ttp: 190.0 1.08192E7 9284998.0 928531 1267043.1817490766 3773360.1593915178 75140
rl11849_n118480_uncorr-similar-weights_01.ttp: 603.0 1.0818787E7 9314299.0 927893 1264744.4358550191 3812660.7040306674 74523
rl11849_n118480_uncorr-similar-weights_01.ttp: 216.0 1.0819174E7 9293337.0 928017 1264857.0198234736 3791208.96376789 74445
rl11849_n118480_uncorr-similar-weights_01.ttp: 907.0 1.0818483E7 9305387.0 927782 1268187.4648962084 3788771.5277014943 74825
rl11849_n118480_uncorr-similar-weights_01.ttp: 175.0 1.0819215E7 9295948.0 928217 1263591.9434331062 3799323.046065989 73901
rl11849_n118480_uncorr-similar-weights_01.ttp: 609.0 1.0818781E7 9294804.0 929234 1268995.9232805667 3774671.7337295357 74609
rl11849_n118480_uncorr-similar-weights_01.ttp: 939.0 1.0818451E7 9286784.0 928072 1270209.5710390895 3761372.365979961 73947
rl11849_n118480_uncorr-similar-weights_01.ttp: 559.0 1.0818831E7 9325997.0 927163 1268380.0661002721 3808543.7124638166 74025
rl11849_n118480_uncorr-similar-weights_01.ttp: 34.0 1.0819356E7 9292987.0 928471 1273999.9240325424 3751087.330458441 74567
rl11849_n118480_uncorr-similar-weights_01.ttp: 561.0 1.0818829E7 9326516.0 928106 1258072.4620685366 3853900.7900018664 74854
rl11849_n118480_uncorr-similar-weights_01.ttp: 236.0 1.0819154E7 9317763.0 928554 1266587.7405445895 3808106.328631036 73831
rl11849_n118480_uncorr-similar-weights_01.ttp: 338.0 1.0819052E7 9297201.0 928939 1272099.7636513487 3763567.028116634 74851
rl11849_n118480_uncorr-similar-weights_01.ttp: 591.0 1.0818799E7 9302832.0 927490 1275164.2722843555 3755867.4155630544 74265
rl11849_n118480_uncorr-similar-weights_01.ttp: 519.0 1.0818871E7 9304333.0 929185 1274229.7039020322 3761433.7880261606 75589
RESULTS FOR heuristics : 24
rl11849_n118480_uncorr-similar-weights_01.ttp: 593.0 1.0818797E7 9342223.0 927558 1263485.5853676684 3846060.703650643 477576
rl11849_n118480_uncorr-similar-weights_01.ttp: 866.0 1.0818524E7 9342375.0 928971 1266489.9999698107 3833143.500131324 478145
rl11849_n118480_uncorr-similar-weights_01.ttp: 258.0 1.0819132E7 9327586.0 928264 1265015.720755624 3824767.6147130365 479462
rl11849_n118480_uncorr-similar-weights_01.ttp: 305.0 1.0819085E7 9320600.0 927425 1256929.6535369132 3852956.007114428 478551
rl11849_n118480_uncorr-similar-weights_01.ttp: 168.0 1.0819222E7 9332101.0 929089 1257873.227858463 3860352.4588156864 478429
rl11849_n118480_uncorr-similar-weights_01.ttp: 591.0 1.0818799E7 9336682.0 928263 1260514.3149201379 3853444.730097401 478249
rl11849_n118480_uncorr-similar-weights_01.ttp: 631.0 1.0818759E7 9321188.0 929839 1266032.5220376411 3813946.529136262 480737
rl11849_n118480_uncorr-similar-weights_01.ttp: 451.0 1.0818939E7 9299109.0 928057 1261464.5399282966 3811738.2513119103 480388
rl11849_n118480_uncorr-similar-weights_01.ttp: 459.0 1.0818931E7 9332279.0 928325 1263019.434204744 3838144.4612093642 479613
rl11849_n118480_uncorr-similar-weights_01.ttp: 449.0 1.0818941E7 9333952.0 928495 1265879.0873342203 3827377.970096142 478240
rl11849_n118480_uncorr-similar-weights_01.ttp: 299.0 1.0819091E7 9294313.0 929149 1260093.5142701166 3812906.2129249936 478216
rl11849_n118480_uncorr-similar-weights_01.ttp: 504.0 1.0818886E7 9287184.0 929864 1260963.356669617 3801993.3984871674 478853
rl11849_n118480_uncorr-similar-weights_01.ttp: 614.0 1.0818776E7 9324520.0 927224 1267296.2853044956 3811781.158925445 478910
rl11849_n118480_uncorr-similar-weights_01.ttp: 462.0 1.0818928E7 9340912.0 928158 1261073.4222164615 3855242.6133583933 479986
rl11849_n118480_uncorr-similar-weights_01.ttp: 514.0 1.0818876E7 9324042.0 928147 1257519.8442985192 3853830.6773014423 478175
rl11849_n118480_uncorr-similar-weights_01.ttp: 858.0 1.0818532E7 9285310.0 928526 1260891.1343458153 3800433.565595704 481283
rl11849_n118480_uncorr-similar-weights_01.ttp: 387.0 1.0819003E7 9318385.0 927561 1263428.3413720399 3822471.7150316266 480108
rl11849_n118480_uncorr-similar-weights_01.ttp: 537.0 1.0818853E7 9307560.0 927474 1267848.575563259 3792418.696299824 477390
rl11849_n118480_uncorr-similar-weights_01.ttp: 802.0 1.0818588E7 9325165.0 928684 1257612.1007186177 3854552.361874013 479822
rl11849_n118480_uncorr-similar-weights_01.ttp: 695.0 1.0818695E7 9335849.0 927481 1259482.3348509662 3857100.843398297 480305
rl11849_n118480_uncorr-similar-weights_01.ttp: 82.0 1.0819308E7 9344008.0 928216 1261403.8391202302 3856901.299826999 477637
rl11849_n118480_uncorr-similar-weights_01.ttp: 279.0 1.0819111E7 9311825.0 927426 1262351.2510263668 3820597.058035305 480740
rl11849_n118480_uncorr-similar-weights_01.ttp: 296.0 1.0819094E7 9343489.0 928675 1261104.1908898058 3857685.7696293453 478908
rl11849_n118480_uncorr-similar-weights_01.ttp: 193.0 1.0819197E7 9324797.0 928367 1263673.6910796384 3827816.443803573 480111
rl11849_n118480_uncorr-similar-weights_01.ttp: 314.0 1.0819076E7 9310396.0 928378 1253300.7140445001 3858537.8939064248 477729
rl11849_n118480_uncorr-similar-weights_01.ttp: 780.0 1.081861E7 9310632.0 928040 1260195.1373853819 3828783.1523735896 479069
rl11849_n118480_uncorr-similar-weights_01.ttp: 428.0 1.0818962E7 9327779.0 927471 1265888.3580877492 3821164.6423182916 476910
rl11849_n118480_uncorr-similar-weights_01.ttp: 78.0 1.0819312E7 9318328.0 928293 1257439.9429392002 3848464.2482144795 476739
rl11849_n118480_uncorr-similar-weights_01.ttp: 591.0 1.0818799E7 9345301.0 928203 1262341.0803360043 3854117.3005383816 479951
rl11849_n118480_uncorr-similar-weights_01.ttp: 754.0 1.0818636E7 9303550.0 927247 1264937.9471866959 3801069.9297378734 479532
Instance :rl11849_n118480_bounded-strongly-corr_01.ttp
RESULTS FOR heuristics : 20
rl11849_n118480_bounded-strongly-corr_01.ttp: 17.0 1.0201357E7 1.5508557E7 928601 1194319.3349564008 6849741.821566094 74381
rl11849_n118480_bounded-strongly-corr_01.ttp: 47.0 1.0201327E7 1.5517827E7 927860 1184483.5412333908 6930321.3260579165 74031
rl11849_n118480_bounded-strongly-corr_01.ttp: 30.0 1.0201344E7 1.5544544E7 928308 1184976.7354776778 6953462.667786837 74977
rl11849_n118480_bounded-strongly-corr_01.ttp: 4.0 1.020137E7 1.554217E7 929420 1188829.7927399788 6923154.002635155 75177
rl11849_n118480_bounded-strongly-corr_01.ttp: 85.0 1.0201289E7 1.5490189E7 928225 1178432.5130327358 6946553.280512666 74532
rl11849_n118480_bounded-strongly-corr_01.ttp: 4.0 1.020137E7 1.551907E7 928448 1197373.4486354908 6838112.497392692 75068
rl11849_n118480_bounded-strongly-corr_01.ttp: 3.0 1.0201371E7 1.5501471E7 927954 1187512.5517585753 6892004.999750329 75021
rl11849_n118480_bounded-strongly-corr_01.ttp: 20.0 1.0201354E7 1.5521954E7 929018 1186537.38883983 6919557.930911234 74332
rl11849_n118480_bounded-strongly-corr_01.ttp: 8.0 1.0201366E7 1.5552066E7 929378 1187195.4115986275 6944899.265909951 74807
rl11849_n118480_bounded-strongly-corr_01.ttp: 51.0 1.0201323E7 1.5542223E7 927913 1189581.4260511776 6917757.661128962 74848
rl11849_n118480_bounded-strongly-corr_01.ttp: 15.0 1.0201359E7 1.5526359E7 928504 1182325.955576497 6954495.822070397 74622
rl11849_n118480_bounded-strongly-corr_01.ttp: 27.0 1.0201347E7 1.5477447E7 928027 1183670.606337085 6895835.104056135 74092
rl11849_n118480_bounded-strongly-corr_01.ttp: 10.0 1.0201364E7 1.5528064E7 928232 1188578.3763362789 6910870.771561978 74194
rl11849_n118480_bounded-strongly-corr_01.ttp: 41.0 1.0201333E7 1.5508333E7 927328 1177067.0212962574 6974597.095602134 74033
rl11849_n118480_bounded-strongly-corr_01.ttp: 32.0 1.0201342E7 1.5550842E7 927645 1185237.721910214 6957868.516150948 74163
rl11849_n118480_bounded-strongly-corr_01.ttp: 36.0 1.0201338E7 1.5500238E7 928592 1184728.689809201 6910954.998883292 74614
rl11849_n118480_bounded-strongly-corr_01.ttp: 50.0 1.0201324E7 1.5532624E7 928543 1189976.159250655 6905296.845432751 75257
rl11849_n118480_bounded-strongly-corr_01.ttp: 41.0 1.0201333E7 1.5512033E7 929399 1184111.8059286429 6927222.407017339 74753
rl11849_n118480_bounded-strongly-corr_01.ttp: 0.0 1.0201374E7 1.5561874E7 927366 1187592.3934477582 6951829.147503754 75008
rl11849_n118480_bounded-strongly-corr_01.ttp: 51.0 1.0201323E7 1.5523023E7 928708 1184987.0692454567 6931866.7479704395 74442
rl11849_n118480_bounded-strongly-corr_01.ttp: 17.0 1.0201357E7 1.5527657E7 928221 1183532.3530181542 6947047.440618383 74663
rl11849_n118480_bounded-strongly-corr_01.ttp: 79.0 1.0201295E7 1.5534295E7 928710 1183977.1554862163 6950460.622724932 75138
rl11849_n118480_bounded-strongly-corr_01.ttp: 19.0 1.0201355E7 1.5526355E7 928303 1182674.311013619 6951966.245151263 74873
rl11849_n118480_bounded-strongly-corr_01.ttp: 86.0 1.0201288E7 1.5502888E7 928640 1186871.771165682 6898067.659048805 74959
rl11849_n118480_bounded-strongly-corr_01.ttp: 5.0 1.0201369E7 1.5542069E7 929034 1186523.0471908518 6939776.907866325 74651
rl11849_n118480_bounded-strongly-corr_01.ttp: 3.0 1.0201371E7 1.5528171E7 928034 1180958.5778956856 6966221.31025628 74339
rl11849_n118480_bounded-strongly-corr_01.ttp: 6.0 1.0201368E7 1.5520868E7 928425 1187062.0121422096 6914668.41196898 74784
rl11849_n118480_bounded-strongly-corr_01.ttp: 47.0 1.0201327E7 1.5515727E7 929314 1183702.857912076 6933881.2801374495 74346
rl11849_n118480_bounded-strongly-corr_01.ttp: 28.0 1.0201346E7 1.5512346E7 929183 1186423.9714838963 6910772.206741752 75128
rl11849_n118480_bounded-strongly-corr_01.ttp: 16.0 1.0201358E7 1.5534958E7 928220 1189512.8622818617 6910989.748456502 74103
RESULTS FOR heuristics : 24
rl11849_n118480_bounded-strongly-corr_01.ttp: 13.0 1.0201361E7 1.5496861E7 927415 1174929.3698631302 6978623.068492306 480881
rl11849_n118480_bounded-strongly-corr_01.ttp: 7.0 1.0201367E7 1.5531267E7 928212 1177269.941609829 6996059.9233287405 479104
rl11849_n118480_bounded-strongly-corr_01.ttp: 1.0 1.0201373E7 1.5532773E7 928507 1180835.8608726773 6971713.0086730905 480054
rl11849_n118480_bounded-strongly-corr_01.ttp: 0.0 1.0201374E7 1.5485074E7 927847 1177803.5862633577 6945997.999590658 481316
rl11849_n118480_bounded-strongly-corr_01.ttp: 7.0 1.0201367E7 1.5548767E7 927820 1186060.9825466254 6949824.876536965 484212
rl11849_n118480_bounded-strongly-corr_01.ttp: 4.0 1.020137E7 1.554867E7 928778 1188787.4910364775 6929960.689985538 478907
rl11849_n118480_bounded-strongly-corr_01.ttp: 41.0 1.0201333E7 1.5528433E7 929285 1178616.1595847793 6983465.843010351 480019
rl11849_n118480_bounded-strongly-corr_01.ttp: 45.0 1.0201329E7 1.5492029E7 927857 1181162.5900110225 6928600.222420087 477683
rl11849_n118480_bounded-strongly-corr_01.ttp: 40.0 1.0201334E7 1.5537834E7 928176 1183161.6765541844 6959911.844982162 480070
rl11849_n118480_bounded-strongly-corr_01.ttp: 56.0 1.0201318E7 1.5494218E7 928208 1179887.2739911713 6940035.263564009 481060
rl11849_n118480_bounded-strongly-corr_01.ttp: 29.0 1.0201345E7 1.5490945E7 928217 1177518.850239619 6953933.335762763 477437
rl11849_n118480_bounded-strongly-corr_01.ttp: 29.0 1.0201345E7 1.5523145E7 928329 1181127.0217066598 6959974.092626717 483788
rl11849_n118480_bounded-strongly-corr_01.ttp: 40.0 1.0201334E7 1.5542134E7 927557 1181432.6786360703 6976747.079888489 480061
rl11849_n118480_bounded-strongly-corr_01.ttp: 15.0 1.0201359E7 1.5529259E7 928650 1178736.044900674 6983422.674470114 481426
rl11849_n118480_bounded-strongly-corr_01.ttp: 23.0 1.0201351E7 1.5553851E7 928465 1184484.773766237 6966336.390194781 478408
rl11849_n118480_bounded-strongly-corr_01.ttp: 4.0 1.020137E7 1.550757E7 929112 1177246.6975970736 6972531.4424212165 480411
rl11849_n118480_bounded-strongly-corr_01.ttp: 119.0 1.0201255E7 1.5520655E7 928684 1175767.8278111091 6996338.248369459 477682
rl11849_n118480_bounded-strongly-corr_01.ttp: 26.0 1.0201348E7 1.5500348E7 929320 1177674.5748062416 6962207.332654748 480854
rl11849_n118480_bounded-strongly-corr_01.ttp: 102.0 1.0201272E7 1.5524972E7 928472 1180719.9732536343 6964752.193911152 481368
rl11849_n118480_bounded-strongly-corr_01.ttp: 66.0 1.0201308E7 1.5522808E7 927697 1182074.2604849853 6952769.611483857 479522
rl11849_n118480_bounded-strongly-corr_01.ttp: 6.0 1.0201368E7 1.5514368E7 928235 1178103.2919556804 6973119.133321317 478410
rl11849_n118480_bounded-strongly-corr_01.ttp: 50.0 1.0201324E7 1.5553224E7 927953 1184480.0674137399 6965743.511250386 478976
rl11849_n118480_bounded-strongly-corr_01.ttp: 6.0 1.0201368E7 1.5514268E7 927957 1175548.0287011461 6991544.791916691 478738
rl11849_n118480_bounded-strongly-corr_01.ttp: 6.0 1.0201368E7 1.5522568E7 928532 1179117.85465286 6973963.553766765 480161
rl11849_n118480_bounded-strongly-corr_01.ttp: 53.0 1.0201321E7 1.5529921E7 929160 1182961.5005381866 6953450.121098148 478821
rl11849_n118480_bounded-strongly-corr_01.ttp: 64.0 1.020131E7 1.553351E7 928684 1180850.730350822 6972342.204956541 479539
rl11849_n118480_bounded-strongly-corr_01.ttp: 34.0 1.020134E7 1.550874E7 928218 1177946.1001351164 6968630.7740204055 482390
rl11849_n118480_bounded-strongly-corr_01.ttp: 47.0 1.0201327E7 1.5526627E7 927177 1179518.3798027243 6975118.746430248 479135
rl11849_n118480_bounded-strongly-corr_01.ttp: 67.0 1.0201307E7 1.5532407E7 927444 1182185.7530109822 6961560.29067038 479925
rl11849_n118480_bounded-strongly-corr_01.ttp: 38.0 1.0201336E7 1.5515136E7 928615 1174117.0189181052 7002787.612843737 480294
