enter,number,of,instance,to,run
Enter,TTP,instance,file:
Instance,:pcb3038_n9111_uncorr-similar-weights_01.ttp
RESULTS,FOR,heuristics,:,20
pcb3038_n9111_uncorr-similar-weights_01.ttp:,329.0,831665.0,718067.0,140240,193001.30160044826,312764.26663905865,59616
pcb3038_n9111_uncorr-similar-weights_01.ttp:,324.0,831670.0,715007.0,140123,193131.87706624097,309430.05816089397,58064
pcb3038_n9111_uncorr-similar-weights_01.ttp:,241.0,831753.0,716075.0,140064,190485.87588810734,316054.66063497454,54676
pcb3038_n9111_uncorr-similar-weights_01.ttp:,244.0,831750.0,719977.0,140340,190957.0404275771,318967.21510208806,62258
pcb3038_n9111_uncorr-similar-weights_01.ttp:,204.0,831790.0,720092.0,140146,189897.0381016456,321308.2199865442,59591
pcb3038_n9111_uncorr-similar-weights_01.ttp:,380.0,831614.0,711686.0,140230,192922.29852890607,306549.17308929726,59684
pcb3038_n9111_uncorr-similar-weights_01.ttp:,367.0,831627.0,718226.0,140224,191131.866219243,316849.08093958965,58120
pcb3038_n9111_uncorr-similar-weights_01.ttp:,327.0,831667.0,714968.0,140292,194175.00976370458,307200.47949622036,60502
pcb3038_n9111_uncorr-similar-weights_01.ttp:,254.0,831740.0,714352.0,140151,191950.54002294745,311255.8659518103,58096
pcb3038_n9111_uncorr-similar-weights_01.ttp:,374.0,831620.0,716324.0,140034,193719.5309420235,309512.9850217506,59697
pcb3038_n9111_uncorr-similar-weights_01.ttp:,244.0,831750.0,718303.0,140089,190664.05337006084,317908.48792287224,61067
pcb3038_n9111_uncorr-similar-weights_01.ttp:,197.0,831797.0,717796.0,140248,191952.40949697685,314695.9400563486,60885
pcb3038_n9111_uncorr-similar-weights_01.ttp:,401.0,831593.0,714206.0,140077,193644.70185211574,307552.12611055694,59339
pcb3038_n9111_uncorr-similar-weights_01.ttp:,442.0,831552.0,716202.0,140300,194023.4576731558,308752.7388863728,63731
pcb3038_n9111_uncorr-similar-weights_01.ttp:,325.0,831669.0,720060.0,140327,193043.59238440174,314668.45599275635,54970
pcb3038_n9111_uncorr-similar-weights_01.ttp:,266.0,831728.0,720891.0,140241,191094.17559992347,319593.2312401607,59827
pcb3038_n9111_uncorr-similar-weights_01.ttp:,298.0,831696.0,718314.0,140302,191674.21800274285,315798.14219424,64763
pcb3038_n9111_uncorr-similar-weights_01.ttp:,308.0,831686.0,716050.0,140302,192777.03553492777,311218.2253766517,60505
pcb3038_n9111_uncorr-similar-weights_01.ttp:,415.0,831579.0,716460.0,140194,194427.6459254165,308161.94355662534,63491
pcb3038_n9111_uncorr-similar-weights_01.ttp:,303.0,831691.0,720278.0,140108,189929.22602977484,321426.6253374728,60081
pcb3038_n9111_uncorr-similar-weights_01.ttp:,380.0,831614.0,715847.0,140174,193005.855115568,310534.70425730717,60510
pcb3038_n9111_uncorr-similar-weights_01.ttp:,288.0,831706.0,717799.0,140127,190573.41754395285,317594.823157699,55197
pcb3038_n9111_uncorr-similar-weights_01.ttp:,266.0,831728.0,719363.0,140168,189950.99288101037,320465.9149498782,63697
pcb3038_n9111_uncorr-similar-weights_01.ttp:,341.0,831653.0,721149.0,139960,192270.62084227157,317380.6962312297,59421
pcb3038_n9111_uncorr-similar-weights_01.ttp:,249.0,831745.0,716024.0,140232,189717.50994762432,317617.2291099889,61301
pcb3038_n9111_uncorr-similar-weights_01.ttp:,371.0,831623.0,715758.0,140345,192616.87921045313,311262.5536580484,57597
pcb3038_n9111_uncorr-similar-weights_01.ttp:,196.0,831798.0,719856.0,140114,190542.79727788083,319716.1257164502,58020
pcb3038_n9111_uncorr-similar-weights_01.ttp:,353.0,831641.0,714423.0,140198,194384.02898515548,306216.53913117346,58481
pcb3038_n9111_uncorr-similar-weights_01.ttp:,431.0,831563.0,715604.0,140073,193455.27874314593,309347.9146393935,60486
pcb3038_n9111_uncorr-similar-weights_01.ttp:,344.0,831650.0,715411.0,140120,193839.30430607536,308348.4609572417,59697
RESULTS,FOR,heuristics,:,24
pcb3038_n9111_uncorr-similar-weights_01.ttp:,198.0,831796.0,720087.0,140411,190443.99192746638,320154.61695232056,542110
pcb3038_n9111_uncorr-similar-weights_01.ttp:,313.0,831681.0,720312.0,140180,191227.1513611997,318734.9821414806,554225
pcb3038_n9111_uncorr-similar-weights_01.ttp:,247.0,831747.0,720145.0,140384,190248.4452228251,320623.26503206725,550062
pcb3038_n9111_uncorr-similar-weights_01.ttp:,202.0,831792.0,718830.0,140294,190965.56069652768,317802.32253729185,536821
pcb3038_n9111_uncorr-similar-weights_01.ttp:,199.0,831795.0,721098.0,140218,190410.36912416038,321236.2248392632,538714
pcb3038_n9111_uncorr-similar-weights_01.ttp:,252.0,831742.0,721794.0,140292,190939.74989687162,320820.5252165696,541091
pcb3038_n9111_uncorr-similar-weights_01.ttp:,308.0,831686.0,719167.0,140261,190735.39726302068,318622.66574765655,504611
pcb3038_n9111_uncorr-similar-weights_01.ttp:,197.0,831797.0,717380.0,140221,189946.39937233075,318492.56131810544,549073
pcb3038_n9111_uncorr-similar-weights_01.ttp:,283.0,831711.0,718917.0,140241,190392.9582937522,319091.7875831204,538656
pcb3038_n9111_uncorr-similar-weights_01.ttp:,256.0,831738.0,718648.0,140195,188312.1507155872,323192.4834972669,551358
pcb3038_n9111_uncorr-similar-weights_01.ttp:,325.0,831669.0,720666.0,140245,190535.96055401003,320540.4828365789,553467
pcb3038_n9111_uncorr-similar-weights_01.ttp:,262.0,831732.0,719763.0,140119,190254.7640042136,320227.99559115147,500009
pcb3038_n9111_uncorr-similar-weights_01.ttp:,283.0,831711.0,718710.0,140239,189736.60506037055,320263.12937322183,546373
pcb3038_n9111_uncorr-similar-weights_01.ttp:,249.0,831745.0,721327.0,140096,189999.08839475372,322328.9143710172,535111
pcb3038_n9111_uncorr-similar-weights_01.ttp:,291.0,831703.0,721030.0,140097,189770.64746272194,322511.6403282839,541228
pcb3038_n9111_uncorr-similar-weights_01.ttp:,288.0,831706.0,720585.0,140198,189590.83042229566,322444.2561131791,543676
pcb3038_n9111_uncorr-similar-weights_01.ttp:,227.0,831767.0,719615.0,140193,190223.11997292828,320146.4480568506,548939
pcb3038_n9111_uncorr-similar-weights_01.ttp:,213.0,831781.0,720470.0,140116,189915.0565667435,321648.3812098386,545134
pcb3038_n9111_uncorr-similar-weights_01.ttp:,225.0,831769.0,720266.0,140133,189816.71486954618,321650.898773953,546130
pcb3038_n9111_uncorr-similar-weights_01.ttp:,188.0,831806.0,719969.0,140266,190029.2067358184,320907.66585478134,546148
pcb3038_n9111_uncorr-similar-weights_01.ttp:,279.0,831715.0,719993.0,140362,189414.87345149985,322221.7657518503,542476
pcb3038_n9111_uncorr-similar-weights_01.ttp:,278.0,831716.0,721937.0,140235,192117.04584803,318491.203719137,545614
pcb3038_n9111_uncorr-similar-weights_01.ttp:,340.0,831654.0,718447.0,139959,189095.08024027332,321347.331495426,506840
pcb3038_n9111_uncorr-similar-weights_01.ttp:,257.0,831737.0,721128.0,140258,190445.14830438775,321193.1885607857,534965
pcb3038_n9111_uncorr-similar-weights_01.ttp:,297.0,831697.0,719151.0,140134,189088.28299963113,322065.6057007746,546776
pcb3038_n9111_uncorr-similar-weights_01.ttp:,345.0,831649.0,719641.0,140115,189697.76591199005,321275.69158482086,546449
pcb3038_n9111_uncorr-similar-weights_01.ttp:,289.0,831705.0,719575.0,140247,189759.8300370711,321079.35692215065,502678
pcb3038_n9111_uncorr-similar-weights_01.ttp:,235.0,831759.0,719687.0,140133,190826.94647453097,318950.412403485,535642
pcb3038_n9111_uncorr-similar-weights_01.ttp:,352.0,831642.0,720306.0,140229,189370.6326467069,322627.6714419155,500877
pcb3038_n9111_uncorr-similar-weights_01.ttp:,