Enter TTP instance file:
RESULTS FOR heuristics : 20
pla33810_n338090_uncorr_01.ttp: 872969.0 1.4523035E7 5.2178273E7 66311624 9.913483383542638E7 1.9463777834309295E7 60904
pla33810_n338090_uncorr_01.ttp: 1151949.0 1.4244055E7 5.1673804E7 66327667 9.72464053505499E7 1.958249023431853E7 58951
pla33810_n338090_uncorr_01.ttp: 1181831.0 1.4214173E7 5.155028E7 66221368 9.961783832499087E7 1.8676393352753013E7 57520
pla33810_n338090_uncorr_01.ttp: 1177844.0 1.421816E7 5.1561182E7 66315414 9.868132187298512E7 1.899634578191491E7 59829
pla33810_n338090_uncorr_01.ttp: 1445366.0 1.3950638E7 5.0541252E7 66299975 9.685336697278857E7 1.857964089897977E7 59303
pla33810_n338090_uncorr_01.ttp: 869662.0 1.4526342E7 5.2158341E7 66330848 9.880464009832563E7 1.9552809767552543E7 60996
pla33810_n338090_uncorr_01.ttp: 870321.0 1.4525683E7 5.2202235E7 66224859 9.840533025863285E7 1.9728476014651157E7 59261
pla33810_n338090_uncorr_01.ttp: 1197574.0 1.419843E7 5.1666495E7 66288203 9.821087409079748E7 1.925690655003683E7 58602
pla33810_n338090_uncorr_01.ttp: 983545.0 1.4412459E7 5.1994469E7 66252147 9.804884042437664E7 1.963835165995571E7 58440
pla33810_n338090_uncorr_01.ttp: 868785.0 1.4527219E7 5.2203441E7 66365570 9.833055929711026E7 1.9754356431953613E7 60893
pla33810_n338090_uncorr_01.ttp: 1119574.0 1.427643E7 5.1752932E7 66380029 9.683478541728272E7 1.9797452812296703E7 61404
pla33810_n338090_uncorr_01.ttp: 873635.0 1.4522369E7 5.2186412E7 66215853 9.762900740166903E7 1.996883955744922E7 60631
pla33810_n338090_uncorr_01.ttp: 982474.0 1.441353E7 5.1988721E7 66255919 9.82619262258918E7 1.9562285345455706E7 58466
pla33810_n338090_uncorr_01.ttp: 1100463.0 1.4295541E7 5.1805671E7 66273139 9.707892822175755E7 1.9769624686820008E7 58629
pla33810_n338090_uncorr_01.ttp: 1169459.0 1.4226545E7 5.1606543E7 66237176 9.948348407590705E7 1.8776993254950672E7 57900
pla33810_n338090_uncorr_01.ttp: 1187716.0 1.4208288E7 5.1712638E7 66348714 9.756679891055346E7 1.951559435951736E7 60337
pla33810_n338090_uncorr_01.ttp: 1153540.0 1.4242464E7 5.1578852E7 66326442 9.824004158301736E7 1.9159638277604267E7 59339
pla33810_n338090_uncorr_01.ttp: 987255.0 1.4408749E7 5.2001042E7 66362151 9.813980359132704E7 1.9614906814862076E7 59639
pla33810_n338090_uncorr_01.ttp: 1193575.0 1.4202429E7 5.1604226E7 66372129 9.920475159723428E7 1.8866657972912688E7 60005
pla33810_n338090_uncorr_01.ttp: 1155170.0 1.4240834E7 5.1592047E7 66203102 9.892380870521191E7 1.8947190127280068E7 57609
pla33810_n338090_uncorr_01.ttp: 1178797.0 1.4217207E7 5.1689484E7 66389833 9.742087916795544E7 1.9540593874574702E7 60037
pla33810_n338090_uncorr_01.ttp: 1163264.0 1.423274E7 5.1586552E7 66332088 9.842556527766432E7 1.9106115458370775E7 57380
pla33810_n338090_uncorr_01.ttp: 877003.0 1.4519001E7 5.2173593E7 66317757 9.795072507172234E7 1.9849853726331625E7 58662
pla33810_n338090_uncorr_01.ttp: 1160476.0 1.4235528E7 5.1615482E7 66372699 9.898405698169956E7 1.8950743196039144E7 59949
pla33810_n338090_uncorr_01.ttp: 1203337.0 1.4192667E7 5.1587906E7 66272710 9.916682684762588E7 1.8862853140283458E7 59721
pla33810_n338090_uncorr_01.ttp: 1149074.0 1.424693E7 5.1601552E7 66352823 9.856746047515425E7 1.9074290043199096E7 58912
pla33810_n338090_uncorr_01.ttp: 988783.0 1.4407221E7 5.197895E7 66304272 9.787123692196827E7 1.9681441815750472E7 59783
pla33810_n338090_uncorr_01.ttp: 1180745.0 1.4215259E7 5.1612238E7 66314837 9.974398400408676E7 1.8696723278651368E7 60537
pla33810_n338090_uncorr_01.ttp: 1050546.0 1.4345458E7 5.1818641E7 66360659 9.811001686698425E7 1.9442335433895197E7 59705
pla33810_n338090_uncorr_01.ttp: 1177961.0 1.4218043E7 5.1633658E7 66342623 9.945514494571862E7 1.8813460167912856E7 63071
RESULTS FOR heuristics : 21
pla33810_n338090_uncorr_01.ttp: 812058.0 1.4583946E7 5.1865093E7 66335992 9.78575073169608E7 1.9572115585402936E7 599996
pla33810_n338090_uncorr_01.ttp: 909979.0 1.4486025E7 5.1814564E7 66240035 9.599584152779034E7 2.0135936295829188E7 600000
pla33810_n338090_uncorr_01.ttp: 1095968.0 1.4300036E7 5.1571884E7 66372560 9.698217456380661E7 1.9567766393943816E7 599994
pla33810_n338090_uncorr_01.ttp: 1100577.0 1.4295427E7 5.1570854E7 66299218 9.657282877416167E7 1.970182050452665E7 600001
pla33810_n338090_uncorr_01.ttp: 1281934.0 1.411407E7 5.1257671E7 66272362 9.809700778523776E7 1.888565843087154E7 599994
pla33810_n338090_uncorr_01.ttp: 1486627.0 1.3909377E7 5.1091383E7 66403802 9.731837306076701E7 1.8976319889946885E7 599998
pla33810_n338090_uncorr_01.ttp: 1177806.0 1.4218198E7 5.1560901E7 66376226 9.761379956990953E7 1.9348347141929854E7 599999
pla33810_n338090_uncorr_01.ttp: 822239.0 1.4573765E7 5.2119693E7 66378285 9.764639655649333E7 1.98963821363572E7 599995
pla33810_n338090_uncorr_01.ttp: 1319212.0 1.4076792E7 5.1233826E7 66290692 9.753531221867986E7 1.9047172967835646E7 599998
pla33810_n338090_uncorr_01.ttp: 865819.0 1.4530185E7 5.1841374E7 66218342 9.73796949022066E7 1.970607468227182E7 599996
pla33810_n338090_uncorr_01.ttp: 1456408.0 1.3939596E7 5.1201994E7 66391751 9.794660416771401E7 1.8879614624654375E7 599999
pla33810_n338090_uncorr_01.ttp: 1059368.0 1.4336636E7 5.1488873E7 66231989 9.754824044595526E7 1.9297953652834762E7 599996
pla33810_n338090_uncorr_01.ttp: 1043013.0 1.4352991E7 5.1313194E7 66226117 9.798571686321093E7 1.897790743514039E7 599995
pla33810_n338090_uncorr_01.ttp: 1452850.0 1.3943154E7 5.1216643E7 66329654 9.739883774899183E7 1.9075026542832695E7 600009
pla33810_n338090_uncorr_01.ttp: 728832.0 1.4667172E7 5.210233E7 66339829 9.794802610066777E7 1.9779481386779632E7 599994
pla33810_n338090_uncorr_01.ttp: 1058412.0 1.4337592E7 5.1622458E7 66279738 9.701005502954574E7 1.9609139840249904E7 599996
pla33810_n338090_uncorr_01.ttp: 1125050.0 1.4270954E7 5.1354814E7 66322177 9.761539795404305E7 1.9141732675165795E7 600000
pla33810_n338090_uncorr_01.ttp: 816438.0 1.4579566E7 5.1828595E7 66200055 9.757017652870522E7 1.9630436745527275E7 599999
pla33810_n338090_uncorr_01.ttp: 1267691.0 1.4128313E7 5.1500176E7 66344163 9.65886015032695E7 1.9625937503921065E7 599997
pla33810_n338090_uncorr_01.ttp: 1379146.0 1.4016858E7 5.1102469E7 66287860 9.749404124645717E7 1.892943538866913E7 599999
pla33810_n338090_uncorr_01.ttp: 798092.0 1.4597912E7 5.2380929E7 66326633 9.76733995575673E7 2.014870714600279E7 599998
pla33810_n338090_uncorr_01.ttp: 888449.0 1.4507555E7 5.1934702E7 66292771 9.723326146936838E7 1.9847725715108432E7 599999
pla33810_n338090_uncorr_01.ttp: 747413.0 1.4648591E7 5.2442293E7 66327592 9.719062334741619E7 2.0369387295352656E7 600001
pla33810_n338090_uncorr_01.ttp: 1143648.0 1.4252356E7 5.1598385E7 66263100 9.726113228651413E7 1.9502211345450334E7 599999
pla33810_n338090_uncorr_01.ttp: 1345768.0 1.4050236E7 5.1183932E7 66309162 9.747197096547921E7 1.901818158139186E7 599998
pla33810_n338090_uncorr_01.ttp: 776895.0 1.4619109E7 5.2071597E7 66300813 9.724575841801937E7 1.9980496722053606E7 599994
pla33810_n338090_uncorr_01.ttp: 1710303.0 1.3685701E7 5.1035934E7 66433233 9.840466750570086E7 1.8562393723118715E7 599998
pla33810_n338090_uncorr_01.ttp: 1469981.0 1.3926023E7 5.1142612E7 66267398 9.795672857305036E7 1.8816891570893377E7 600003
pla33810_n338090_uncorr_01.ttp: 983841.0 1.4412163E7 5.1691693E7 66340998 9.756020902729906E7 1.9496824020991307E7 600000
pla33810_n338090_uncorr_01.ttp: 1012295.0 1.4383709E7 5.1767109E7 66291512 9.661581370474996E7 1.988389047743251E7 600001
RESULTS FOR heuristics : 22
pla33810_n338090_uncorr_01.ttp: 1231694.0 1.416431E7 5.1516158E7 66312280 9.796307314076196E7 1.9188343863548554E7 599915
pla33810_n338090_uncorr_01.ttp: 1200216.0 1.4195788E7 5.1518645E7 66236840 9.822473068215647E7 1.910448387488836E7 599814
pla33810_n338090_uncorr_01.ttp: 1542294.0 1.385371E7 5.0525425E7 66283748 9.670657882073799E7 1.8612253989156462E7 599885
pla33810_n338090_uncorr_01.ttp: 1205225.0 1.4190779E7 5.1453767E7 66295551 9.845567787688816E7 1.8963393300626907E7 599879
pla33810_n338090_uncorr_01.ttp: 909422.0 1.4486582E7 5.2110952E7 66317323 9.826838998099451E7 1.968238330627181E7 599939
pla33810_n338090_uncorr_01.ttp: 990214.0 1.440579E7 5.1942805E7 66261601 9.782635326757143E7 1.9660108421701424E7 599833
pla33810_n338090_uncorr_01.ttp: 1340956.0 1.4055048E7 5.1404565E7 66324020 9.89979104095857E7 1.873525456483672E7 599872
pla33810_n338090_uncorr_01.ttp: 1215876.0 1.4180128E7 5.1602887E7 66322224 9.739149976855615E7 1.9463692076376468E7 599848
pla33810_n338090_uncorr_01.ttp: 1144907.0 1.4251097E7 5.167325E7 66357580 9.808494807847793E7 1.930521713410228E7 599950
pla33810_n338090_uncorr_01.ttp: 830055.0 1.4565949E7 5.2215265E7 66343201 9.754727452627462E7 2.0024664406329375E7 599909
pla33810_n338090_uncorr_01.ttp: 1211981.0 1.4184023E7 5.150134E7 66373920 9.829532544588022E7 1.9063882602859527E7 599940
pla33810_n338090_uncorr_01.ttp: 1164468.0 1.4231536E7 5.1654353E7 66325952 9.727041328524362E7 1.9555116615869604E7 599870
pla33810_n338090_uncorr_01.ttp: 883668.0 1.4512336E7 5.2113814E7 66293132 9.766702389397258E7 1.988369611498905E7 599853
pla33810_n338090_uncorr_01.ttp: 1182206.0 1.4213798E7 5.1620777E7 66360456 9.730364949109194E7 1.951057266793966E7 599853
pla33810_n338090_uncorr_01.ttp: 1142355.0 1.4253649E7 5.1566048E7 66278453 9.817509880617133E7 1.916826539396346E7 599969
pla33810_n338090_uncorr_01.ttp: 1276323.0 1.4119681E7 5.1387869E7 66274789 9.871359797372985E7 1.881238166866915E7 599919
pla33810_n338090_uncorr_01.ttp: 1089159.0 1.4306845E7 5.1641286E7 66286302 9.872845076087978E7 1.906089724890967E7 599806
pla33810_n338090_uncorr_01.ttp: 1245521.0 1.4150483E7 5.1432016E7 66333532 9.900761789891535E7 1.875950209335793E7 599936
pla33810_n338090_uncorr_01.ttp: 1217015.0 1.4178989E7 5.1555298E7 66334031 9.752036758514674E7 1.9373576696901575E7 599967
pla33810_n338090_uncorr_01.ttp: 1256828.0 1.4139176E7 5.1350672E7 66266846 9.956413066040543E7 1.849450888206621E7 599959
pla33810_n338090_uncorr_01.ttp: 1554376.0 1.3841628E7 5.0548207E7 66418749 9.697637287804729E7 1.8546003950244393E7 599840
pla33810_n338090_uncorr_01.ttp: 1244577.0 1.4151427E7 5.1432672E7 66324522 9.853527503878604E7 1.8916031237200607E7 599941
pla33810_n338090_uncorr_01.ttp: 1173591.0 1.4222413E7 5.1656247E7 66363372 9.727164080743016E7 1.9556605533548046E7 599903
pla33810_n338090_uncorr_01.ttp: 1171719.0 1.4224285E7 5.1647698E7 66316206 9.70587556256181E7 1.9618308643546026E7 599852
pla33810_n338090_uncorr_01.ttp: 901912.0 1.4494092E7 5.2158586E7 66346483 9.72434828227588E7 2.0068236668489598E7 599822
pla33810_n338090_uncorr_01.ttp: 1052934.0 1.434307E7 5.1751718E7 66311922 9.800750337856047E7 1.9409241885075044E7 599856
pla33810_n338090_uncorr_01.ttp: 1110251.0 1.4285753E7 5.1786957E7 66279667 9.672795301844734E7 1.9866732503912378E7 599815
pla33810_n338090_uncorr_01.ttp: 1249481.0 1.4146523E7 5.1386953E7 66199144 9.86528755254386E7 1.8831504076605257E7 599880
pla33810_n338090_uncorr_01.ttp: 1075402.0 1.4320602E7 5.183773E7 66269016 9.71639766995996E7 1.977361768913213E7 599914
pla33810_n338090_uncorr_01.ttp: 1220711.0 1.4175293E7 5.1485712E7 66374304 9.842434428094853E7 1.9005678387286983E7 599965
RESULTS FOR heuristics : 23
pla33810_n338090_uncorr_01.ttp: 1043001.0 1.4353003E7 5.1870454E7 66327146 9.80096712636767E7 1.9527262482986685E7 600331
pla33810_n338090_uncorr_01.ttp: 1156447.0 1.4239557E7 5.1567587E7 66234245 9.854912137438995E7 1.9046376946451318E7 600626
pla33810_n338090_uncorr_01.ttp: 881183.0 1.4514821E7 5.225508E7 66275529 9.777100485931428E7 1.9990648396426287E7 600078
pla33810_n338090_uncorr_01.ttp: 1092469.0 1.4303535E7 5.1826837E7 66363345 9.723250690089461E7 1.9740109722704776E7 600146
pla33810_n338090_uncorr_01.ttp: 1315514.0 1.408049E7 5.168927E7 66385380 1.0034049339307085E8 1.857690718028662E7 600571
pla33810_n338090_uncorr_01.ttp: 1183481.0 1.4212523E7 5.158974E7 66341122 9.915646562113889E7 1.8868106345024165E7 599869
pla33810_n338090_uncorr_01.ttp: 1181088.0 1.4214916E7 5.1572008E7 66331192 9.924753552935757E7 1.8820321275312003E7 600276
pla33810_n338090_uncorr_01.ttp: 1198713.0 1.4197291E7 5.1584655E7 66251363 9.915140422280394E7 1.88646916064747E7 600206
pla33810_n338090_uncorr_01.ttp: 1185392.0 1.4210612E7 5.1563488E7 66228179 9.952484033421685E7 1.8720290689708438E7 600264
pla33810_n338090_uncorr_01.ttp: 889769.0 1.4506235E7 5.2170576E7 66261781 9.747781772590187E7 2.000289615045238E7 599952
pla33810_n338090_uncorr_01.ttp: 1134268.0 1.4261736E7 5.1763763E7 66298121 9.742250200115427E7 1.961433733961909E7 599803
pla33810_n338090_uncorr_01.ttp: 1083810.0 1.4312194E7 5.1882968E7 66274671 9.66783836216502E7 1.997910140485543E7 599904
pla33810_n338090_uncorr_01.ttp: 1212303.0 1.4183701E7 5.1636547E7 66337418 9.947004147072832E7 1.881143331465965E7 599860
pla33810_n338090_uncorr_01.ttp: 1180873.0 1.4215131E7 5.1670206E7 66314936 9.726872799738283E7 1.957152576086366E7 599803
pla33810_n338090_uncorr_01.ttp: 1620530.0 1.3775474E7 5.0574432E7 66318386 9.761344599281393E7 1.83619948223714E7 599820
pla33810_n338090_uncorr_01.ttp: 1037076.0 1.4358928E7 5.1851693E7 66322602 9.759373799146065E7 1.964575946281798E7 600276
pla33810_n338090_uncorr_01.ttp: 1180700.0 1.4215304E7 5.1682919E7 66238754 9.753702325173101E7 1.9495701326928765E7 599804
pla33810_n338090_uncorr_01.ttp: 1145553.0 1.4250451E7 5.1783863E7 66247813 9.723752402786125E7 1.9695480070805784E7 600079
pla33810_n338090_uncorr_01.ttp: 1062890.0 1.4333114E7 5.1842694E7 66318846 9.777558262639675E7 1.9576751733289074E7 600056
pla33810_n338090_uncorr_01.ttp: 1199343.0 1.4196661E7 5.1710747E7 66340642 9.752240760546921E7 1.952835249019516E7 600667
pla33810_n338090_uncorr_01.ttp: 1187247.0 1.4208757E7 5.1649435E7 66347947 9.768550653453453E7 1.9413217843603604E7 600738
pla33810_n338090_uncorr_01.ttp: 876965.0 1.4519039E7 5.2174052E7 66253710 9.763216442674442E7 1.995543773917434E7 599840
pla33810_n338090_uncorr_01.ttp: 1179686.0 1.4216318E7 5.1660786E7 66249246 9.706770747623712E7 1.962844253284175E7 599797
pla33810_n338090_uncorr_01.ttp: 866894.0 1.452911E7 5.2183152E7 66327578 9.840246864382412E7 1.971033734753804E7 600243
pla33810_n338090_uncorr_01.ttp: 874873.0 1.4521131E7 5.2193039E7 66272283 9.790875225230266E7 1.988315075674012E7 600023
pla33810_n338090_uncorr_01.ttp: 1199018.0 1.4196986E7 5.157251E7 66358041 9.894752974746305E7 1.8919825183337193E7 599969
pla33810_n338090_uncorr_01.ttp: 1154309.0 1.4241695E7 5.1576734E7 66269559 1.0022020413696685E8 1.8504066634800937E7 600348
pla33810_n338090_uncorr_01.ttp: 881337.0 1.4514667E7 5.2160273E7 66287834 9.885040959783305E7 1.953963783271509E7 599849
pla33810_n338090_uncorr_01.ttp: 1184389.0 1.4211615E7 5.1659699E7 66319015 9.796449123498017E7 1.9331416892456543E7 600716
pla33810_n338090_uncorr_01.ttp: 1189776.0 1.4206228E7 5.1592667E7 66289247 9.836441669189098E7 1.9132409491675973E7 599965
RESULTS FOR heuristics : 24
pla33810_n338090_uncorr_01.ttp: 891726.0 1.4504278E7 5.2188369E7 66220319 9.781056182094629E7 1.9910883599087723E7 557003
pla33810_n338090_uncorr_01.ttp: 882350.0 1.4513654E7 5.222623E7 66404039 9.767451136358935E7 1.9993641250015516E7 560599
pla33810_n338090_uncorr_01.ttp: 898702.0 1.4497302E7 5.220619E7 66292587 9.788749682202786E7 1.9903316048730806E7 561955
pla33810_n338090_uncorr_01.ttp: 869278.0 1.4526726E7 5.2182031E7 66308418 9.766045362392287E7 1.9954081304105453E7 555787
pla33810_n338090_uncorr_01.ttp: 893233.0 1.4502771E7 5.2191802E7 66202349 9.754766930054598E7 2.0001071130819827E7 557147
pla33810_n338090_uncorr_01.ttp: 876340.0 1.4519664E7 5.2178406E7 66246956 9.740339216372176E7 2.003528658597182E7 530872
pla33810_n338090_uncorr_01.ttp: 873687.0 1.4522317E7 5.218569E7 66339510 9.75113474750217E7 2.0006945333242837E7 554998
pla33810_n338090_uncorr_01.ttp: 868934.0 1.452707E7 5.2179454E7 66238366 9.750912554359789E7 2.0001442570612695E7 553223
pla33810_n338090_uncorr_01.ttp: 589998.0 1.4806006E7 5.2736283E7 66219683 9.840527928488792E7 2.0262540835986983E7 561126
pla33810_n338090_uncorr_01.ttp: 884725.0 1.4511279E7 5.2188299E7 66311363 9.756809010754265E7 1.9990829264510926E7 563229
pla33810_n338090_uncorr_01.ttp: 893874.0 1.450213E7 5.2198115E7 66264375 9.713681383121036E7 2.014296643570058E7 557002
pla33810_n338090_uncorr_01.ttp: 898367.0 1.4497637E7 5.2203291E7 66334538 9.758693695441106E7 1.999960180504435E7 559027
pla33810_n338090_uncorr_01.ttp: 594091.0 1.4801913E7 5.2713936E7 66348350 9.880631477210535E7 2.0107852125205234E7 560993
pla33810_n338090_uncorr_01.ttp: 585469.0 1.4810535E7 5.2734626E7 66277624 9.893149398008174E7 2.0087232986573026E7 558657
pla33810_n338090_uncorr_01.ttp: 875839.0 1.4520165E7 5.2139227E7 66363671 9.798143302379562E7 1.9805354102147445E7 556254
pla33810_n338090_uncorr_01.ttp: 883335.0 1.4512669E7 5.2174537E7 66348779 9.73153695623119E7 2.006046504443707E7 561370
pla33810_n338090_uncorr_01.ttp: 999087.0 1.4396917E7 5.1980978E7 66294685 9.753514475865717E7 1.9794380229643133E7 556388
pla33810_n338090_uncorr_01.ttp: 864354.0 1.453165E7 5.2198773E7 66347098 9.687217242074421E7 2.023095610115441E7 560498
pla33810_n338090_uncorr_01.ttp: 871293.0 1.4524711E7 5.2190816E7 66351362 9.763550028820208E7 1.9971100904893313E7 548779
pla33810_n338090_uncorr_01.ttp: 1124753.0 1.4271251E7 5.1750546E7 66299146 9.689266991032535E7 1.977596492959263E7 562349
pla33810_n338090_uncorr_01.ttp: 593968.0 1.4802036E7 5.2758338E7 66278068 9.854006072221382E7 2.0240117961669438E7 553126
pla33810_n338090_uncorr_01.ttp: 587369.0 1.4808635E7 5.2784462E7 66320555 9.891326222883818E7 2.01430854644834E7 552856
pla33810_n338090_uncorr_01.ttp: 813492.0 1.4582512E7 5.1964354E7 66367214 9.666427057479444E7 2.006514471031783E7 553395
pla33810_n338090_uncorr_01.ttp: 0.0 1.5396004E7 5.258605E7 66353908 9.818119595123298E7 2.0186255336093113E7 560271
pla33810_n338090_uncorr_01.ttp: 878162.0 1.4517842E7 5.2161815E7 66284495 9.721546869243653E7 2.0080710331495944E7 558732
pla33810_n338090_uncorr_01.ttp: 873500.0 1.4522504E7 5.2204846E7 66379223 9.802292625702247E7 1.9857280335182585E7 529894
pla33810_n338090_uncorr_01.ttp: 597192.0 1.4798812E7 5.2755102E7 66325783 9.825283015789227E7 2.0331668047895547E7 559014
pla33810_n338090_uncorr_01.ttp: 885563.0 1.4510441E7 5.2261187E7 66334360 9.76903805749254E7 2.0023361410274617E7 555582
pla33810_n338090_uncorr_01.ttp: 590571.0 1.4805433E7 5.2732784E7 66373166 9.832554312852256E7 2.0285354767587554E7 556980
pla33810_n338090_uncorr_01.ttp: 880957.0 1.4515047E7 5.219077E7 66308147 9.7740439033281E7 1.993642511901727E7 530944
RESULTS FOR heuristics : 25
pla33810_n338090_uncorr_01.ttp: 1243685.0 1.4152319E7 5.1505195E7 66326518 9.740554364861745E7 1.936136559595624E7 599994
pla33810_n338090_uncorr_01.ttp: 1261079.0 1.4134925E7 5.128349E7 66331440 9.728959027106187E7 1.917792521054958E7 599998
pla33810_n338090_uncorr_01.ttp: 933583.0 1.4462421E7 5.148709E7 66245760 9.821895004033218E7 1.907483648669038E7 600000
pla33810_n338090_uncorr_01.ttp: 1521482.0 1.3874522E7 5.104744E7 66365466 9.783347055072106E7 1.8762394718262047E7 599996
pla33810_n338090_uncorr_01.ttp: 1558444.0 1.383756E7 5.0789782E7 66292545 9.851725102743356E7 1.8279089160946924E7 599999
pla33810_n338090_uncorr_01.ttp: 1157430.0 1.4238574E7 5.1585509E7 66362048 9.659017467246495E7 1.9710751358086564E7 599994
pla33810_n338090_uncorr_01.ttp: 1098262.0 1.4297742E7 5.1593582E7 66255366 9.686363834616981E7 1.962858134576396E7 599993
pla33810_n338090_uncorr_01.ttp: 1171623.0 1.4224381E7 5.1550709E7 66296979 9.671547224273778E7 1.963460315989653E7 599998
pla33810_n338090_uncorr_01.ttp: 1073865.0 1.4322139E7 5.1653682E7 66327258 9.70231987697347E7 1.963602640598755E7 599999
pla33810_n338090_uncorr_01.ttp: 1279327.0 1.4116677E7 5.1245295E7 66296911 9.767351912196612E7 1.9013033689751178E7 599994
pla33810_n338090_uncorr_01.ttp: 884092.0 1.4511912E7 5.1968316E7 66341636 9.671618806894584E7 2.0051973937247872E7 599994
pla33810_n338090_uncorr_01.ttp: 1226489.0 1.4169515E7 5.1226312E7 66264826 9.764711452756591E7 1.9002764205903247E7 599995
pla33810_n338090_uncorr_01.ttp: 1298068.0 1.4097936E7 5.1478099E7 66382064 9.687532243115944E7 1.9509242597717386E7 599997
pla33810_n338090_uncorr_01.ttp: 789555.0 1.4606449E7 5.1855048E7 66293473 9.794075686756413E7 1.9534598233703837E7 599998
pla33810_n338090_uncorr_01.ttp: 882563.0 1.4513441E7 5.1846616E7 66354106 9.8035799026167E7 1.9494802321364887E7 599994
pla33810_n338090_uncorr_01.ttp: 1516678.0 1.3879326E7 5.1037327E7 66302326 9.763644302143654E7 1.881730080292594E7 599998
pla33810_n338090_uncorr_01.ttp: 1351398.0 1.4044606E7 5.1103139E7 66254428 9.849452425585216E7 1.8599945995568786E7 599997
pla33810_n338090_uncorr_01.ttp: 997702.0 1.4398302E7 5.1759808E7 66276164 9.6527099572458E7 1.990586514108886E7 599995
pla33810_n338090_uncorr_01.ttp: 814971.0 1.4581033E7 5.200504E7 66331895 9.827923188556275E7 1.9572893477764294E7 599998
pla33810_n338090_uncorr_01.ttp: 1236370.0 1.4159634E7 5.1316044E7 66250042 9.726823738177525E7 1.9217525664014168E7 599997
pla33810_n338090_uncorr_01.ttp: 826699.0 1.4569305E7 5.1799631E7 66343631 9.789161857245094E7 1.949539687109119E7 599997
pla33810_n338090_uncorr_01.ttp: 1094621.0 1.4301383E7 5.1707686E7 66277492 9.651492721598642E7 1.9857760018724483E7 599997
pla33810_n338090_uncorr_01.ttp: 987468.0 1.4408536E7 5.1717253E7 66244090 9.660650659437537E7 1.9837105823856127E7 599999
pla33810_n338090_uncorr_01.ttp: 778480.0 1.4617524E7 5.2109178E7 66288012 9.725514643649836E7 2.001497967595554E7 599994
pla33810_n338090_uncorr_01.ttp: 806603.0 1.4589401E7 5.1851606E7 66299749 9.791632639754945E7 1.953921828880868E7 599993
pla33810_n338090_uncorr_01.ttp: 998017.0 1.4397987E7 5.1692047E7 66354306 9.793769578173137E7 1.937260739202865E7 599996
pla33810_n338090_uncorr_01.ttp: 998293.0 1.4397711E7 5.1752749E7 66217502 9.688473694718598E7 1.9780785807428624E7 599997
pla33810_n338090_uncorr_01.ttp: 840971.0 1.4555033E7 5.1977853E7 66344173 9.813996332909998E7 1.9591665101397004E7 599997
pla33810_n338090_uncorr_01.ttp: 1225076.0 1.4170928E7 5.1472743E7 66339156 9.692877919292116E7 1.9486245866336014E7 599998
pla33810_n338090_uncorr_01.ttp: 1313002.0 1.4083002E7 5.1467659E7 66410328 9.709194285623445E7 1.9427317857442632E7 599996
RESULTS FOR heuristics : 26
pla33810_n338090_uncorr_01.ttp: 1203955.0 1.4192049E7 5.1307136E7 66222667 9.710610045862845E7 1.9262122848652612E7 599994
pla33810_n338090_uncorr_01.ttp: 1275506.0 1.4120498E7 5.1276847E7 66374967 9.719161888075528E7 1.9203612769350756E7 599994
pla33810_n338090_uncorr_01.ttp: 1079715.0 1.4316289E7 5.1650821E7 66311016 9.751076390864122E7 1.9472268910148397E7 599999
pla33810_n338090_uncorr_01.ttp: 1523357.0 1.3872647E7 5.03197E7 66381176 9.60568745106487E7 1.862093141148593E7 599997
pla33810_n338090_uncorr_01.ttp: 1144618.0 1.4251386E7 5.1591842E7 66236447 9.658074178884791E7 1.972019720968019E7 599998
pla33810_n338090_uncorr_01.ttp: 1300651.0 1.4095353E7 5.1142157E7 66248754 9.77109767484832E7 1.8897534673000544E7 599997
pla33810_n338090_uncorr_01.ttp: 963434.0 1.443257E7 5.167995E7 66349288 9.677414826681696E7 1.9744481071950402E7 599995
pla33810_n338090_uncorr_01.ttp: 747424.0 1.464858E7 5.2054394E7 66338243 9.769307893328564E7 1.981567795201574E7 599996
pla33810_n338090_uncorr_01.ttp: 900607.0 1.4495397E7 5.1720035E7 66346778 9.787981454458536E7 1.9419696200286828E7 599996
pla33810_n338090_uncorr_01.ttp: 1155704.0 1.42403E7 5.1306016E7 66360445 9.779146301431839E7 1.903483320527493E7 600000
pla33810_n338090_uncorr_01.ttp: 1057429.0 1.4338575E7 5.1411145E7 66335752 9.796671399447994E7 1.9082129381821617E7 599995
pla33810_n338090_uncorr_01.ttp: 1307861.0 1.4088143E7 5.1483802E7 66278870 9.659337478426753E7 1.9607988321191713E7 599994
pla33810_n338090_uncorr_01.ttp: 1275426.0 1.4120578E7 5.1276964E7 66262907 9.761693968214802E7 1.9063373904891152E7 599995
pla33810_n338090_uncorr_01.ttp: 996486.0 1.4399518E7 5.1730828E7 66326936 9.683201035010836E7 1.977626458446424E7 599997
pla33810_n338090_uncorr_01.ttp: 1386135.0 1.4009869E7 5.1082513E7 66292223 9.752230049735552E7 1.8900153835872676E7 599996
pla33810_n338090_uncorr_01.ttp: 1247815.0 1.4148189E7 5.1283814E7 66278583 9.754724200662753E7 1.9093224137812912E7 599999
pla33810_n338090_uncorr_01.ttp: 1477839.0 1.3918165E7 5.1042705E7 66274279 9.78148568124752E7 1.8763802251883183E7 599998
pla33810_n338090_uncorr_01.ttp: 1030165.0 1.4365839E7 5.1471096E7 66351970 9.785321558575013E7 1.9179534856702454E7 599996
pla33810_n338090_uncorr_01.ttp: 1294821.0 1.4101183E7 5.1268621E7 66282351 9.741798248619679E7 1.912068677955506E7 599997
pla33810_n338090_uncorr_01.ttp: 666698.0 1.4729306E7 5.2176837E7 66226885 9.738045824988565E7 2.0041285777537733E7 599997
pla33810_n338090_uncorr_01.ttp: 991391.0 1.4404613E7 5.1721206E7 66263217 9.70656827189414E7 1.9689530702749334E7 599999
pla33810_n338090_uncorr_01.ttp: 1239038.0 1.4156966E7 5.1394897E7 66364806 9.779759928925662E7 1.9121689234545317E7 599996
pla33810_n338090_uncorr_01.ttp: 844983.0 1.4551021E7 5.1882612E7 66252079 9.737167701918122E7 1.9749958583670195E7 599996
pla33810_n338090_uncorr_01.ttp: 920672.0 1.4475332E7 5.1557237E7 66337070 9.773044284383741E7 1.9306190861533653E7 599994
pla33810_n338090_uncorr_01.ttp: 1052544.0 1.434346E7 5.1602321E7 66305608 9.774656911340117E7 1.934595319257761E7 599995
pla33810_n338090_uncorr_01.ttp: 1422743.0 1.3973261E7 5.1019984E7 66238011 9.809198975568078E7 1.864962738062534E7 599996
pla33810_n338090_uncorr_01.ttp: 1464407.0 1.3931597E7 5.0349985E7 66313908 9.593603619135985E7 1.869109305685125E7 599996
pla33810_n338090_uncorr_01.ttp: 1051794.0 1.434421E7 5.167212E7 66346069 9.681716136912596E7 1.9722456748188432E7 599999
pla33810_n338090_uncorr_01.ttp: 889707.0 1.4506297E7 5.1854372E7 66300571 9.733396710695778E7 1.9734162854703933E7 599998
pla33810_n338090_uncorr_01.ttp: 1520406.0 1.3875598E7 5.0920447E7 66342409 9.858466901500821E7 1.838750622504729E7 599994
RESULTS FOR heuristics : 27
pla33810_n338090_uncorr_01.ttp: 1373555.0 1.4022449E7 5.1068833E7 66283400 9.780296613646178E7 1.8793854174967613E7 599994
pla33810_n338090_uncorr_01.ttp: 768613.0 1.4627391E7 5.215542E7 66390386 9.773472645768721E7 1.9902960268963218E7 599997
pla33810_n338090_uncorr_01.ttp: 796127.0 1.4599877E7 5.2029951E7 66246522 9.761712253283577E7 1.9816300564164195E7 599997
pla33810_n338090_uncorr_01.ttp: 1079641.0 1.4316363E7 5.1368374E7 66269315 9.779846033857025E7 1.9094882088271815E7 599997
pla33810_n338090_uncorr_01.ttp: 980906.0 1.4415098E7 5.1719924E7 66358317 9.756833285112226E7 1.9522374159129653E7 599994
pla33810_n338090_uncorr_01.ttp: 1094947.0 1.4301057E7 5.1625476E7 66281086 9.637090726391272E7 1.98230766029088E7 599995
pla33810_n338090_uncorr_01.ttp: 1008939.0 1.4387065E7 5.1674208E7 66351159 9.726360155100651E7 1.957721948816785E7 599995
pla33810_n338090_uncorr_01.ttp: 1267083.0 1.4128921E7 5.128433E7 66283091 9.754154669494216E7 1.9095619590669084E7 599993
pla33810_n338090_uncorr_01.ttp: 992706.0 1.4403298E7 5.1769887E7 66214752 9.660406292037493E7 1.9890546236276273E7 599995
pla33810_n338090_uncorr_01.ttp: 1280309.0 1.4115695E7 5.1270706E7 66254938 9.71407606630666E7 1.921425498118802E7 599993
pla33810_n338090_uncorr_01.ttp: 1093665.0 1.4302339E7 5.1418788E7 66290715 9.735650651698692E7 1.9291140849394314E7 599998
pla33810_n338090_uncorr_01.ttp: 697064.0 1.469894E7 5.2205946E7 66416094 9.740748687217331E7 2.0061475332182806E7 599996
pla33810_n338090_uncorr_01.ttp: 1135638.0 1.4260366E7 5.1360812E7 66266171 9.738732601452121E7 1.9222994415207997E7 599998
pla33810_n338090_uncorr_01.ttp: 820249.0 1.4575755E7 5.1814217E7 66237252 9.762347560019931E7 1.9598470051934227E7 599993
pla33810_n338090_uncorr_01.ttp: 1094269.0 1.4301735E7 5.1356081E7 66232070 9.747530893589213E7 1.9189229051155593E7 599999
pla33810_n338090_uncorr_01.ttp: 841997.0 1.4554007E7 5.1855126E7 66336912 9.796270392895666E7 1.9527433703444302E7 599997
pla33810_n338090_uncorr_01.ttp: 1071122.0 1.4324882E7 5.1624332E7 66267928 9.685534716805844E7 1.9662067434540715E7 599998
pla33810_n338090_uncorr_01.ttp: 808633.0 1.4587371E7 5.2045553E7 66281445 9.67432169661975E7 2.012029140115482E7 599994
pla33810_n338090_uncorr_01.ttp: 1191635.0 1.4204369E7 5.1561524E7 66338330 9.651787777047579E7 1.9710624335742988E7 599996
pla33810_n338090_uncorr_01.ttp: 850787.0 1.4545217E7 5.2028636E7 66239396 9.716148033183414E7 1.996534749049473E7 599994
pla33810_n338090_uncorr_01.ttp: 817027.0 1.4578977E7 5.2125738E7 66330512 9.677591307223032E7 2.018968668616399E7 599998
pla33810_n338090_uncorr_01.ttp: 1101875.0 1.4294129E7 5.1496449E7 66375746 9.669165783924165E7 1.9588201913050253E7 599999
pla33810_n338090_uncorr_01.ttp: 1201088.0 1.4194916E7 5.1552452E7 66325565 9.757643079095383E7 1.9352229838985234E7 599996
pla33810_n338090_uncorr_01.ttp: 787579.0 1.4608425E7 5.2039465E7 66282401 9.727363363416037E7 1.993916590072708E7 599997
pla33810_n338090_uncorr_01.ttp: 1277512.0 1.4118492E7 5.1473767E7 66333296 9.693403026683368E7 1.9485537011944886E7 599994
pla33810_n338090_uncorr_01.ttp: 1419786.0 1.3976218E7 5.1298959E7 66375551 9.790865583445637E7 1.8989102574629396E7 599998
pla33810_n338090_uncorr_01.ttp: 1196939.0 1.4199065E7 5.1545413E7 66334529 9.76733573267859E7 1.9313205082160648E7 599994
pla33810_n338090_uncorr_01.ttp: 1256207.0 1.4139797E7 5.1247487E7 66376102 9.7541452382276E7 1.905880771384892E7 599998
pla33810_n338090_uncorr_01.ttp: 1189649.0 1.4206355E7 5.1356458E7 66230159 9.736443982403137E7 1.9226192858069647E7 599994
pla33810_n338090_uncorr_01.ttp: 734888.0 1.4661116E7 5.2113539E7 66343405 9.781840045223331E7 1.9833466850763004E7 599997
RESULTS FOR heuristics : 28
pla33810_n338090_uncorr_01.ttp: 1129850.0 1.4266154E7 5.1608061E7 66295278 9.702435696391924E7 1.959002320190665E7 599999
pla33810_n338090_uncorr_01.ttp: 1009212.0 1.4386792E7 5.1732061E7 66265678 9.669113596648741E7 1.9823986131059155E7 599995
pla33810_n338090_uncorr_01.ttp: 1017413.0 1.4378591E7 5.1711077E7 66250878 9.696649077437921E7 1.971213504445486E7 599997
pla33810_n338090_uncorr_01.ttp: 923467.0 1.4472537E7 5.1955864E7 66288109 9.732615730250211E7 1.9838232090174302E7 599995
pla33810_n338090_uncorr_01.ttp: 982468.0 1.4413536E7 5.1804412E7 66311343 9.673264141186516E7 1.9882640334084496E7 599998
pla33810_n338090_uncorr_01.ttp: 1090887.0 1.4305117E7 5.1628914E7 66308979 9.653772641837631E7 1.9771464281935815E7 600000
pla33810_n338090_uncorr_01.ttp: 888809.0 1.4507195E7 5.1984001E7 66223996 9.705497249690957E7 1.995586007601984E7 599998
pla33810_n338090_uncorr_01.ttp: 888109.0 1.4507895E7 5.1964447E7 66256350 9.705194974083199E7 1.9937303585525442E7 599994
pla33810_n338090_uncorr_01.ttp: 1221254.0 1.417475E7 5.133227E7 66399690 9.758662375764322E7 1.9128684159977734E7 599997
pla33810_n338090_uncorr_01.ttp: 1304627.0 1.4091377E7 5.1320768E7 66293044 9.72408864816265E7 1.9231275461063255E7 599998
pla33810_n338090_uncorr_01.ttp: 1109800.0 1.4286204E7 5.1393714E7 66308429 9.742911703903736E7 1.9242105377117667E7 599999
pla33810_n338090_uncorr_01.ttp: 980338.0 1.4415666E7 5.143958E7 66393504 9.847106430884598E7 1.8944128778080825E7 599996
pla33810_n338090_uncorr_01.ttp: 1061017.0 1.4334987E7 5.1573705E7 66285467 9.634549189842728E7 1.9779692673518997E7 599995
pla33810_n338090_uncorr_01.ttp: 920247.0 1.4475757E7 5.1968086E7 66246099 9.720463114306553E7 1.9890557722788375E7 599998
pla33810_n338090_uncorr_01.ttp: 803914.0 1.459209E7 5.2098373E7 66346290 9.806596437193793E7 1.9736604757260483E7 599993
pla33810_n338090_uncorr_01.ttp: 1269587.0 1.4126417E7 5.1246683E7 66237165 9.755879668205167E7 1.9052280094922945E7 599995
pla33810_n338090_uncorr_01.ttp: 830372.0 1.4565632E7 5.179933E7 66300909 9.777666674217857E7 1.9533029975081068E7 599999
pla33810_n338090_uncorr_01.ttp: 771022.0 1.4624982E7 5.2083312E7 66275140 9.779868279424244E7 1.9809746677899994E7 599994
pla33810_n338090_uncorr_01.ttp: 761984.0 1.463402E7 5.2151125E7 66373397 9.748838316828403E7 1.997995855446627E7 599995
pla33810_n338090_uncorr_01.ttp: 708613.0 1.4687391E7 5.2134725E7 66228316 9.796141900866915E7 1.980745672713918E7 599994
pla33810_n338090_uncorr_01.ttp: 822212.0 1.4573792E7 5.1803674E7 66260449 9.800413306920905E7 1.9462310087161012E7 599994
pla33810_n338090_uncorr_01.ttp: 990974.0 1.440503E7 5.1696778E7 66266401 9.676143166277672E7 1.976550555128368E7 599996
pla33810_n338090_uncorr_01.ttp: 1637003.0 1.3759001E7 5.1090695E7 66462651 9.794220568221863E7 1.8769767124867853E7 599997
pla33810_n338090_uncorr_01.ttp: 1204407.0 1.4191597E7 5.1313778E7 66268266 9.706102173056114E7 1.9283640828914825E7 599994
pla33810_n338090_uncorr_01.ttp: 1159861.0 1.4236143E7 5.1561629E7 66394626 9.672067841547415E7 1.964380512289353E7 599996
pla33810_n338090_uncorr_01.ttp: 729391.0 1.4666613E7 5.215813E7 66312783 9.73535583789717E7 2.003145573493934E7 599999
pla33810_n338090_uncorr_01.ttp: 928852.0 1.4467152E7 5.2000539E7 66284822 9.713147595078847E7 1.9947151936239805E7 599994
pla33810_n338090_uncorr_01.ttp: 1257854.0 1.413815E7 5.1306866E7 66317751 9.721464936984314E7 1.922603170795176E7 599997
pla33810_n338090_uncorr_01.ttp: 886828.0 1.4509176E7 5.1700849E7 66341105 9.78607589882962E7 1.9406798533862256E7 599998
pla33810_n338090_uncorr_01.ttp: 766965.0 1.4629039E7 5.2055276E7 66284324 9.69434053327396E7 2.006395224019593E7 599996
RESULTS FOR heuristics : 29
pla33810_n338090_uncorr_01.ttp: 882847.0 1.4513157E7 5.22704E7 66311942 9.704337570661432E7 2.0246086016817275E7 599997
pla33810_n338090_uncorr_01.ttp: 1348963.0 1.4047041E7 5.1110262E7 66292177 9.741171417489527E7 1.896439632228456E7 599994
pla33810_n338090_uncorr_01.ttp: 782230.0 1.4613774E7 5.2120232E7 66284726 9.692367317995642E7 2.013541985061438E7 599997
pla33810_n338090_uncorr_01.ttp: 1407106.0 1.3988898E7 5.1038348E7 66360297 9.769588830193289E7 1.8798704860362146E7 599997
pla33810_n338090_uncorr_01.ttp: 851350.0 1.4544654E7 5.1784805E7 66319309 9.787225816737333E7 1.94869598047668E7 599993
pla33810_n338090_uncorr_01.ttp: 761708.0 1.4634296E7 5.2084341E7 66285989 9.801305262890558E7 1.9740033632461157E7 599994
pla33810_n338090_uncorr_01.ttp: 1343125.0 1.4052879E7 5.1127057E7 66337046 9.751156968048102E7 1.8948239005441263E7 599997
pla33810_n338090_uncorr_01.ttp: 1371504.0 1.40245E7 5.1087026E7 66306699 9.757345341925582E7 1.8887786371645577E7 599996
pla33810_n338090_uncorr_01.ttp: 880790.0 1.4515214E7 5.1722397E7 66325269 9.780017596385278E7 1.9448338931928582E7 599993
pla33810_n338090_uncorr_01.ttp: 1251552.0 1.4144452E7 5.148751E7 66344712 9.682869770205833E7 1.953403975832075E7 599995
pla33810_n338090_uncorr_01.ttp: 1561582.0 1.3834422E7 5.0290773E7 66302720 9.60183501092228E7 1.8604717463956475E7 599998
pla33810_n338090_uncorr_01.ttp: 1063252.0 1.4332752E7 5.1493349E7 66271676 9.75131272014403E7 1.9314017023524698E7 599993
pla33810_n338090_uncorr_01.ttp: 1477372.0 1.3918632E7 5.0250871E7 66340343 9.595060003084025E7 1.8587172989822716E7 599995
pla33810_n338090_uncorr_01.ttp: 1106074.0 1.428993E7 5.158192E7 66308903 9.690467985713409E7 1.960337564714575E7 599996
pla33810_n338090_uncorr_01.ttp: 1156295.0 1.4239709E7 5.1382476E7 66246769 9.772565348398492E7 1.9133010350284975E7 599999
pla33810_n338090_uncorr_01.ttp: 1598707.0 1.3797297E7 5.034158E7 66282694 9.608605776603436E7 1.863318093720866E7 599997
pla33810_n338090_uncorr_01.ttp: 833976.0 1.4562028E7 5.2048567E7 66320607 9.704191902613872E7 2.002473372137422E7 599998
pla33810_n338090_uncorr_01.ttp: 1721644.0 1.367436E7 5.0190778E7 66299973 9.764620496027671E7 1.7967530363108683E7 599997
pla33810_n338090_uncorr_01.ttp: 1196122.0 1.4199882E7 5.128364E7 66390117 9.738852169277781E7 1.914542784138332E7 599994
pla33810_n338090_uncorr_01.ttp: 735774.0 1.466023E7 5.2099393E7 66318140 9.814077135341163E7 1.9712938453374162E7 599994
pla33810_n338090_uncorr_01.ttp: 1430594.0 1.396541E7 5.1089968E7 66259701 9.747741547691034E7 1.8922420892619587E7 599994
pla33810_n338090_uncorr_01.ttp: 1560570.0 1.3835434E7 5.1122007E7 66307011 9.739133691107891E7 1.8982865819343958E7 599993
pla33810_n338090_uncorr_01.ttp: 907242.0 1.4488762E7 5.156426E7 66310997 9.761980402419962E7 1.9349724672014125E7 599998
pla33810_n338090_uncorr_01.ttp: 1000784.0 1.439522E7 5.1691848E7 66227742 9.69429985411522E7 1.9700658481419776E7 599997
pla33810_n338090_uncorr_01.ttp: 982055.0 1.4413949E7 5.1731569E7 66293799 9.704153868222187E7 1.970786123486678E7 599994
pla33810_n338090_uncorr_01.ttp: 783821.0 1.4612183E7 5.2032531E7 66323159 9.79445394755504E7 1.9710832973068368E7 599993
pla33810_n338090_uncorr_01.ttp: 1078666.0 1.4317338E7 5.1630903E7 66348699 9.64809055572935E7 1.979220416609314E7 599994
pla33810_n338090_uncorr_01.ttp: 1497379.0 1.3898625E7 5.105003E7 66356304 9.768430893190806E7 1.881420805247034E7 599996
pla33810_n338090_uncorr_01.ttp: 724640.0 1.4671364E7 5.2110516E7 66311262 9.775719790290573E7 1.9850640692041107E7 599998
pla33810_n338090_uncorr_01.ttp: 998631.0 1.4397373E7 5.1748509E7 66268881 9.676404054600687E7 1.981637561981773E7 599994
RESULTS FOR heuristics : 30
pla33810_n338090_uncorr_01.ttp: 768830.0 1.4627174E7 5.2029308E7 66319621 9.724066251340483E7 1.9939889370576404E7 599994
pla33810_n338090_uncorr_01.ttp: 793321.0 1.4602683E7 5.2060809E7 66254391 9.750439473966642E7 1.988435873591008E7 599994
pla33810_n338090_uncorr_01.ttp: 1430495.0 1.3965509E7 5.1156351E7 66323902 9.798444778450255E7 1.8821483231114157E7 599995
pla33810_n338090_uncorr_01.ttp: 1008534.0 1.438747E7 5.1727815E7 66355131 9.676728877154288E7 1.979460970539085E7 599994
pla33810_n338090_uncorr_01.ttp: 996948.0 1.4399056E7 5.158364E7 66275455 9.798930373646057E7 1.924716976696801E7 599993
pla33810_n338090_uncorr_01.ttp: 742919.0 1.4653085E7 5.2096892E7 66316690 9.806916485500611E7 1.973406759784798E7 599993
pla33810_n338090_uncorr_01.ttp: 1491216.0 1.3904788E7 5.1090042E7 66336007 9.788704536205505E7 1.8787317030521832E7 599998
pla33810_n338090_uncorr_01.ttp: 1405554.0 1.399045E7 5.1098461E7 66247116 9.766031490370283E7 1.8870557081778064E7 599997
pla33810_n338090_uncorr_01.ttp: 1170349.0 1.4225655E7 5.1610213E7 66372731 9.654177161432676E7 1.975142836727217E7 599995
pla33810_n338090_uncorr_01.ttp: 1410275.0 1.3985729E7 5.1040387E7 66268998 9.762498248406193E7 1.8824142780259565E7 599994
pla33810_n338090_uncorr_01.ttp: 1322723.0 1.4073281E7 5.1214136E7 66296407 9.785706623359929E7 1.892130414291223E7 599995
pla33810_n338090_uncorr_01.ttp: 1179968.0 1.4216036E7 5.1284766E7 66341479 9.784271803724097E7 1.899666904771048E7 599998
pla33810_n338090_uncorr_01.ttp: 1422955.0 1.3973049E7 5.1063969E7 66356506 9.754256211993301E7 1.8874923500422105E7 599994
pla33810_n338090_uncorr_01.ttp: 994733.0 1.4401271E7 5.1728899E7 66287016 9.724031879544076E7 1.9639593797504548E7 599995
pla33810_n338090_uncorr_01.ttp: 1323717.0 1.4072287E7 5.1194346E7 66244764 9.802956418330966E7 1.884458981950781E7 599998
pla33810_n338090_uncorr_01.ttp: 1347186.0 1.4048818E7 5.0270318E7 66323917 9.647130486221918E7 1.843478739546767E7 599997
pla33810_n338090_uncorr_01.ttp: 1502726.0 1.3893278E7 5.1083851E7 66390746 9.80519745798064E7 1.8726699388663884E7 599996
pla33810_n338090_uncorr_01.ttp: 1215020.0 1.4180984E7 5.1291733E7 66204363 9.730283795639345E7 1.918179647439016E7 599995
pla33810_n338090_uncorr_01.ttp: 839834.0 1.455617E7 5.18841E7 66295748 9.744621576813847E7 1.9726848796514302E7 599996
pla33810_n338090_uncorr_01.ttp: 1372509.0 1.4023495E7 5.1044226E7 66288689 9.75470940457189E7 1.8853684964912765E7 599995
pla33810_n338090_uncorr_01.ttp: 1251350.0 1.4144654E7 5.1483954E7 66307272 9.68950634610607E7 1.9508583057849966E7 599994
pla33810_n338090_uncorr_01.ttp: 1008233.0 1.4387771E7 5.1637597E7 66315591 9.667302926594526E7 1.9735497342238065E7 599994
pla33810_n338090_uncorr_01.ttp: 858679.0 1.4537325E7 5.1986517E7 66313239 9.805105064594159E7 1.9629670286839277E7 600000
pla33810_n338090_uncorr_01.ttp: 754678.0 1.4641326E7 5.2028582E7 66242551 9.736937234895413E7 1.9896689124845136E7 599993
pla33810_n338090_uncorr_01.ttp: 1434614.0 1.396139E7 5.1048616E7 66305078 9.846460091821405E7 1.855529769698936E7 599998
pla33810_n338090_uncorr_01.ttp: 1249995.0 1.4146009E7 5.1245434E7 66277997 9.738310307065247E7 1.9109009986684684E7 599999
pla33810_n338090_uncorr_01.ttp: 840183.0 1.4555821E7 5.1916628E7 66294825 9.774056637430006E7 1.9662241096480977E7 599997
pla33810_n338090_uncorr_01.ttp: 1065965.0 1.4330039E7 5.1665868E7 66351546 9.695956502576157E7 1.966921154149868E7 599998
pla33810_n338090_uncorr_01.ttp: 990749.0 1.4405255E7 5.1723165E7 66278846 9.675491630164857E7 1.979404262045597E7 599993
pla33810_n338090_uncorr_01.ttp: 1386175.0 1.4009829E7 5.1075116E7 66277258 9.759980766165741E7 1.8867179471653055E7 599995
