Enter TTP instance file:
RESULTS FOR heuristics : 20
pla85900_n429495_bounded-strongly-corr_01.ttp: 74.0 3.7142793E7 5.6417093E7 142757764 1.8512234878408524E8 2.4946293706705507E7 981380
pla85900_n429495_bounded-strongly-corr_01.ttp: 5.0 3.7142862E7 5.6310362E7 142701055 1.840841142631825E8 2.5016062575258974E7 972880
pla85900_n429495_bounded-strongly-corr_01.ttp: 50.0 3.7142817E7 5.6365017E7 142715326 1.8515579832658464E8 2.488853128448061E7 960283
pla85900_n429495_bounded-strongly-corr_01.ttp: 19.0 3.7142848E7 5.6374848E7 142725902 1.8801934460707477E8 2.4411559416797288E7 957960
pla85900_n429495_bounded-strongly-corr_01.ttp: 5.0 3.7142862E7 5.6360062E7 142717205 1.8470506477733648E8 2.4960200987852797E7 958197
pla85900_n429495_bounded-strongly-corr_01.ttp: 34.0 3.7142833E7 5.6316633E7 142646959 1.8465089384520853E8 2.492598104631455E7 950644
pla85900_n429495_bounded-strongly-corr_01.ttp: 18.0 3.7142849E7 5.6319649E7 142721365 1.8474795164509088E8 2.491249722033455E7 970017
pla85900_n429495_bounded-strongly-corr_01.ttp: 4.0 3.7142863E7 5.6325163E7 142750678 1.8504429534824398E8 2.4867632790798523E7 974756
pla85900_n429495_bounded-strongly-corr_01.ttp: 39.0 3.7142828E7 5.6394528E7 142685832 1.8970593098014462E8 2.414451973337541E7 969214
pla85900_n429495_bounded-strongly-corr_01.ttp: 81.0 3.7142786E7 5.6388286E7 142625454 1.983374017551672E8 2.2670927701621577E7 984387
pla85900_n429495_bounded-strongly-corr_01.ttp: 30.0 3.7142837E7 5.6251237E7 142629287 1.893191138059171E8 2.406698765299409E7 968549
pla85900_n429495_bounded-strongly-corr_01.ttp: 25.0 3.7142842E7 5.6472442E7 142630396 1.9008159876705405E8 2.415857020960081E7 957681
pla85900_n429495_bounded-strongly-corr_01.ttp: 15.0 3.7142852E7 5.6254352E7 142614846 1.835985853467202E8 2.5042592491057567E7 970193
pla85900_n429495_bounded-strongly-corr_01.ttp: 10.0 3.7142857E7 5.6258757E7 142657025 1.838697150477887E8 2.5000905441875916E7 980280
pla85900_n429495_bounded-strongly-corr_01.ttp: 8.0 3.7142859E7 5.6281959E7 142697022 1.9029735962568995E8 2.3931407863632705E7 968295
pla85900_n429495_bounded-strongly-corr_01.ttp: 13.0 3.7142854E7 5.6347254E7 142598848 1.8927626825101504E8 2.417028839732744E7 961959
pla85900_n429495_bounded-strongly-corr_01.ttp: 1.0 3.7142866E7 5.6395666E7 142745689 1.8499496832386604E8 2.494652138494277E7 988308
pla85900_n429495_bounded-strongly-corr_01.ttp: 3.0 3.7142864E7 5.6472864E7 142682580 1.9019355081299576E8 2.4139960361790717E7 973486
pla85900_n429495_bounded-strongly-corr_01.ttp: 16.0 3.7142851E7 5.6333551E7 142673338 1.8389682394255787E8 2.507109092976516E7 963684
pla85900_n429495_bounded-strongly-corr_01.ttp: 33.0 3.7142834E7 5.6450934E7 142651174 1.9401388387710574E8 2.3468573740892023E7 954779
pla85900_n429495_bounded-strongly-corr_01.ttp: 7.0 3.714286E7 5.638626E7 142637675 1.8959562189943653E8 2.4155004277095787E7 989529
pla85900_n429495_bounded-strongly-corr_01.ttp: 38.0 3.7142829E7 5.6509629E7 142659700 1.9050493332605833E8 2.412379033457008E7 970978
pla85900_n429495_bounded-strongly-corr_01.ttp: 3.0 3.7142864E7 5.6370064E7 142675167 1.9031036915536368E8 2.4017301243588172E7 970914
pla85900_n429495_bounded-strongly-corr_01.ttp: 