enter number of instance to run
Enter TTP instance file:
Enter TTP instance file:
Enter TTP instance file:
Instance :pcb3038_n3037_uncorr_01.ttp
RESULTS FOR heuristics : 20
pcb3038_n3037_uncorr_01.ttp: 4807.0 133026.0 457533.0 140188 206077.69427061212 162841.8971930247 11464
pcb3038_n3037_uncorr_01.ttp: 4483.0 133350.0 460647.0 140186 208638.20867217015 162294.36159879668 11474
pcb3038_n3037_uncorr_01.ttp: 4143.0 133690.0 457817.0 140356 204585.95901272338 165259.07861180557 11544
pcb3038_n3037_uncorr_01.ttp: 4681.0 133152.0 448770.0 140208 200529.65017503538 162012.60024969943 11609
pcb3038_n3037_uncorr_01.ttp: 7231.0 130602.0 453202.0 140268 203427.0153805612 162301.3680057975 14688
pcb3038_n3037_uncorr_01.ttp: 16.0 137817.0 457375.0 140097 206581.2505864054 161963.8116614403 14638
pcb3038_n3037_uncorr_01.ttp: 17.0 137816.0 459511.0 140159 207241.33445140635 163155.89173448895 14576
pcb3038_n3037_uncorr_01.ttp: 6447.0 131386.0 455578.0 140267 206328.4047420574 160528.38121885795 14763
pcb3038_n3037_uncorr_01.ttp: 5807.0 132026.0 457470.0 140003 205375.20713497358 163783.45379698777 13953
pcb3038_n3037_uncorr_01.ttp: 12.0 137821.0 460943.0 140332 207391.13367788383 164373.67884062615 14484
pcb3038_n3037_uncorr_01.ttp: 4752.0 133081.0 463522.0 140105 207571.019069441 166695.44273069937 14624
pcb3038_n3037_uncorr_01.ttp: 470.0 137363.0 455276.0 140179 203263.6501758518 164608.98024853197 14470
pcb3038_n3037_uncorr_01.ttp: 3466.0 134367.0 456856.0 140089 201325.2360268265 168960.91248163814 14277
pcb3038_n3037_uncorr_01.ttp: 6012.0 131821.0 455601.0 140111 203024.4692818576 165276.00892694364 13919
pcb3038_n3037_uncorr_01.ttp: 7393.0 130440.0 453206.0 140357 202032.92279391858 164298.92040469643 14961
pcb3038_n3037_uncorr_01.ttp: 1796.0 136037.0 448000.0 140281 200606.76793957004 161132.32184641488 14438
pcb3038_n3037_uncorr_01.ttp: 9.0 137824.0 463074.0 140185 206513.76327072154 167759.3185228682 14240
pcb3038_n3037_uncorr_01.ttp: 5.0 137828.0 460668.0 140213 207008.1246047555 164646.38181519968 14025
pcb3038_n3037_uncorr_01.ttp: 5988.0 131845.0 459142.0 140267 207666.08609833708 162179.49687937798 14188
pcb3038_n3037_uncorr_01.ttp: 4798.0 133035.0 458419.0 140264 205396.27625969442 164702.324948637 14188
pcb3038_n3037_uncorr_01.ttp: 5.0 137828.0 461028.0 140115 207938.81141192483 163675.4996809475 13626
pcb3038_n3037_uncorr_01.ttp: 5191.0 132642.0 455458.0 140207 205247.9785705097 161953.39064417116 14230
pcb3038_n3037_uncorr_01.ttp: 7.0 137826.0 454534.0 140089 205497.34614457507 160672.79501325765 14115
pcb3038_n3037_uncorr_01.ttp: 8963.0 128870.0 452507.0 140223 204012.25651255716 160769.47318704327 13784
pcb3038_n3037_uncorr_01.ttp: 10.0 137823.0 458135.0 140290 204896.06592597967 165133.62572584907 14327
pcb3038_n3037_uncorr_01.ttp: 5995.0 131838.0 455798.0 140347 203826.93548916557 164325.48225049325 14587
pcb3038_n3037_uncorr_01.ttp: 5502.0 132331.0 456877.0 140236 207381.46114753358 160321.51055902697 13970
pcb3038_n3037_uncorr_01.ttp: 4520.0 133313.0 457549.0 140115 205313.07313417672 163951.30541812727 13998
pcb3038_n3037_uncorr_01.ttp: 6306.0 131527.0 456735.0 140282 204814.53803323442 163850.21061247477 14409
pcb3038_n3037_uncorr_01.ttp: 4012.0 133821.0 455131.0 140249 204236.88539167133 163072.25388991 14064
RESULTS FOR heuristics : 24
pcb3038_n3037_uncorr_01.ttp: 4374.0 133459.0 456737.0 140220 200811.93981854952 169575.92605947418 587685
pcb3038_n3037_uncorr_01.ttp: 3.0 137830.0 462585.0 140044 204473.63012058332 170187.7089275659 590198
pcb3038_n3037_uncorr_01.ttp: 4210.0 133623.0 458813.0 140105 201716.50097258005 170358.40360921057 586262
pcb3038_n3037_uncorr_01.ttp: 3837.0 133996.0 457563.0 140189 200431.84902064383 170945.45590047934 590257
pcb3038_n3037_uncorr_01.ttp: 6062.0 131771.0 457417.0 140181 201510.1866011983 169257.43316028645 589618
pcb3038_n3037_uncorr_01.ttp: 1626.0 136207.0 459763.0 140144 202179.64384700658 170646.10929878062 589510
pcb3038_n3037_uncorr_01.ttp: 2.0 137831.0 464363.0 140245 205483.7976652838 170521.1693386442 592078
pcb3038_n3037_uncorr_01.ttp: 4770.0 133063.0 456155.0 139945 199947.4456387569 170230.1527365776 592688
pcb3038_n3037_uncorr_01.ttp: 10.0 137823.0 467138.0 140321 207436.7490678345 170503.4488329967 593839
pcb3038_n3037_uncorr_01.ttp: 2686.0 135147.0 456417.0 140332 199831.95915715428 170657.2984052694 591014
pcb3038_n3037_uncorr_01.ttp: 4224.0 133609.0 457218.0 140084 201013.85692850553 169768.1845922371 592072
pcb3038_n3037_uncorr_01.ttp: 12.0 137821.0 461311.0 140196 204197.8873194909 169308.02113312803 590069
pcb3038_n3037_uncorr_01.ttp: 4425.0 133408.0 458723.0 140299 202341.6314413826 169374.46703882288 589129
pcb3038_n3037_uncorr_01.ttp: 3950.0 133883.0 456716.0 140167 199498.81333695378 171432.69692815607 590549
pcb3038_n3037_uncorr_01.ttp: 0.0 137833.0 462826.0 140242 204073.77296810594 171000.5046556085 591033
pcb3038_n3037_uncorr_01.ttp: 4657.0 133176.0 459319.0 140208 201545.71239943575 171108.63126880687 590665
pcb3038_n3037_uncorr_01.ttp: 3283.0 134550.0 460590.0 140054 201605.3701756029 172294.32064888783 592080
pcb3038_n3037_uncorr_01.ttp: 5588.0 132245.0 460910.0 140188 203291.95513649043 170202.50415481871 591880
pcb3038_n3037_uncorr_01.ttp: 3.0 137830.0 462795.0 140093 204693.6897105512 170083.02371391177 590474
pcb3038_n3037_uncorr_01.ttp: 19.0 137814.0 463148.0 140083 205056.85902820493 169916.691589667 592476
pcb3038_n3037_uncorr_01.ttp: 5474.0 132359.0 457320.0 140019 201322.35888722466 169429.02679126873 591864
pcb3038_n3037_uncorr_01.ttp: 8.0 137825.0 463571.0 140192 205727.50801096685 169380.66354431742 592475
pcb3038_n3037_uncorr_01.ttp: 4442.0 133391.0 464818.0 140149 206371.73591034894 169706.41764820105 593192
pcb3038_n3037_uncorr_01.ttp: 3881.0 133952.0 455017.0 140158 199282.10176802563 170043.59447172337 592658
pcb3038_n3037_uncorr_01.ttp: 5.0 137828.0 463405.0 140159 204445.4200496303 171048.0493290287 592804
pcb3038_n3037_uncorr_01.ttp: 5399.0 132434.0 461565.0 140380 204259.9677194806 169473.24616114277 591742
pcb3038_n3037_uncorr_01.ttp: 5339.0 132494.0 458836.0 140051 202512.6098427885 169242.96792481246 593897
pcb3038_n3037_uncorr_01.ttp: 2779.0 135054.0 455751.0 140217 199894.92844604066 169901.25232216186 592431
pcb3038_n3037_uncorr_01.ttp: 5646.0 132187.0 462230.0 140078 203712.70399418924 170920.8332883094 590902
pcb3038_n3037_uncorr_01.ttp: 20.0 137813.0 463004.0 140056 205189.14466889066 169583.52312348637 590805
Instance :pcb3038_n3037_uncorr-similar-weights_01.ttp
RESULTS FOR heuristics : 20
pcb3038_n3037_uncorr-similar-weights_01.ttp: 190.0 277134.0 239840.0 140106 191906.415923331 103586.44469443499 10187
pcb3038_n3037_uncorr-similar-weights_01.ttp: 175.0 277149.0 239425.0 140179 192364.4684882155 102846.227373367 10611
pcb3038_n3037_uncorr-similar-weights_01.ttp: 54.0 277270.0 237730.0 140120 190783.02818366964 102274.04998959455 10727
pcb3038_n3037_uncorr-similar-weights_01.ttp: 165.0 277159.0 240499.0 140167 193591.26716564738 103049.20031239037 10756
pcb3038_n3037_uncorr-similar-weights_01.ttp: 193.0 277131.0 238700.0 140329 193901.1550313576 101030.17992773611 10304
pcb3038_n3037_uncorr-similar-weights_01.ttp: 151.0 277173.0 238967.0 140047 191847.53786303304 102755.24811724655 10269
pcb3038_n3037_uncorr-similar-weights_01.ttp: 59.0 277265.0 237562.0 140277 190125.41627786675 102572.9544427146 10589
pcb3038_n3037_uncorr-similar-weights_01.ttp: 92.0 277232.0 237069.0 139847 190736.31206285706 101646.2184353715 9950
pcb3038_n3037_uncorr-similar-weights_01.ttp: 70.0 277254.0 238704.0 140258 190077.9423669808 103748.66091944365 10542
pcb3038_n3037_uncorr-similar-weights_01.ttp: 150.0 277174.0 239410.0 140253 195547.07253562752 100571.57849970445 10824
pcb3038_n3037_uncorr-similar-weights_01.ttp: 84.0 277240.0 237478.0 140112 190842.30323727892 101979.96470153198 10454
pcb3038_n3037_uncorr-similar-weights_01.ttp: 152.0 277172.0 239719.0 140118 195089.70493755784 101205.30949433395 10114
pcb3038_n3037_uncorr-similar-weights_01.ttp: 136.0 277188.0 240227.0 140297 194562.8470504261 102087.37859419748 10739
pcb3038_n3037_uncorr-similar-weights_01.ttp: 46.0 277278.0 239046.0 140198 192703.77321500485 102226.32101734655 10479
pcb3038_n3037_uncorr-similar-weights_01.ttp: 47.0 277277.0 238512.0 140089 189730.53475805104 103803.32032178377 10229
pcb3038_n3037_uncorr-similar-weights_01.ttp: 98.0 277226.0 238635.0 140129 191419.15720710278 102727.39838295704 10633
pcb3038_n3037_uncorr-similar-weights_01.ttp: 173.0 277151.0 239293.0 140163 191735.59615441348 103160.72673036644 10352
pcb3038_n3037_uncorr-similar-weights_01.ttp: 58.0 277266.0 237183.0 140294 191598.83953446077 101147.82393053285 10081
pcb3038_n3037_uncorr-similar-weights_01.ttp: 34.0 277290.0 238280.0 140314 189497.9103125389 103736.48367809737 9829
pcb3038_n3037_uncorr-similar-weights_01.ttp: 129.0 277195.0 237754.0 140246 190843.7958670555 102254.9049343906 10559
pcb3038_n3037_uncorr-similar-weights_01.ttp: 19.0 277305.0 238617.0 140241 189962.5104964278 103743.61754753627 10771
pcb3038_n3037_uncorr-similar-weights_01.ttp: 121.0 277203.0 238639.0 140201 192299.2443932325 102106.53648080493 10826
pcb3038_n3037_uncorr-similar-weights_01.ttp: 20.0 277304.0 237155.0 140004 190521.8341439852 101884.4977577705 10202
pcb3038_n3037_uncorr-similar-weights_01.ttp: 69.0 277255.0 237787.0 140133 191694.23654922532 101684.09205005004 10547
pcb3038_n3037_uncorr-similar-weights_01.ttp: 170.0 277154.0 237835.0 140101 191023.99020029182 102207.96695779281 10125
pcb3038_n3037_uncorr-similar-weights_01.ttp: 74.0 277250.0 238137.0 140009 190678.6788389585 102755.13802433948 10493
pcb3038_n3037_uncorr-similar-weights_01.ttp: 23.0 277301.0 238563.0 140293 192698.35576961076 101747.16740357637 10588
pcb3038_n3037_uncorr-similar-weights_01.ttp: 153.0 277171.0 239839.0 140163 194278.7864042358 101901.06165299259 10690
pcb3038_n3037_uncorr-similar-weights_01.ttp: 86.0 277238.0 237502.0 140175 191029.3350990438 101871.17207967892 10162
pcb3038_n3037_uncorr-similar-weights_01.ttp: 32.0 277292.0 238329.0 140196 191840.26351286334 102122.41290586704 10427
RESULTS FOR heuristics : 24
pcb3038_n3037_uncorr-similar-weights_01.ttp: 18.0 277306.0 238438.0 140239 188442.717717832 104643.67042033927 591169
pcb3038_n3037_uncorr-similar-weights_01.ttp: 98.0 277226.0 240003.0 140255 190963.16770579846 104419.15092888309 592465
pcb3038_n3037_uncorr-similar-weights_01.ttp: 69.0 277255.0 238927.0 140280 189258.78573764008 104553.26212627554 590121
pcb3038_n3037_uncorr-similar-weights_01.ttp: 59.0 277265.0 239460.0 140100 190050.34747992136 104524.25328925584 591161
pcb3038_n3037_uncorr-similar-weights_01.ttp: 37.0 277287.0 239860.0 140159 190481.83833641274 104617.89478114696 594239
pcb3038_n3037_uncorr-similar-weights_01.ttp: 85.0 277239.0 239702.0 140167 190284.93005999745 104599.69965740183 594228
pcb3038_n3037_uncorr-similar-weights_01.ttp: 96.0 277228.0 239504.0 140158 189824.1192787783 104728.87531206742 591225
pcb3038_n3037_uncorr-similar-weights_01.ttp: 83.0 277241.0 238767.0 140132 189752.51469881344 104042.71456384246 589548
pcb3038_n3037_uncorr-similar-weights_01.ttp: 60.0 277264.0 238725.0 140167 189591.9068068795 104114.74616711555 592232
pcb3038_n3037_uncorr-similar-weights_01.ttp: 120.0 277204.0 238695.0 140132 188374.94976535602 104948.78566659722 592474
pcb3038_n3037_uncorr-similar-weights_01.ttp: 68.0 277256.0 239244.0 140000 189437.58623731456 104743.31377150666 591037
pcb3038_n3037_uncorr-similar-weights_01.ttp: 44.0 277280.0 239238.0 140098 189628.969909335 104601.43136437217 592608
pcb3038_n3037_uncorr-similar-weights_01.ttp: 47.0 277277.0 239754.0 140277 190339.47811449232 104612.97053871045 588296
pcb3038_n3037_uncorr-similar-weights_01.ttp: 71.0 277253.0 239867.0 140230 190408.85048379298 104676.716156507 590841
pcb3038_n3037_uncorr-similar-weights_01.ttp: 115.0 277209.0 239263.0 140202 189225.23719696564 104913.08159015441 594638
pcb3038_n3037_uncorr-similar-weights_01.ttp: 49.0 277275.0 239152.0 140067 189940.46763077826 104294.26798214743 591236
pcb3038_n3037_uncorr-similar-weights_01.ttp: 76.0 277248.0 239163.0 140178 189814.0730871352 104395.008108134 591680
pcb3038_n3037_uncorr-similar-weights_01.ttp: 135.0 277189.0 237882.0 140046 187555.43510048208 104717.64107865773 591614
pcb3038_n3037_uncorr-similar-weights_01.ttp: 81.0 277243.0 238130.0 140108 188611.6648473041 104215.71795841408 591566
pcb3038_n3037_uncorr-similar-weights_01.ttp: 82.0 277242.0 237663.0 140064 188046.332239502 104150.1041099536 590947
pcb3038_n3037_uncorr-similar-weights_01.ttp: 165.0 277159.0 238720.0 140043 188646.76037497615 104780.80013376696 594157
pcb3038_n3037_uncorr-similar-weights_01.ttp: 80.0 277244.0 239184.0 139998 189471.723886328 104659.07604070712 591424
pcb3038_n3037_uncorr-similar-weights_01.ttp: 74.0 277250.0 239708.0 140305 190390.4979336784 104530.74646708835 593214
pcb3038_n3037_uncorr-similar-weights_01.ttp: 88.0 277236.0 239356.0 140270 190345.67980595186 104210.56733777418 590365
pcb3038_n3037_uncorr-similar-weights_01.ttp: 82.0 277242.0 239774.0 140334 190362.48880512215 104616.63294836329 590273
pcb3038_n3037_uncorr-similar-weights_01.ttp: 31.0 277293.0 238781.0 140110 189319.05787038198 104364.4689120288 591805
pcb3038_n3037_uncorr-similar-weights_01.ttp: 89.0 277235.0 238974.0 140186 189351.4741766205 104534.45333459944 592389
pcb3038_n3037_uncorr-similar-weights_01.ttp: 30.0 277294.0 239963.0 140247 190630.9479171729 104615.02697880726 591531
pcb3038_n3037_uncorr-similar-weights_01.ttp: 74.0 277250.0 239425.0 139982 189762.8203508178 104693.39755091936 592126
pcb3038_n3037_uncorr-similar-weights_01.ttp: 110.0 277214.0 238439.0 140232 188381.09050603106 104688.42574071794 590819
Instance :pcb3038_n3037_bounded-strongly-corr_01.ttp
RESULTS FOR heuristics : 20
pcb3038_n3037_bounded-strongly-corr_01.ttp: 18.0 263249.0 396949.0 140035 174598.70371658576 159494.76294544333 10292
pcb3038_n3037_bounded-strongly-corr_01.ttp: 61.0 263206.0 396006.0 140298 178652.18410097403 153039.0296226753 10843
pcb3038_n3037_bounded-strongly-corr_01.ttp: 0.0 263267.0 393967.0 140303 173841.5648830084 157542.47175910856 9863
pcb3038_n3037_bounded-strongly-corr_01.ttp: 16.0 263251.0 394951.0 140162 175053.18700596376 156878.66567188926 10730
pcb3038_n3037_bounded-strongly-corr_01.ttp: 21.0 263246.0 394246.0 140156 175443.94184115808 155642.23909602498 10822
pcb3038_n3037_bounded-strongly-corr_01.ttp: 53.0 263214.0 397614.0 140104 177241.89364339603 156565.02464498137 10380
pcb3038_n3037_bounded-strongly-corr_01.ttp: 114.0 263153.0 395153.0 140191 174478.9932068283 157861.56923871348 10697
pcb3038_n3037_bounded-strongly-corr_01.ttp: 18.0 263249.0 394649.0 140059 175046.71522490427 156585.46729413018 10302
pcb3038_n3037_bounded-strongly-corr_01.ttp: 35.0 263232.0 395732.0 140219 174696.95342286467 158144.14334490403 10780
pcb3038_n3037_bounded-strongly-corr_01.ttp: 11.0 263256.0 392356.0 140273 175224.38330447706 154050.83870591118 10419
pcb3038_n3037_bounded-strongly-corr_01.ttp: 81.0 263186.0 394286.0 140182 175468.9269938011 155648.25928843048 10386
pcb3038_n3037_bounded-strongly-corr_01.ttp: 1.0 263266.0 393566.0 140350 174344.2187451625 156457.86250657897 10792
pcb3038_n3037_bounded-strongly-corr_01.ttp: 45.0 263222.0 398522.0 140066 177298.3394768877 157396.25831143273 10058
pcb3038_n3037_bounded-strongly-corr_01.ttp: 20.0 263247.0 395647.0 140017 174828.24971962205 157880.580381314 10213
pcb3038_n3037_bounded-strongly-corr_01.ttp: 18.0 263249.0 393249.0 140107 176767.71161196518 152844.91220772735 10472
pcb3038_n3037_bounded-strongly-corr_01.ttp: 6.0 263261.0 393961.0 140109 176107.0967564511 154455.3484112265 10699
pcb3038_n3037_bounded-strongly-corr_01.ttp: 118.0 263149.0 395149.0 140236 176640.6316117145 154917.7410080683 10523
pcb3038_n3037_bounded-strongly-corr_01.ttp: 0.0 263267.0 393167.0 140254 173522.8882551523 157175.87197299287 10649
pcb3038_n3037_bounded-strongly-corr_01.ttp: 8.0 263259.0 393459.0 140159 176069.75172561273 154004.13765316666 10612
pcb3038_n3037_bounded-strongly-corr_01.ttp: 40.0 263227.0 393327.0 140306 176193.0409201237 153704.46434863177 10088
pcb3038_n3037_bounded-strongly-corr_01.ttp: 39.0 263228.0 393328.0 140240 176203.66261328047 153691.01884593855 10700
pcb3038_n3037_bounded-strongly-corr_01.ttp: 92.0 263175.0 389975.0 140251 172297.05674462885 155651.00282730476 10509
pcb3038_n3037_bounded-strongly-corr_01.ttp: 24.0 263243.0 390443.0 140151 173741.8223839385 154154.1215578436 10388
pcb3038_n3037_bounded-strongly-corr_01.ttp: 2.0 263265.0 396265.0 140230 176223.35934922897 156601.2312850486 10608
pcb3038_n3037_bounded-strongly-corr_01.ttp: 114.0 263153.0 393753.0 140276 174793.6718801959 156033.60624293354 10765
pcb3038_n3037_bounded-strongly-corr_01.ttp: 17.0 263250.0 393750.0 140112 176604.453890061 153567.94270951702 10819
pcb3038_n3037_bounded-strongly-corr_01.ttp: 4.0 263263.0 392363.0 140127 174972.91076971404 154399.84135318888 10208
pcb3038_n3037_bounded-strongly-corr_01.ttp: 71.0 263196.0 392996.0 140319 175311.71941993965 154572.06158888206 10762
pcb3038_n3037_bounded-strongly-corr_01.ttp: 4.0 263263.0 396263.0 140015 177178.47265522197 155300.27718889812 10505
pcb3038_n3037_bounded-strongly-corr_01.ttp: 4.0 263263.0 396963.0 139914 175661.30058612075 158063.63120287575 10620
RESULTS FOR heuristics : 24
pcb3038_n3037_bounded-strongly-corr_01.ttp: 24.0 263243.0 397043.0 139998 174219.31270789946 160104.7347172567 590055
pcb3038_n3037_bounded-strongly-corr_01.ttp: 20.0 263247.0 397447.0 140330 174460.24883966552 160181.06157805488 591023
pcb3038_n3037_bounded-strongly-corr_01.ttp: 14.0 263253.0 397353.0 140122 175214.44176057525 159061.35920561763 589230
pcb3038_n3037_bounded-strongly-corr_01.ttp: 1.0 263266.0 397666.0 140050 174671.28820130837 160113.0480462206 590445
pcb3038_n3037_bounded-strongly-corr_01.ttp: 11.0 263256.0 397356.0 140170 174666.00344697153 159810.2353121187 592480
pcb3038_n3037_bounded-strongly-corr_01.ttp: 47.0 263220.0 397020.0 140079 174481.98843783565 159724.4957245435 592072
pcb3038_n3037_bounded-strongly-corr_01.ttp: 0.0 263267.0 398967.0 140130 176000.90608293147 159605.76772721318 591038
pcb3038_n3037_bounded-strongly-corr_01.ttp: 78.0 263189.0 398689.0 140295 175739.55768990016 159683.20154173576 589823
pcb3038_n3037_bounded-strongly-corr_01.ttp: 3.0 263264.0 395664.0 140138 173705.30034322292 159424.7915332168 593961
pcb3038_n3037_bounded-strongly-corr_01.ttp: 72.0 263195.0 397495.0 140105 174801.77129331342 159764.59104109372 589050
pcb3038_n3037_bounded-strongly-corr_01.ttp: 21.0 263246.0 398746.0 140280 175505.9709739256 160057.87947546114 594553
pcb3038_n3037_bounded-strongly-corr_01.ttp: 95.0 263172.0 397772.0 140210 175068.58917736783 159678.71871877974 590300
pcb3038_n3037_bounded-strongly-corr_01.ttp: 35.0 263232.0 400632.0 140254 176555.0243965312 160517.16682071757 590583
pcb3038_n3037_bounded-strongly-corr_01.ttp: 33.0 263234.0 401134.0 140200 177063.40344283468 160327.77131774483 593620
pcb3038_n3037_bounded-strongly-corr_01.ttp: 0.0 263267.0 397067.0 140141 174704.89257603118 159468.34609659758 594714
pcb3038_n3037_bounded-strongly-corr_01.ttp: 46.0 263221.0 397321.0 140188 174813.92959545628 159574.05575017942 594073
pcb3038_n3037_bounded-strongly-corr_01.ttp: 2.0 263265.0 398865.0 140367 175403.75740834718 160315.8899246478 593004
pcb3038_n3037_bounded-strongly-corr_01.ttp: 60.0 263207.0 398007.0 140194 175202.33175082674 159731.82881887563 592728
pcb3038_n3037_bounded-strongly-corr_01.ttp: 83.0 263184.0 396784.0 140285 174671.51195871833 159230.74373614305 594317
pcb3038_n3037_bounded-strongly-corr_01.ttp: 31.0 263236.0 397636.0 140225 175067.2498853794 159544.540155884 589476
pcb3038_n3037_bounded-strongly-corr_01.ttp: 13.0 263254.0 398454.0 140354 174844.12494130898 160665.99007981978 592790
pcb3038_n3037_bounded-strongly-corr_01.ttp: 24.0 263243.0 396143.0 140168 174080.49399520704 159393.5281665184 592435
pcb3038_n3037_bounded-strongly-corr_01.ttp: 17.0 263250.0 397750.0 140235 174968.65306153373 159792.6318363141 593796
pcb3038_n3037_bounded-strongly-corr_01.ttp: 68.0 263199.0 396899.0 139974 173971.62905057997 160297.58449121122 593302
pcb3038_n3037_bounded-strongly-corr_01.ttp: 112.0 263155.0 397255.0 140410 174917.5224516917 159367.16946569926 592838
pcb3038_n3037_bounded-strongly-corr_01.ttp: 24.0 263243.0 399043.0 140227 176014.98749334677 159662.61700904838 592421
pcb3038_n3037_bounded-strongly-corr_01.ttp: 15.0 263252.0 395952.0 140278 173866.77823422774 159493.18160145025 589435
pcb3038_n3037_bounded-strongly-corr_01.ttp: 25.0 263242.0 395442.0 140216 173912.68740829473 158920.74512471913 591070
pcb3038_n3037_bounded-strongly-corr_01.ttp: 7.0 263260.0 397860.0 140078 175108.10936736705 159712.9712603808 588509
pcb3038_n3037_bounded-strongly-corr_01.ttp: 16.0 263251.0 397351.0 139921 174663.2207285508 159809.0198091709 593376
