Enter TTP instance file:
RESULTS FOR heuristics : 20
rat783_n782_uncorr-similar-weights_01.ttp: 94.0 71319.0 62275.0 9250 13055.130985342032 27026.14633957651 613
rat783_n782_uncorr-similar-weights_01.ttp: 79.0 71334.0 60855.0 9251 12948.343096720022 25894.47363885594 568
rat783_n782_uncorr-similar-weights_01.ttp: 90.0 71323.0 60904.0 9245 13021.09900768095 25747.03267926143 576
rat783_n782_uncorr-similar-weights_01.ttp: 98.0 71315.0 61775.0 9245 12806.36474819354 27197.81517987744 560
rat783_n782_uncorr-similar-weights_01.ttp: 94.0 71319.0 61907.0 9252 12765.214523922117 27440.92078541028 551
rat783_n782_uncorr-similar-weights_01.ttp: 72.0 71341.0 60477.0 9256 12450.54236799802 26860.53560640535 567
rat783_n782_uncorr-similar-weights_01.ttp: 70.0 71343.0 61311.0 9257 12957.040487075503 26326.99068489614 545
rat783_n782_uncorr-similar-weights_01.ttp: 90.0 71323.0 61874.0 9254 12727.39367782327 27510.037069877173 550
rat783_n782_uncorr-similar-weights_01.ttp: 100.0 71313.0 61692.0 9253 12697.915579088909 27407.627936459947 551
rat783_n782_uncorr-similar-weights_01.ttp: 90.0 71323.0 61673.0 9275 12745.276549892755 27260.753315289563 607
rat783_n782_uncorr-similar-weights_01.ttp: 90.0 71323.0 60253.0 9249 12842.834726552299 25577.34623830879 546
rat783_n782_uncorr-similar-weights_01.ttp: 84.0 71329.0 60299.0 9273 12863.265367922511 25568.183506609217 565
rat783_n782_uncorr-similar-weights_01.ttp: 108.0 71305.0 61189.0 9257 12935.475536290902 26263.216052014563 571
rat783_n782_uncorr-similar-weights_01.ttp: 89.0 71324.0 61293.0 9249 13009.406435477962 26167.602624209503 533
rat783_n782_uncorr-similar-weights_01.ttp: 105.0 71308.0 62394.0 9274 12776.535498227004 27897.354154787085 569
rat783_n782_uncorr-similar-weights_01.ttp: 92.0 71321.0 60717.0 9256 12383.815141501753 27280.699117945267 561
rat783_n782_uncorr-similar-weights_01.ttp: 84.0 71329.0 60558.0 9255 12717.4579613895 26220.863504248344 560
rat783_n782_uncorr-similar-weights_01.ttp: 87.0 71326.0 60963.0 9260 12919.313298531797 26080.854093964146 555
rat783_n782_uncorr-similar-weights_01.ttp: 81.0 71332.0 61422.0 9251 13026.829605190485 26249.560065985686 523
rat783_n782_uncorr-similar-weights_01.ttp: 98.0 71315.0 61775.0 9245 12806.877729221611 27196.430131101646 529
rat783_n782_uncorr-similar-weights_01.ttp: 78.0 71335.0 62333.0 9263 12698.024571601083 28048.333656677074 519
rat783_n782_uncorr-similar-weights_01.ttp: 80.0 71333.0 62230.0 9248 12622.586457632891 28149.01656439119 508
rat783_n782_uncorr-similar-weights_01.ttp: 86.0 71327.0 60220.0 9254 12397.108763924825 26747.806337402966 536
rat783_n782_uncorr-similar-weights_01.ttp: 93.0 71320.0 61312.0 9276 12808.631729570207 26728.69433016044 608
rat783_n782_uncorr-similar-weights_01.ttp: 102.0 71311.0 61814.0 9258 12736.813117963376 27424.604581498883 546
rat783_n782_uncorr-similar-weights_01.ttp: 112.0 71301.0 60906.0 9258 12848.808960420469 26214.215806864733 556
rat783_n782_uncorr-similar-weights_01.ttp: 75.0 71338.0 60497.0 9255 12994.519501424173 25411.79734615473 548
rat783_n782_uncorr-similar-weights_01.ttp: 118.0 71295.0 61267.0 9254 12938.817927951533 26332.191594530857 563
rat783_n782_uncorr-similar-weights_01.ttp: 89.0 71324.0 60542.0 9245 12970.901515209778 25520.565908933597 572
rat783_n782_uncorr-similar-weights_01.ttp: 89.0 71324.0 60766.0 9251 12790.26145291739 26232.294077123042 550
RESULTS FOR heuristics : 21
rat783_n782_uncorr-similar-weights_01.ttp: 107.0 71306.0 61520.0 9277 12938.899896254166 26584.970280113746 628
rat783_n782_uncorr-similar-weights_01.ttp: 93.0 71320.0 61620.0 9259 12685.382896908462 27369.466178347146 576
rat783_n782_uncorr-similar-weights_01.ttp: 90.0 71323.0 60253.0 9245 12838.834726552297 25588.146238308793 571
rat783_n782_uncorr-similar-weights_01.ttp: 90.0 71323.0 62082.0 9249 12623.697680068432 27998.016263815232 588
rat783_n782_uncorr-similar-weights_01.ttp: 102.0 71311.0 61076.0 9256 12559.392881439131 27165.639220114346 594
rat783_n782_uncorr-similar-weights_01.ttp: 87.0 71326.0 61286.0 9256 12895.288794560603 26468.72025468637 565
rat783_n782_uncorr-similar-weights_01.ttp: 89.0 71324.0 61293.0 9249 13007.760519001382 26172.046598696266 551
rat783_n782_uncorr-similar-weights_01.ttp: 90.0 71323.0 62128.0 9250 12631.522646676556 28022.888853973294 562
rat783_n782_uncorr-similar-weights_01.ttp: 81.0 71332.0 61681.0 9259 12988.919438488236 26610.91751608176 561
rat783_n782_uncorr-similar-weights_01.ttp: 103.0 71310.0 61337.0 9256 13060.389874421908 26073.947339060847 542
rat783_n782_uncorr-similar-weights_01.ttp: 86.0 71327.0 61889.0 9247 12687.443704889558 27632.901996798195 551
rat783_n782_uncorr-similar-weights_01.ttp: 78.0 71335.0 60410.0 9254 12895.384790066822 25592.461066819575 577
rat783_n782_uncorr-similar-weights_01.ttp: 83.0 71330.0 61177.0 9252 13114.651532827898 25767.440861364674 570
rat783_n782_uncorr-similar-weights_01.ttp: 89.0 71324.0 61128.0 9257 13102.841862882173 25750.326970218128 578
rat783_n782_uncorr-similar-weights_01.ttp: 72.0 71341.0 60805.0 9248 12920.072460054687 25920.804357852343 547
rat783_n782_uncorr-similar-weights_01.ttp: 82.0 71331.0 60627.0 9260 12969.371086200874 25609.69806725764 576
rat783_n782_uncorr-similar-weights_01.ttp: 95.0 71318.0 60212.0 9251 12846.780790217685 25525.69186641225 560
rat783_n782_uncorr-similar-weights_01.ttp: 80.0 71333.0 61165.0 9250 12995.12495916825 26078.162610245723 558
rat783_n782_uncorr-similar-weights_01.ttp: 115.0 71298.0 61034.0 9260 12834.45916023128 26380.960267375543 585
rat783_n782_uncorr-similar-weights_01.ttp: 83.0 71330.0 61177.0 9252 13112.776727789786 25772.502834967578 538
rat783_n782_uncorr-similar-weights_01.ttp: 89.0 71324.0 61256.0 9251 12950.459760940077 26289.758645461792 541
rat783_n782_uncorr-similar-weights_01.ttp: 89.0 71324.0 60953.0 9250 12899.506116790137 26124.333484666626 541
rat783_n782_uncorr-similar-weights_01.ttp: 93.0 71320.0 61835.0 9277 12746.053412725187 27420.655785641997 603
rat783_n782_uncorr-similar-weights_01.ttp: 84.0 71329.0 62031.0 9268 12742.84120185894 27625.32875498086 596
rat783_n782_uncorr-similar-weights_01.ttp: 120.0 71293.0 60829.0 9257 12790.008302261966 26295.977583892687 542
rat783_n782_uncorr-similar-weights_01.ttp: 84.0 71329.0 61641.0 9254 12717.948414040035 27302.539282091908 577
rat783_n782_uncorr-similar-weights_01.ttp: 99.0 71314.0 60986.0 9250 13026.840119839313 25813.53167643385 548
rat783_n782_uncorr-similar-weights_01.ttp: 78.0 71335.0 60174.0 9255 12409.433703308594 26668.529001066796 598
rat783_n782_uncorr-similar-weights_01.ttp: 75.0 71338.0 60438.0 9252 12809.354974747555 25852.7415681816 571
rat783_n782_uncorr-similar-weights_01.ttp: 78.0 71335.0 60720.0 9277 13043.065797758632 25503.72234605169 574
RESULTS FOR heuristics : 22
rat783_n782_uncorr-similar-weights_01.ttp: 83.0 71330.0 60663.0 9290 12494.029729530828 26929.119730266764 599790
rat783_n782_uncorr-similar-weights_01.ttp: 82.0 71331.0 62072.0 9250 12609.219339528132 28027.10778327404 599790
rat783_n782_uncorr-similar-weights_01.ttp: 102.0 71311.0 60831.0 9256 12811.609200904983 26239.655157556546 599790
rat783_n782_uncorr-similar-weights_01.ttp: 93.0 71320.0 60790.0 9256 12775.482412699648 26296.197485710945 599791
rat783_n782_uncorr-similar-weights_01.ttp: 96.0 71317.0 62008.0 9248 12764.96483851706 27542.594936003938 599790
rat783_n782_uncorr-similar-weights_01.ttp: 94.0 71319.0 61547.0 9253 12703.054115835133 27248.75388724514 599790
rat783_n782_uncorr-similar-weights_01.ttp: 106.0 71307.0 61399.0 9275 12896.206599611487 26579.242181048983 599790
rat783_n782_uncorr-similar-weights_01.ttp: 67.0 71346.0 60834.0 9259 12954.883564791053 25855.814375064154 599790
rat783_n782_uncorr-similar-weights_01.ttp: 88.0 71325.0 62387.0 9273 12742.430116634667 27982.438685086396 599790
rat783_n782_uncorr-similar-weights_01.ttp: 82.0 71331.0 62072.0 9250 12609.219339528134 28027.107783274034 599790
rat783_n782_uncorr-similar-weights_01.ttp: 98.0 71315.0 60911.0 9267 12865.272948862841 26174.763038070327 599790
rat783_n782_uncorr-similar-weights_01.ttp: 76.0 71337.0 60897.0 9252 12893.530891765333 26084.4665922336 599790
rat783_n782_uncorr-similar-weights_01.ttp: 93.0 71320.0 61904.0 9263 12715.764538644624 27571.43574565951 599790
rat783_n782_uncorr-similar-weights_01.ttp: 89.0 71324.0 60491.0 9248 12923.301229378858 25598.08668067708 599791
rat783_n782_uncorr-similar-weights_01.ttp: 115.0 71298.0 61166.0 9254 12877.703623678066 26396.20021606922 599790
rat783_n782_uncorr-similar-weights_01.ttp: 89.0 71324.0 60796.0 9252 12956.91634182476 25812.32587707314 599790
rat783_n782_uncorr-similar-weights_01.ttp: 99.0 71314.0 60902.0 9251 12906.20473147121 26055.247225027728 599790
rat783_n782_uncorr-similar-weights_01.ttp: 80.0 71333.0 61792.0 9255 12707.308162036546 27482.26796250132 599790
rat783_n782_uncorr-similar-weights_01.ttp: 82.0 71331.0 60516.0 9277 12841.092373353928 25845.050591944397 599790
rat783_n782_uncorr-similar-weights_01.ttp: 73.0 71340.0 60693.0 9251 12886.298671387707 25899.993587253186 599790
rat783_n782_uncorr-similar-weights_01.ttp: 77.0 71336.0 60866.0 9253 12921.228284018393 25978.683633150336 599790
rat783_n782_uncorr-similar-weights_01.ttp: 87.0 71326.0 60930.0 9250 12832.293627418387 26282.807205970355 599790
rat783_n782_uncorr-similar-weights_01.ttp: 95.0 71318.0 60863.0 9279 12754.193451403307 26426.67768121107 599790
rat783_n782_uncorr-similar-weights_01.ttp: 74.0 71339.0 61363.0 9255 12930.797650832856 26449.84634275129 599790
rat783_n782_uncorr-similar-weights_01.ttp: 122.0 71291.0 61292.0 9252 12920.036625607221 26407.901110860497 599790
rat783_n782_uncorr-similar-weights_01.ttp: 105.0 71308.0 61896.0 9245 12849.36596254626 27202.71190112509 599790
rat783_n782_uncorr-similar-weights_01.ttp: 99.0 71314.0 62095.0 9245 12741.033498921708 27694.209552911387 599790
rat783_n782_uncorr-similar-weights_01.ttp: 97.0 71316.0 60633.0 9281 12960.135812271308 25640.633306867465 599790
rat783_n782_uncorr-similar-weights_01.ttp: 99.0 71314.0 60667.0 9276 12880.418664769903 25889.86960512126 599790
rat783_n782_uncorr-similar-weights_01.ttp: 99.0 71314.0 60894.0 9280 12749.768141824572 26469.626017073657 599790
RESULTS FOR heuristics : 23
rat783_n782_uncorr-similar-weights_01.ttp: 71.0 71342.0 60761.0 9308 12952.519302799568 25789.197882441164 8587
rat783_n782_uncorr-similar-weights_01.ttp: 72.0 71341.0 60953.0 9290 12895.530222071267 26135.068400407574 8621
rat783_n782_uncorr-similar-weights_01.ttp: 75.0 71338.0 60438.0 9265 12752.73555797402 26005.613993470142 8616
rat783_n782_uncorr-similar-weights_01.ttp: 114.0 71299.0 60990.0 9256 12879.262851228885 26215.99030168201 4557
rat783_n782_uncorr-similar-weights_01.ttp: 79.0 71334.0 60855.0 9263 12923.096015331881 25962.64075860392 8547
rat783_n782_uncorr-similar-weights_01.ttp: 93.0 71320.0 61757.0 9265 12802.145668207331 27191.206695840207 8629
rat783_n782_uncorr-similar-weights_01.ttp: 90.0 71323.0 62082.0 9249 12623.421266088731 27998.762581560426 4572
rat783_n782_uncorr-similar-weights_01.ttp: 86.0 71327.0 61265.0 9265 13006.587329967382 26147.214209088066 8540
rat783_n782_uncorr-similar-weights_01.ttp: 104.0 71309.0 60717.0 9318 13002.4007640806 25610.51793698238 8538
rat783_n782_uncorr-similar-weights_01.ttp: 84.0 71329.0 61490.0 9273 12869.941775539268 26741.157206043972 16642
rat783_n782_uncorr-similar-weights_01.ttp: 112.0 71301.0 61240.0 9270 12926.084643982014 26339.57146124856 8533
rat783_n782_uncorr-similar-weights_01.ttp: 91.0 71322.0 61591.0 9274 12819.34393544652 26978.77137429439 8618
rat783_n782_uncorr-similar-weights_01.ttp: 122.0 71291.0 60852.0 9277 12902.460257725515 26015.357304141107 8546
rat783_n782_uncorr-similar-weights_01.ttp: 112.0 71301.0 61240.0 9270 12926.084643982014 26339.57146124856 8556
rat783_n782_uncorr-similar-weights_01.ttp: 75.0 71338.0 60438.0 9262 12749.73555797402 26013.713993470148 8599
rat783_n782_uncorr-similar-weights_01.ttp: 120.0 71293.0 60829.0 9256 12789.008302261966 26298.67758389269 4584
rat783_n782_uncorr-similar-weights_01.ttp: 103.0 71310.0 61706.0 9275 12744.91151479751 27294.73891004672 8718
rat783_n782_uncorr-similar-weights_01.ttp: 97.0 71316.0 60963.0 9277 12855.988492301694 26251.831070785425 8580
rat783_n782_uncorr-similar-weights_01.ttp: 87.0 71326.0 60370.0 9263 12413.10616559922 26854.6133528821 8647
rat783_n782_uncorr-similar-weights_01.ttp: 75.0 71338.0 60438.0 9273 12755.782423159908 25997.38745746825 8686
rat783_n782_uncorr-similar-weights_01.ttp: 97.0 71316.0 62168.0 9259 12768.907755783724 27691.949059383944 4602
rat783_n782_uncorr-similar-weights_01.ttp: 120.0 71293.0 60829.0 9256 12789.008302261966 26298.67758389269 4590
rat783_n782_uncorr-similar-weights_01.ttp: 112.0 71301.0 61240.0 9272 12927.859029095765 26334.78062144143 8493
rat783_n782_uncorr-similar-weights_01.ttp: 106.0 71307.0 61910.0 9291 13207.91486396027 26248.629867307267 8575
rat783_n782_uncorr-similar-weights_01.ttp: 77.0 71336.0 60884.0 9275 12987.055612242164 25818.949846946154 8583
rat783_n782_uncorr-similar-weights_01.ttp: 72.0 71341.0 60477.0 9277 12385.361157445237 27036.524874897856 16643
rat783_n782_uncorr-similar-weights_01.ttp: 97.0 71316.0 61809.0 9260 12664.39071723118 27615.145063475815 4604
rat783_n782_uncorr-similar-weights_01.ttp: 81.0 71332.0 60319.0 9301 12942.566705473253 25374.069895222216 8685
rat783_n782_uncorr-similar-weights_01.ttp: 81.0 71332.0 61042.0 9262 12933.203028872173 26122.35182204513 8554
rat783_n782_uncorr-similar-weights_01.ttp: 96.0 71317.0 62008.0 9268 12750.01580281124 27582.95733240965 12586
RESULTS FOR heuristics : 24
rat783_n782_uncorr-similar-weights_01.ttp: 87.0 71326.0 62246.0 9253 12575.278023140678 28292.749337520167 599638
rat783_n782_uncorr-similar-weights_01.ttp: 87.0 71326.0 62246.0 9253 12575.017749688262 28293.45207584169 599548
rat783_n782_uncorr-similar-weights_01.ttp: 91.0 71322.0 62304.0 9263 12619.17628753176 28232.224023664246 599714
rat783_n782_uncorr-similar-weights_01.ttp: 93.0 71320.0 61962.0 9254 12462.384125808527 28313.562860316975 599602
rat783_n782_uncorr-similar-weights_01.ttp: 87.0 71326.0 62246.0 9253 12575.278023140678 28292.749337520167 599617
rat783_n782_uncorr-similar-weights_01.ttp: 95.0 71318.0 62801.0 9251 12735.24654788854 28415.83432070094 599552
rat783_n782_uncorr-similar-weights_01.ttp: 87.0 71326.0 62246.0 9253 12575.278023140678 28292.749337520167 599442
rat783_n782_uncorr-similar-weights_01.ttp: 84.0 71329.0 62382.0 9251 12645.028842875867 28240.422124235156 599604
rat783_n782_uncorr-similar-weights_01.ttp: 83.0 71330.0 62328.0 9262 12635.301570364407 28212.685760016102 599478
rat783_n782_uncorr-similar-weights_01.ttp: 93.0 71320.0 62245.0 9254 12561.319158850303 28329.438271104176 599637
rat783_n782_uncorr-similar-weights_01.ttp: 100.0 71313.0 62724.0 9252 12718.279942247344 28384.64415593217 599388
rat783_n782_uncorr-similar-weights_01.ttp: 87.0 71326.0 62246.0 9253 12575.278023140678 28292.749337520167 599448
rat783_n782_uncorr-similar-weights_01.ttp: 101.0 71312.0 62381.0 9252 12662.175332361217 28193.12660262471 599482
rat783_n782_uncorr-similar-weights_01.ttp: 87.0 71326.0 62246.0 9253 12575.017749688262 28293.45207584169 599532
rat783_n782_uncorr-similar-weights_01.ttp: 79.0 71334.0 62343.0 9278 12619.298986600057 28270.89273617984 599661
rat783_n782_uncorr-similar-weights_01.ttp: 98.0 71315.0 62255.0 9282 12564.106246294334 28331.9131350053 599550
rat783_n782_uncorr-similar-weights_01.ttp: 93.0 71320.0 62716.0 9254 12721.093356927468 28369.047936295836 599656
rat783_n782_uncorr-similar-weights_01.ttp: 93.0 71320.0 62377.0 9265 12658.419828431553 28199.266463234802 599588
rat783_n782_uncorr-similar-weights_01.ttp: 95.0 71318.0 62801.0 9251 12735.24654788854 28415.83432070094 599545
rat783_n782_uncorr-similar-weights_01.ttp: 92.0 71321.0 62082.0 9258 12462.346831996116 28433.663553610488 599589
rat783_n782_uncorr-similar-weights_01.ttp: 95.0 71318.0 62801.0 9251 12735.24654788854 28415.83432070094 599537
rat783_n782_uncorr-similar-weights_01.ttp: 100.0 71313.0 62724.0 9252 12718.279942247344 28384.64415593217 599564
rat783_n782_uncorr-similar-weights_01.ttp: 95.0 71318.0 62801.0 9251 12735.24654788854 28415.83432070094 599635
rat783_n782_uncorr-similar-weights_01.ttp: 87.0 71326.0 62246.0 9253 12575.017749688262 28293.45207584169 599681
rat783_n782_uncorr-similar-weights_01.ttp: 84.0 71329.0 62382.0 9251 12645.028842875865 28240.422124235163 599454
rat783_n782_uncorr-similar-weights_01.ttp: 87.0 71326.0 62246.0 9253 12575.278023140678 28292.749337520167 599544
rat783_n782_uncorr-similar-weights_01.ttp: 95.0 71318.0 62801.0 9251 12735.460209554105 28415.257434203915 599512
rat783_n782_uncorr-similar-weights_01.ttp: 95.0 71318.0 62801.0 9251 12735.460209554105 28415.257434203915 599582
rat783_n782_uncorr-similar-weights_01.ttp: 85.0 71328.0 62288.0 9279 12506.389134975767 28520.74933556543 599731
rat783_n782_uncorr-similar-weights_01.ttp: 79.0 71334.0 62271.0 9260 12597.075269758234 28258.89677165277 599586
RESULTS FOR heuristics : 25
rat783_n782_uncorr-similar-weights_01.ttp: 74.0 71339.0 61867.0 9271 12663.870232580377 27674.55037203298 8592
rat783_n782_uncorr-similar-weights_01.ttp: 77.0 71336.0 60269.0 9262 12820.207718351528 25654.43916045087 8588
rat783_n782_uncorr-similar-weights_01.ttp: 77.0 71336.0 60339.0 9259 12867.051482133409 25597.960998239796 8555
rat783_n782_uncorr-similar-weights_01.ttp: 104.0 71309.0 60994.0 9278 12911.143927145276 26133.91139670775 8688
rat783_n782_uncorr-similar-weights_01.ttp: 73.0 71340.0 60822.0 9265 12834.03610718401 26170.102510603167 8542
rat783_n782_uncorr-similar-weights_01.ttp: 79.0 71334.0 60480.0 9265 12755.125025202535 26041.162431953155 8589
rat783_n782_uncorr-similar-weights_01.ttp: 90.0 71323.0 60904.0 9274 12984.624694829068 25845.513323961517 16722
rat783_n782_uncorr-similar-weights_01.ttp: 92.0 71321.0 61424.0 9251 12595.934589587709 27414.976608113182 4619
rat783_n782_uncorr-similar-weights_01.ttp: 90.0 71323.0 61673.0 9274 12744.14701457625 27263.803060644124 4561
rat783_n782_uncorr-similar-weights_01.ttp: 97.0 71316.0 60727.0 9281 12952.70279191476 25754.702461830144 12637
rat783_n782_uncorr-similar-weights_01.ttp: 98.0 71315.0 60571.0 9318 12473.379141401476 26892.87631821601 8727
rat783_n782_uncorr-similar-weights_01.ttp: 87.0 71326.0 61407.0 9263 12962.633042238916 26407.89078595492 8675
rat783_n782_uncorr-similar-weights_01.ttp: 112.0 71301.0 60906.0 9258 12848.808960420469 26214.215806864733 4608
rat783_n782_uncorr-similar-weights_01.ttp: 89.0 71324.0 60542.0 9257 12957.799932300022 25555.940182789935 8642
rat783_n782_uncorr-similar-weights_01.ttp: 92.0 71321.0 61254.0 9259 12615.075301629407 27193.296685600595 4592
rat783_n782_uncorr-similar-weights_01.ttp: 85.0 71328.0 60240.0 9264 12438.215511940982 26656.81811775935 8617
rat783_n782_uncorr-similar-weights_01.ttp: 99.0 71314.0 60986.0 9269 12986.51225986057 25922.41689837646 16588
rat783_n782_uncorr-similar-weights_01.ttp: 75.0 71338.0 60450.0 9269 12752.51055683846 26018.221496536156 8649
rat783_n782_uncorr-similar-weights_01.ttp: 99.0 71314.0 62095.0 9268 12740.400796122976 27695.91785046796 8728
rat783_n782_uncorr-similar-weights_01.ttp: 85.0 71328.0 61094.0 9302 13015.097579996793 25953.236534008654 8732
rat783_n782_uncorr-similar-weights_01.ttp: 86.0 71327.0 61889.0 9265 12681.445062682962 27649.098330756 8630
rat783_n782_uncorr-similar-weights_01.ttp: 78.0 71335.0 60174.0 9262 12408.123812303125 26672.065706781563 8638
rat783_n782_uncorr-similar-weights_01.ttp: 95.0 71318.0 62049.0 9296 12961.391413921161 27053.243182412865 8622
rat783_n782_uncorr-similar-weights_01.ttp: 89.0 71324.0 60542.0 9264 12964.799932300026 25537.040182789926 8598
rat783_n782_uncorr-similar-weights_01.ttp: 80.0 71333.0 60877.0 9292 12859.723541171405 26155.746438837203 8571
rat783_n782_uncorr-similar-weights_01.ttp: 79.0 71334.0 60638.0 9266 12746.816983265666 26221.594145182702 8725
rat783_n782_uncorr-similar-weights_01.ttp: 74.0 71339.0 61321.0 9249 12534.343729069027 27478.271931513627 4610
rat783_n782_uncorr-similar-weights_01.ttp: 108.0 71305.0 62269.0 9270 12811.414439564118 27678.18101317688 8611
rat783_n782_uncorr-similar-weights_01.ttp: 92.0 71321.0 61844.0 9258 12737.962436728714 27451.501420832472 4590
rat783_n782_uncorr-similar-weights_01.ttp: 82.0 71331.0 62021.0 9269 12966.733014490106 27010.82086087671 8660
RESULTS FOR heuristics : 26
rat783_n782_uncorr-similar-weights_01.ttp: 81.0 71332.0 60913.0 9260 12563.813899055347 26990.70247255056 4976
rat783_n782_uncorr-similar-weights_01.ttp: 90.0 71323.0 60253.0 9257 12834.489089829574 25599.87945746015 9382
rat783_n782_uncorr-similar-weights_01.ttp: 73.0 71340.0 60771.0 9267 12525.393428988998 26952.4377417297 14256
rat783_n782_uncorr-similar-weights_01.ttp: 84.0 71329.0 61934.0 9291 12628.097103816563 27838.13781969528 9457
rat783_n782_uncorr-similar-weights_01.ttp: 100.0 71313.0 61692.0 9269 12695.181152640029 27415.01088787192 9512
rat783_n782_uncorr-similar-weights_01.ttp: 72.0 71341.0 60753.0 9280 12555.016821399648 26854.454582220947 13900
rat783_n782_uncorr-similar-weights_01.ttp: 86.0 71327.0 61373.0 9258 12671.229388922986 27160.68064990794 5040
rat783_n782_uncorr-similar-weights_01.ttp: 95.0 71318.0 61589.0 9269 12717.77488190246 27251.007818863356 9446
rat783_n782_uncorr-similar-weights_01.ttp: 73.0 71340.0 61342.0 9276 12922.407386068793 26451.500057614256 23155
rat783_n782_uncorr-similar-weights_01.ttp: 91.0 71322.0 61213.0 9267 12950.349753268092 26247.05566617615 9442
rat783_n782_uncorr-similar-weights_01.ttp: 115.0 71298.0 60805.0 9271 12759.435107101956 26354.525210824715 9420
rat783_n782_uncorr-similar-weights_01.ttp: 90.0 71323.0 62082.0 9249 12623.697680068435 27998.016263815225 5017
rat783_n782_uncorr-similar-weights_01.ttp: 90.0 71323.0 61673.0 9274 12743.632557479872 27265.19209480434 5068
rat783_n782_uncorr-similar-weights_01.ttp: 80.0 71333.0 60708.0 9267 12604.768292192966 26675.12561107899 13759
rat783_n782_uncorr-similar-weights_01.ttp: 114.0 71299.0 60945.0 9275 12812.519108905735 26351.198405954514 5009
rat783_n782_uncorr-similar-weights_01.ttp: 104.0 71309.0 60708.0 9257 12716.631330415696 26373.09540787762 4998
rat783_n782_uncorr-similar-weights_01.ttp: 102.0 71311.0 61479.0 9255 12973.702191995691 26450.00408161163 4987
rat783_n782_uncorr-similar-weights_01.ttp: 75.0 71338.0 60438.0 9262 12749.73555797402 26013.713993470148 9525
rat783_n782_uncorr-similar-weights_01.ttp: 75.0 71338.0 60438.0 9262 12749.73555797402 26013.713993470148 9514
rat783_n782_uncorr-similar-weights_01.ttp: 114.0 71299.0 61109.0 9291 12781.95020188021 26597.734454923433 9395
rat783_n782_uncorr-similar-weights_01.ttp: 108.0 71305.0 61503.0 9257 12629.531826793742 27403.26406765689 5006
rat783_n782_uncorr-similar-weights_01.ttp: 106.0 71307.0 61320.0 9334 13131.949459959069 25863.736458110514 13853
rat783_n782_uncorr-similar-weights_01.ttp: 83.0 71330.0 60775.0 9279 12943.123177465743 25828.56742084249 9403
rat783_n782_uncorr-similar-weights_01.ttp: 115.0 71298.0 60563.0 9260 12653.787516157328 26397.773706375214 9644
rat783_n782_uncorr-similar-weights_01.ttp: 108.0 71305.0 61233.0 9271 12953.31232374026 26259.056725901297 9764
rat783_n782_uncorr-similar-weights_01.ttp: 75.0 71338.0 60438.0 9262 12749.73555797402 26013.713993470148 9490
rat783_n782_uncorr-similar-weights_01.ttp: 84.0 71329.0 62031.0 9268 12742.903989150704 27625.159229293095 5071
rat783_n782_uncorr-similar-weights_01.ttp: 93.0 71320.0 61953.0 9266 12700.366556803629 27662.0102966302 13940
rat783_n782_uncorr-similar-weights_01.ttp: 72.0 71341.0 61329.0 9267 12920.864010411527 26442.667171888876 9667
rat783_n782_uncorr-similar-weights_01.ttp: 108.0 71305.0 61260.0 9302 13138.753179465022 25785.36641544444 9770
RESULTS FOR heuristics : 27
rat783_n782_uncorr-similar-weights_01.ttp: 93.0 71320.0 62377.0 9283 12641.65620341832 28244.528250770534 69464
rat783_n782_uncorr-similar-weights_01.ttp: 80.0 71333.0 62230.0 9248 12622.586457632891 28149.01656439119 65509
rat783_n782_uncorr-similar-weights_01.ttp: 77.0 71336.0 62265.0 9271 12629.017287115075 28166.653324789295 69459
rat783_n782_uncorr-similar-weights_01.ttp: 86.0 71327.0 62335.0 9255 12626.120589218475 28244.474409110117 69317
rat783_n782_uncorr-similar-weights_01.ttp: 79.0 71334.0 62323.0 9264 12650.22092786697 28167.40349475918 69516
rat783_n782_uncorr-similar-weights_01.ttp: 80.0 71333.0 62230.0 9248 12622.586457632891 28149.01656439119 65423
rat783_n782_uncorr-similar-weights_01.ttp: 93.0 71320.0 62360.0 9277 12635.562004853902 28243.98258689446 69376
rat783_n782_uncorr-similar-weights_01.ttp: 77.0 71336.0 62265.0 9271 12629.214732083798 28166.120223373742 65228
rat783_n782_uncorr-similar-weights_01.ttp: 80.0 71333.0 62161.0 9259 12580.427852318606 28193.84479873976 69401
rat783_n782_uncorr-similar-weights_01.ttp: 93.0 71320.0 62360.0 9282 12640.562004853902 28230.48258689446 73327
rat783_n782_uncorr-similar-weights_01.ttp: 93.0 71320.0 62360.0 9279 12637.838427237806 28237.83624645792 69220
rat783_n782_uncorr-similar-weights_01.ttp: 93.0 71320.0 62360.0 9277 12635.562004853902 28243.98258689446 69244
rat783_n782_uncorr-similar-weights_01.ttp: 101.0 71312.0 62381.0 9252 12662.175332361217 28193.12660262471 65316
rat783_n782_uncorr-similar-weights_01.ttp: 101.0 71312.0 62381.0 9252 12662.460328352809 28192.35711344741 65340
rat783_n782_uncorr-similar-weights_01.ttp: 87.0 71326.0 62246.0 9253 12575.278023140678 28292.749337520167 65212
rat783_n782_uncorr-similar-weights_01.ttp: 101.0 71312.0 62381.0 9252 12662.460328352809 28192.35711344741 65419
rat783_n782_uncorr-similar-weights_01.ttp: 84.0 71329.0 62346.0 9273 12654.465105172008 28178.944216035576 65504
rat783_n782_uncorr-similar-weights_01.ttp: 80.0 71333.0 62230.0 9248 12622.82505762992 28148.372344399213 65257
rat783_n782_uncorr-similar-weights_01.ttp: 80.0 71333.0 62230.0 9248 12622.586457632891 28149.01656439119 65225
rat783_n782_uncorr-similar-weights_01.ttp: 84.0 71329.0 62346.0 9270 12655.453880741581 28176.27452199773 65381
rat783_n782_uncorr-similar-weights_01.ttp: 78.0 71335.0 62181.0 9250 12632.520695285859 28073.19412272818 65389
rat783_n782_uncorr-similar-weights_01.ttp: 82.0 71331.0 62229.0 9276 12591.570765746985 28231.758932483142 69508
rat783_n782_uncorr-similar-weights_01.ttp: 93.0 71320.0 62377.0 9284 12641.952783252447 28243.72748521839 69499
rat783_n782_uncorr-similar-weights_01.ttp: 84.0 71329.0 62346.0 9270 12655.453880741581 28176.27452199773 65282
rat783_n782_uncorr-similar-weights_01.ttp: 95.0 71318.0 62373.0 9282 12638.95362103662 28247.825223201122 69404
rat783_n782_uncorr-similar-weights_01.ttp: 95.0 71318.0 62675.0 9280 12741.992811408667 28271.619409196595 73273
rat783_n782_uncorr-similar-weights_01.ttp: 84.0 71329.0 62382.0 9252 12633.424299862823 28271.754390370377 69438
rat783_n782_uncorr-similar-weights_01.ttp: 84.0 71329.0 62382.0 9252 12633.210638197259 28272.3312768674 69376
rat783_n782_uncorr-similar-weights_01.ttp: 84.0 71329.0 62382.0 9252 12633.210638197259 28272.3312768674 69422
rat783_n782_uncorr-similar-weights_01.ttp: 93.0 71320.0 62360.0 9282 12640.562004853902 28230.48258689446 69187
RESULTS FOR heuristics : 28
rat783_n782_uncorr-similar-weights_01.ttp: 84.0 71329.0 62382.0 9252 12633.424299862823 28271.754390370377 70190
rat783_n782_uncorr-similar-weights_01.ttp: 94.0 71319.0 62343.0 9283 12631.372457952286 28238.294363528825 74681
rat783_n782_uncorr-similar-weights_01.ttp: 93.0 71320.0 62360.0 9282 12640.562004853902 28230.48258689446 74533
rat783_n782_uncorr-similar-weights_01.ttp: 84.0 71329.0 62346.0 9273 12654.465105172008 28178.944216035576 65902
rat783_n782_uncorr-similar-weights_01.ttp: 85.0 71328.0 62376.0 9270 12672.613809849112 28159.942713407392 65833
rat783_n782_uncorr-similar-weights_01.ttp: 87.0 71326.0 62246.0 9253 12575.017749688262 28293.45207584169 65746
rat783_n782_uncorr-similar-weights_01.ttp: 77.0 71336.0 62214.0 9293 12592.42851432831 28214.44301131356 70111
rat783_n782_uncorr-similar-weights_01.ttp: 87.0 71326.0 62246.0 9253 12575.278023140678 28292.749337520167 65773
rat783_n782_uncorr-similar-weights_01.ttp: 86.0 71327.0 62269.0 9271 12663.855446167207 28076.590295348542 70528
rat783_n782_uncorr-similar-weights_01.ttp: 80.0 71333.0 62230.0 9248 12622.82505762992 28148.372344399213 65733
rat783_n782_uncorr-similar-weights_01.ttp: 84.0 71329.0 62382.0 9252 12633.424299862823 28271.754390370377 70129
rat783_n782_uncorr-similar-weights_01.ttp: 93.0 71320.0 62360.0 9277 12635.838427237806 28243.23624645792 70109
rat783_n782_uncorr-similar-weights_01.ttp: 101.0 71312.0 62381.0 9252 12662.460328352809 28192.35711344741 65674
rat783_n782_uncorr-similar-weights_01.ttp: 80.0 71333.0 62230.0 9248 12622.82505762992 28148.372344399213 65766
rat783_n782_uncorr-similar-weights_01.ttp: 84.0 71329.0 62382.0 9252 12633.424299862823 28271.754390370377 70091
rat783_n782_uncorr-similar-weights_01.ttp: 101.0 71312.0 62381.0 9252 12662.460328352809 28192.35711344741 65663
rat783_n782_uncorr-similar-weights_01.ttp: 80.0 71333.0 62230.0 9248 12622.82505762992 28148.372344399213 70317
rat783_n782_uncorr-similar-weights_01.ttp: 93.0 71320.0 62360.0 9282 12640.562004853902 28230.48258689446 70195
rat783_n782_uncorr-similar-weights_01.ttp: 86.0 71327.0 62335.0 9254 12635.019425977927 28220.447549859593 70170
rat783_n782_uncorr-similar-weights_01.ttp: 84.0 71329.0 62346.0 9273 12654.465105172008 28178.944216035576 65895
rat783_n782_uncorr-similar-weights_01.ttp: 95.0 71318.0 62701.0 9281 12681.737779359166 28460.307995730247 74576
rat783_n782_uncorr-similar-weights_01.ttp: 80.0 71333.0 62230.0 9248 12622.586457632891 28149.01656439119 70123
rat783_n782_uncorr-similar-weights_01.ttp: 101.0 71312.0 62381.0 9252 12662.460328352809 28192.35711344741 65709
rat783_n782_uncorr-similar-weights_01.ttp: 93.0 71320.0 62360.0 9277 12635.562004853902 28243.98258689446 74551
rat783_n782_uncorr-similar-weights_01.ttp: 80.0 71333.0 62230.0 9250 12624.586457632891 28143.616564391188 70199
rat783_n782_uncorr-similar-weights_01.ttp: 101.0 71312.0 62381.0 9252 12662.175332361217 28193.12660262471 65791
rat783_n782_uncorr-similar-weights_01.ttp: 93.0 71320.0 62360.0 9279 12637.838427237806 28237.83624645792 70089
rat783_n782_uncorr-similar-weights_01.ttp: 84.0 71329.0 62346.0 9270 12655.453880741581 28176.27452199773 70109
rat783_n782_uncorr-similar-weights_01.ttp: 84.0 71329.0 62346.0 9270 12655.656509292481 28175.7274249103 74653
rat783_n782_uncorr-similar-weights_01.ttp: 84.0 71329.0 62382.0 9254 12635.424299862823 28266.354390370376 70078
RESULTS FOR heuristics : 29
rat783_n782_uncorr-similar-weights_01.ttp: 101.0 71312.0 62381.0 9252 12662.460328352809 28192.35711344741 599992
rat783_n782_uncorr-similar-weights_01.ttp: 99.0 71314.0 62095.0 9263 12732.93858159144 27716.06582970311 600085
rat783_n782_uncorr-similar-weights_01.ttp: 80.0 71333.0 62225.0 9268 12639.221550863682 28099.101812668057 600421
rat783_n782_uncorr-similar-weights_01.ttp: 88.0 71325.0 61967.0 9250 12599.488114298652 27948.382091393636 600044
rat783_n782_uncorr-similar-weights_01.ttp: 90.0 71323.0 62128.0 9253 12626.495281095511 28036.462741042116 600228
rat783_n782_uncorr-similar-weights_01.ttp: 80.0 71333.0 62225.0 9269 12640.016092161359 28096.95655116433 600141
rat783_n782_uncorr-similar-weights_01.ttp: 80.0 71333.0 62230.0 9248 12622.82505762992 28148.372344399213 600039
rat783_n782_uncorr-similar-weights_01.ttp: 85.0 71328.0 62376.0 9270 12695.417137530258 28098.373728668303 600103
rat783_n782_uncorr-similar-weights_01.ttp: 83.0 71330.0 62303.0 9286 12606.342468570716 28265.87533485906 600093
rat783_n782_uncorr-similar-weights_01.ttp: 91.0 71322.0 62252.0 9253 12614.685571576096 28192.348956744536 600168
rat783_n782_uncorr-similar-weights_01.ttp: 90.0 71323.0 62128.0 9253 12626.218867115807 28037.209058787317 599989
rat783_n782_uncorr-similar-weights_01.ttp: 78.0 71335.0 62181.0 9252 12634.759308763167 28067.149866339445 600047
rat783_n782_uncorr-similar-weights_01.ttp: 93.0 71320.0 62360.0 9280 12638.562004853902 28235.882586894462 600023
rat783_n782_uncorr-similar-weights_01.ttp: 90.0 71323.0 62082.0 9249 12623.697680068432 27998.016263815232 600091
rat783_n782_uncorr-similar-weights_01.ttp: 80.0 71333.0 62230.0 9248 12622.82505762992 28148.372344399213 600057
rat783_n782_uncorr-similar-weights_01.ttp: 78.0 71335.0 62181.0 9257 12639.759308763167 28053.649866339445 599993
rat783_n782_uncorr-similar-weights_01.ttp: 88.0 71325.0 62374.0 9251 12675.797526411743 28149.346678688293 600163
rat783_n782_uncorr-similar-weights_01.ttp: 93.0 71320.0 62360.0 9277 12635.838427237806 28243.23624645792 600098
rat783_n782_uncorr-similar-weights_01.ttp: 78.0 71335.0 62181.0 9250 12632.520695285859 28073.19412272818 600644
rat783_n782_uncorr-similar-weights_01.ttp: 91.0 71322.0 62597.0 9271 12795.336717291959 28049.590863311707 600490
rat783_n782_uncorr-similar-weights_01.ttp: 93.0 71320.0 62377.0 9283 12641.65620341832 28244.528250770534 600193
rat783_n782_uncorr-similar-weights_01.ttp: 84.0 71329.0 62346.0 9270 12655.453880741581 28176.27452199773 600228
rat783_n782_uncorr-similar-weights_01.ttp: 90.0 71323.0 62082.0 9249 12623.421266088728 27998.762581560433 600121
rat783_n782_uncorr-similar-weights_01.ttp: 84.0 71329.0 62346.0 9270 12655.656509292481 28175.7274249103 600455
rat783_n782_uncorr-similar-weights_01.ttp: 80.0 71333.0 62225.0 9268 12639.221550863682 28099.101812668057 600233
rat783_n782_uncorr-similar-weights_01.ttp: 86.0 71327.0 62233.0 9267 12651.9930129691 28072.61886498343 600056
rat783_n782_uncorr-similar-weights_01.ttp: 80.0 71333.0 62225.0 9268 12639.016092161359 28099.656551164328 600334
rat783_n782_uncorr-similar-weights_01.ttp: 84.0 71329.0 62346.0 9270 12655.656509292481 28175.7274249103 600116
rat783_n782_uncorr-similar-weights_01.ttp: 80.0 71333.0 62225.0 9269 12639.849156965718 28097.407276192556 600027
rat783_n782_uncorr-similar-weights_01.ttp: 97.0 71316.0 62112.0 9254 12494.649961931265 28376.445102785583 600175
RESULTS FOR heuristics : 30
rat783_n782_uncorr-similar-weights_01.ttp: 84.0 71329.0 62346.0 9273 12648.49517697192 28195.06302217582 600154
rat783_n782_uncorr-similar-weights_01.ttp: 90.0 71323.0 62128.0 9250 12631.522646676556 28022.888853973294 599989
rat783_n782_uncorr-similar-weights_01.ttp: 90.0 71323.0 62128.0 9253 12626.495281095511 28036.462741042116 600074
rat783_n782_uncorr-similar-weights_01.ttp: 90.0 71323.0 62128.0 9253 12626.495281095511 28036.462741042116 600183
rat783_n782_uncorr-similar-weights_01.ttp: 93.0 71320.0 62360.0 9277 12635.838427237806 28243.23624645792 600665
rat783_n782_uncorr-similar-weights_01.ttp: 101.0 71312.0 62381.0 9252 12662.460328352809 28192.35711344741 600238
rat783_n782_uncorr-similar-weights_01.ttp: 80.0 71333.0 62230.0 9248 12622.82505762992 28148.372344399213 600028
rat783_n782_uncorr-similar-weights_01.ttp: 86.0 71327.0 62077.0 9272 12595.222481195366 28069.899300772508 600260
rat783_n782_uncorr-similar-weights_01.ttp: 88.0 71325.0 61967.0 9250 12599.488114298652 27948.382091393636 600023
rat783_n782_uncorr-similar-weights_01.ttp: 80.0 71333.0 62127.0 9273 12620.402281862504 28051.91383897124 600066
rat783_n782_uncorr-similar-weights_01.ttp: 84.0 71329.0 62346.0 9273 12654.465105172008 28178.944216035576 600125
rat783_n782_uncorr-similar-weights_01.ttp: 80.0 71333.0 62230.0 9248 12622.82505762992 28148.372344399213 600137
rat783_n782_uncorr-similar-weights_01.ttp: 97.0 71316.0 62628.0 9284 12745.57476857835 28214.948124838455 600420
rat783_n782_uncorr-similar-weights_01.ttp: 93.0 71320.0 62360.0 9282 12640.562004853902 28230.48258689446 600263
rat783_n782_uncorr-similar-weights_01.ttp: 84.0 71329.0 62346.0 9273 12648.69780552282 28194.515925088388 600230
rat783_n782_uncorr-similar-weights_01.ttp: 84.0 71329.0 62346.0 9270 12655.453880741581 28176.27452199773 600518
rat783_n782_uncorr-similar-weights_01.ttp: 90.0 71323.0 62082.0 9249 12623.421266088728 27998.762581560433 600255
rat783_n782_uncorr-similar-weights_01.ttp: 93.0 71320.0 62424.0 9259 12738.05320746539 28031.256339843443 600045
rat783_n782_uncorr-similar-weights_01.ttp: 84.0 71329.0 62127.0 9251 12624.474452812372 28040.918977406596 600340
rat783_n782_uncorr-similar-weights_01.ttp: 90.0 71323.0 62082.0 9249 12623.421266088731 27998.762581560426 600119
rat783_n782_uncorr-similar-weights_01.ttp: 87.0 71326.0 62246.0 9253 12575.017749688262 28293.45207584169 600255
rat783_n782_uncorr-similar-weights_01.ttp: 95.0 71318.0 62262.0 9274 12658.349040172232 28084.45759153497 600202
rat783_n782_uncorr-similar-weights_01.ttp: 84.0 71329.0 62346.0 9270 12655.656509292481 28175.7274249103 600073
rat783_n782_uncorr-similar-weights_01.ttp: 84.0 71329.0 62346.0 9273 12654.465105172008 28178.944216035576 600026
rat783_n782_uncorr-similar-weights_01.ttp: 94.0 71319.0 62373.0 9254 12665.24693368853 28176.83327904097 600676
rat783_n782_uncorr-similar-weights_01.ttp: 102.0 71311.0 62537.0 9253 12774.1050673854 28046.91631805942 600026
rat783_n782_uncorr-similar-weights_01.ttp: 80.0 71333.0 62230.0 9248 12622.82505762992 28148.372344399213 600006
rat783_n782_uncorr-similar-weights_01.ttp: 93.0 71320.0 62360.0 9277 12635.562004853902 28243.98258689446 600240
rat783_n782_uncorr-similar-weights_01.ttp: 90.0 71323.0 62082.0 9249 12623.421266088731 27998.762581560426 600172
rat783_n782_uncorr-similar-weights_01.ttp: 95.0 71318.0 62373.0 9288 12638.211901309554 28249.8278664642 599989
