enter number of instance to run
Enter TTP instance file:
Enter TTP instance file:
Enter TTP instance file:
Instance :rat783_n7820_uncorr_01.ttp
RESULTS FOR heuristics : 20
rat783_n7820_uncorr_01.ttp: 24020.0 332178.0 1189820.0 9253 13377.405724752309 387844.52680109907 98403
rat783_n7820_uncorr_01.ttp: 19867.0 336331.0 1188345.0 9262 13256.876100005597 393595.27780466445 96465
rat783_n7820_uncorr_01.ttp: 23602.0 332596.0 1186030.0 9273 13331.844426060932 386785.9266576471 87753
rat783_n7820_uncorr_01.ttp: 22907.0 333291.0 1182047.0 9248 13292.247095421408 385176.7866294866 88478
rat783_n7820_uncorr_01.ttp: 22932.0 333266.0 1188311.0 9256 13319.200953006908 389824.9028672358 85594
rat783_n7820_uncorr_01.ttp: 23073.0 333125.0 1186000.0 9253 13240.130138321716 392254.1982076131 116528
rat783_n7820_uncorr_01.ttp: 22847.0 333351.0 1188709.0 9278 13368.120937472107 387290.14979854715 138990
rat783_n7820_uncorr_01.ttp: 24508.0 331690.0 1188478.0 9249 13319.542347148566 389971.4362884434 91976
rat783_n7820_uncorr_01.ttp: 22736.0 333462.0 1188248.0 9258 13328.307137454045 389215.98710963 89041
rat783_n7820_uncorr_01.ttp: 22643.0 333555.0 1186001.0 9252 13261.30154959863 390985.9721015622 98550
rat783_n7820_uncorr_01.ttp: 19410.0 336788.0 1181806.0 9265 13223.199304313272 389075.20170641935 121834
rat783_n7820_uncorr_01.ttp: 20893.0 335305.0 1189257.0 9250 13299.780574609711 391935.15455214784 87191
rat783_n7820_uncorr_01.ttp: 23209.0 332989.0 1181580.0 9250 13256.931033640662 386826.9845332423 65008
rat783_n7820_uncorr_01.ttp: 16808.0 339390.0 1192342.0 9255 13315.057986274785 394104.2737228266 56200
rat783_n7820_uncorr_01.ttp: 21473.0 334725.0 1186259.0 9257 13273.075319571743 390538.13459167397 53105
rat783_n7820_uncorr_01.ttp: 23936.0 332262.0 1182708.0 9253 13247.405239497655 388526.0558921156 51133
rat783_n7820_uncorr_01.ttp: 21136.0 335062.0 1182887.0 9285 13296.335638174898 385771.6784914149 53987
rat783_n7820_uncorr_01.ttp: 21522.0 334676.0 1196696.0 9263 13407.039899875872 392943.95800244145 58467
rat783_n7820_uncorr_01.ttp: 19763.0 336435.0 1191363.0 9258 13261.55721874703 396332.6447361155 53856
rat783_n7820_uncorr_01.ttp: 23070.0 333128.0 1189710.0 9252 13280.727261134645 393530.40069497796 56827
rat783_n7820_uncorr_01.ttp: 22568.0 333630.0 1183109.0 9252 13254.619475939113 388494.5624174501 54545
rat783_n7820_uncorr_01.ttp: 22970.0 333228.0 1182437.0 9254 13246.602978414656 388303.1514440414 54665
rat783_n7820_uncorr_01.ttp: 21641.0 334557.0 1188908.0 9280 13339.06866445618 389230.833565852 57019
rat783_n7820_uncorr_01.ttp: 22383.0 333815.0 1187803.0 9271 13317.174915915646 389438.363790857 58202
rat783_n7820_uncorr_01.ttp: 22535.0 333663.0 1191692.0 9252 13383.72001290804 389337.98522616306 55472
rat783_n7820_uncorr_01.ttp: 22521.0 333677.0 1187362.0 9268 13290.77600937404 390579.97823802626 55435
rat783_n7820_uncorr_01.ttp: 23412.0 332786.0 1184454.0 9251 13294.622970899878 387441.3528945523 56091
rat783_n7820_uncorr_01.ttp: 21416.0 334782.0 1193715.0 9252 13395.042945352458 390682.1754261202 55638
rat783_n7820_uncorr_01.ttp: 22196.0 334002.0 1185153.0 9259 13280.29375210784 388999.389561135 51603
rat783_n7820_uncorr_01.ttp: 24228.0 331970.0 1181361.0 9252 13227.861155988801 388350.7236984713 55021
RESULTS FOR heuristics : 24
rat783_n7820_uncorr_01.ttp: 15752.0 340446.0 1186760.0 9250 13151.872656329866 398305.23425302445 536327
rat783_n7820_uncorr_01.ttp: 20860.0 335338.0 1190767.0 9253 13317.180711340317 392402.01635514793 534037
rat783_n7820_uncorr_01.ttp: 20929.0 335269.0 1192627.0 9245 13267.39212914298 397246.8418578784 522841
rat783_n7820_uncorr_01.ttp: 18213.0 337985.0 1196991.0 9245 13339.185814936205 397306.8103945744 488857
rat783_n7820_uncorr_01.ttp: 20391.0 335807.0 1191370.0 9248 13282.020127472293 395112.89335803594 500594
rat783_n7820_uncorr_01.ttp: 20352.0 335846.0 1191111.0 9257 13286.148565936983 394606.3934720778 564990
rat783_n7820_uncorr_01.ttp: 21050.0 335148.0 1190090.0 9256 13279.930017738548 393958.19543657394 528217
rat783_n7820_uncorr_01.ttp: 19875.0 336323.0 1188981.0 9253 13238.152573865418 395353.7531967681 570766
rat783_n7820_uncorr_01.ttp: 21252.0 334946.0 1190632.0 9255 13274.424959411015 394830.2236833096 504022
rat783_n7820_uncorr_01.ttp: 19382.0 336816.0 1192113.0 9255 13265.110576296494 396869.62095102516 473063
rat783_n7820_uncorr_01.ttp: 18213.0 337985.0 1196991.0 9245 13339.14368235544 397309.3362427914 533929
rat783_n7820_uncorr_01.ttp: 19341.0 336857.0 1196747.0 9256 13394.524973079599 393745.227863878 503121
rat783_n7820_uncorr_01.ttp: 20659.0 335539.0 1190009.0 9254 13245.318006637972 395952.1855020536 539365
rat783_n7820_uncorr_01.ttp: 21652.0 334546.0 1186754.0 9257 13229.337063366886 393655.2430511551 511365
rat783_n7820_uncorr_01.ttp: 20997.0 335201.0 1192239.0 9250 13288.9828606089 395564.4775064965 501343
rat783_n7820_uncorr_01.ttp: 17380.0 338818.0 1197212.0 9257 13348.591650106473 396963.9305761169 533340
rat783_n7820_uncorr_01.ttp: 15387.0 340811.0 1187164.0 9253 13189.852116191427 396432.3656343239 534469
rat783_n7820_uncorr_01.ttp: 18785.0 337413.0 1193322.0 9253 13280.727389792999 397142.3929819097 537754
rat783_n7820_uncorr_01.ttp: 19445.0 336753.0 1198561.0 9281 13404.73393882416 394947.2003674916 543351
rat783_n7820_uncorr_01.ttp: 18213.0 337985.0 1196991.0 9245 13339.194558620426 397306.2862107054 494014
rat783_n7820_uncorr_01.ttp: 19605.0 336593.0 1195630.0 9258 13409.343438679043 391739.86085119133 504399
rat783_n7820_uncorr_01.ttp: 18821.0 337377.0 1193630.0 9254 13270.872570185567 398041.18941737525 525917
rat783_n7820_uncorr_01.ttp: 17380.0 338818.0 1197212.0 9257 13348.580495975913 396964.599266244 526126
rat783_n7820_uncorr_01.ttp: 17814.0 338384.0 1194038.0 9256 13328.769866309467 394978.2465147474 495618
rat783_n7820_uncorr_01.ttp: 18366.0 337832.0 1196341.0 9257 13376.313733959547 394430.9916491251 534438
rat783_n7820_uncorr_01.ttp: 18034.0 338164.0 1198419.0 9262 13433.925435225961 393055.1701582036 538597
rat783_n7820_uncorr_01.ttp: 18963.0 337235.0 1193989.0 9251 13305.172414014025 396343.9137798592 528998
rat783_n7820_uncorr_01.ttp: 16646.0 339552.0 1199803.0 9252 13381.689668996902 397570.7043436357 530431
rat783_n7820_uncorr_01.ttp: 17380.0 338818.0 1197212.0 9257 13348.543627813375 396966.8095125882 533654
rat783_n7820_uncorr_01.ttp: 18213.0 337985.0 1196991.0 9245 13339.293703459572 397300.3424775986 536172
Instance :rat783_n7820_uncorr-similar-weights_01.ttp
RESULTS FOR heuristics : 20
rat783_n7820_uncorr-similar-weights_01.ttp: 33.0 714054.0 608397.0 9252 12488.990059250758 238847.78414677008 37930
rat783_n7820_uncorr-similar-weights_01.ttp: 5.0 714082.0 610157.0 9251 12531.953015259625 239336.51027846767 39134
rat783_n7820_uncorr-similar-weights_01.ttp: 47.0 714040.0 608654.0 9248 12716.389991251057 232376.0201588812 36996
rat783_n7820_uncorr-similar-weights_01.ttp: 0.0 714087.0 609387.0 9247 12680.734998758866 234164.05138672516 38009
rat783_n7820_uncorr-similar-weights_01.ttp: 17.0 714070.0 611888.0 9255 12626.45204837487 238271.2838885876 35865
rat783_n7820_uncorr-similar-weights_01.ttp: 988.0 713099.0 608409.0 9245 12699.383240379397 232634.24991717364 38592
rat783_n7820_uncorr-similar-weights_01.ttp: 979.0 713108.0 611421.0 9282 12634.909530287046 237554.02699880628 39403
rat783_n7820_uncorr-similar-weights_01.ttp: 992.0 713095.0 609187.0 9257 12496.62396904977 239411.89675581735 36199
rat783_n7820_uncorr-similar-weights_01.ttp: 18.0 714069.0 612343.0 9256 12687.661775751634 236915.08805550914 38423
rat783_n7820_uncorr-similar-weights_01.ttp: 912.0 713175.0 610725.0 9266 12768.082369387022 232917.442689838 37629
rat783_n7820_uncorr-similar-weights_01.ttp: 923.0 713164.0 611030.0 9249 12733.523571801757 234245.03751038597 38772
rat783_n7820_uncorr-similar-weights_01.ttp: 958.0 713129.0 613424.0 9248 12601.977661978452 240531.48098205763 40445
rat783_n7820_uncorr-similar-weights_01.ttp: 30.0 714057.0 608903.0 9250 12727.086786484024 232308.50198793772 36973
rat783_n7820_uncorr-similar-weights_01.ttp: 22.0 714065.0 609592.0 9249 12461.29592729179 240862.25351143593 39581
rat783_n7820_uncorr-similar-weights_01.ttp: 4.0 714083.0 612123.0 9260 12629.288204715316 238422.36202247377 40704
rat783_n7820_uncorr-similar-weights_01.ttp: 955.0 713132.0 612703.0 9257 12665.379452466885 237934.42200150486 36225
rat783_n7820_uncorr-similar-weights_01.ttp: 22.0 714065.0 609592.0 9249 12461.359727055098 240860.36567643966 38869
rat783_n7820_uncorr-similar-weights_01.ttp: 974.0 713113.0 608901.0 9270 12726.842105521468 232313.7420976198 37043
rat783_n7820_uncorr-similar-weights_01.ttp: 981.0 713106.0 611291.0 9253 12560.865038896898 239615.0034990408 36969
rat783_n7820_uncorr-similar-weights_01.ttp: 5.0 714082.0 607786.0 9252 12641.018294371905 233738.26866953535 36801
rat783_n7820_uncorr-similar-weights_01.ttp: 21.0 714066.0 613168.0 9249 12614.66027634876 239900.20242284017 39252
rat783_n7820_uncorr-similar-weights_01.ttp: 928.0 713159.0 610191.0 9256 12763.207466207597 232527.6910749172 34798
rat783_n7820_uncorr-similar-weights_01.ttp: 934.0 713153.0 608976.0 9249 12649.043699295036 234690.79693785985 38342
rat783_n7820_uncorr-similar-weights_01.ttp: 23.0 714064.0 612841.0 9252 12584.921162226676 240453.18280971266 42620
rat783_n7820_uncorr-similar-weights_01.ttp: 936.0 713151.0 609744.0 9258 12702.19559630557 233886.03230531816 40147
rat783_n7820_uncorr-similar-weights_01.ttp: 941.0 713146.0 609937.0 9256 12765.53994239516 232204.67310452723 38851
rat783_n7820_uncorr-similar-weights_01.ttp: 19.0 714068.0 608954.0 9258 12733.474371474329 232170.4933480746 34638
rat783_n7820_uncorr-similar-weights_01.ttp: 59.0 714028.0 610962.0 9255 12709.065894815156 234900.74017241952 37741
rat783_n7820_uncorr-similar-weights_01.ttp: 940.0 713147.0 611792.0 9271 12640.309592347363 237765.23916244152 37001
rat783_n7820_uncorr-similar-weights_01.ttp: 76.0 714011.0 610415.0 9253 12701.365642712099 234581.59063214902 38699
RESULTS FOR heuristics : 24
rat783_n7820_uncorr-similar-weights_01.ttp: 5.0 714082.0 612753.0 9252 12556.32976269569 241211.2023218345 545680
rat783_n7820_uncorr-similar-weights_01.ttp: 0.0 714087.0 613868.0 9247 12605.671362263633 240866.1843906191 553898
rat783_n7820_uncorr-similar-weights_01.ttp: 9.0 714078.0 612810.0 9251 12575.455733758605 240702.2648380829 532420
rat783_n7820_uncorr-similar-weights_01.ttp: 28.0 714059.0 609691.0 9268 12474.786212167903 240562.07598195178 549562
rat783_n7820_uncorr-similar-weights_01.ttp: 9.0 714078.0 612612.0 9253 12560.793624774842 240938.11664291244 539202
rat783_n7820_uncorr-similar-weights_01.ttp: 963.0 713124.0 614146.0 9251 12628.872337518815 240457.66753281828 558630
rat783_n7820_uncorr-similar-weights_01.ttp: 10.0 714077.0 611196.0 9251 12521.877462624843 240673.64588093088 539034
rat783_n7820_uncorr-similar-weights_01.ttp: 970.0 713117.0 613140.0 9245 12583.595788340852 240791.40062299417 540015
rat783_n7820_uncorr-similar-weights_01.ttp: 954.0 713133.0 613707.0 9248 12629.231461760504 240008.04104650667 539644
rat783_n7820_uncorr-similar-weights_01.ttp: 9.0 714078.0 612810.0 9251 12575.345430145253 240705.52872200194 545744
rat783_n7820_uncorr-similar-weights_01.ttp: 970.0 713117.0 613140.0 9247 12585.48842007396 240735.39765001152 545068
rat783_n7820_uncorr-similar-weights_01.ttp: 10.0 714077.0 611196.0 9253 12523.8739743171 240614.569099957 546796
rat783_n7820_uncorr-similar-weights_01.ttp: 9.0 714078.0 612901.0 9250 12570.276263758462 240946.52535538713 548757
rat783_n7820_uncorr-similar-weights_01.ttp: 18.0 714069.0 612720.0 9253 12558.486742430858 241114.37729147094 548949
rat783_n7820_uncorr-similar-weights_01.ttp: 973.0 713114.0 613337.0 9245 12590.244119706686 240791.6764978792 552890
rat783_n7820_uncorr-similar-weights_01.ttp: 958.0 713129.0 613424.0 9250 12604.027295847969 240470.83231585857 538406
rat783_n7820_uncorr-similar-weights_01.ttp: 973.0 713114.0 613337.0 9245 12590.14920162849 240794.48512381298 536368
rat783_n7820_uncorr-similar-weights_01.ttp: 22.0 714065.0 609592.0 9249 12461.32470994143 240861.40183283313 550685
rat783_n7820_uncorr-similar-weights_01.ttp: 17.0 714070.0 613356.0 9253 12627.10235513103 239720.04131167283 559749
rat783_n7820_uncorr-similar-weights_01.ttp: 970.0 713117.0 613140.0 9245 12583.492433978485 240794.45887857664 557007
rat783_n7820_uncorr-similar-weights_01.ttp: 5.0 714082.0 612753.0 9250 12554.32976269569 241270.3823218345 534064
rat783_n7820_uncorr-similar-weights_01.ttp: 5.0 714082.0 612753.0 9250 12554.459201053434 241266.55224082887 566641
rat783_n7820_uncorr-similar-weights_01.ttp: 34.0 714053.0 612178.0 9251 12537.83796788785 241183.37453019852 552220
rat783_n7820_uncorr-similar-weights_01.ttp: 22.0 714065.0 609592.0 9249 12461.33094440546 240861.21735504246 568889
rat783_n7820_uncorr-similar-weights_01.ttp: 973.0 713114.0 613337.0 9245 12590.153215533013 240794.36635237816 550712
rat783_n7820_uncorr-similar-weights_01.ttp: 18.0 714069.0 609591.0 9251 12463.906346736856 240784.0112000564 542555
rat783_n7820_uncorr-similar-weights_01.ttp: 0.0 714087.0 613868.0 9247 12605.778879286077 240863.002961925 544997
rat783_n7820_uncorr-similar-weights_01.ttp: 9.0 714078.0 612901.0 9250 12570.197026227066 240948.8699939411 540943
rat783_n7820_uncorr-similar-weights_01.ttp: 2.0 714085.0 613747.0 9247 12601.938025348369 240855.65382994176 568329
rat783_n7820_uncorr-similar-weights_01.ttp: 1.0 714086.0 609100.0 9252 12452.890823725067 240618.96052597527 549215
Instance :rat783_n7820_bounded-strongly-corr_01.ttp
RESULTS FOR heuristics : 20
rat783_n7820_bounded-strongly-corr_01.ttp: 40.0 673723.0 1013323.0 9258 11799.413825217984 408131.06490456965 42176
rat783_n7820_bounded-strongly-corr_01.ttp: 54.0 673709.0 1016509.0 9284 11793.686769535818 411610.8055905079 41148
rat783_n7820_bounded-strongly-corr_01.ttp: 31.0 673732.0 1013232.0 9250 11688.322534143905 413737.93722375913 38656
rat783_n7820_bounded-strongly-corr_01.ttp: 109.0 673654.0 1011054.0 9245 11628.935137466968 414605.9167993192 42724
rat783_n7820_bounded-strongly-corr_01.ttp: 12.0 673751.0 1013451.0 9257 11703.381313298698 413184.5724409098 40641
rat783_n7820_bounded-strongly-corr_01.ttp: 65.0 673698.0 1017798.0 9255 11777.986772220993 413705.05845278525 40569
rat783_n7820_bounded-strongly-corr_01.ttp: 6.0 673757.0 1017157.0 9256 11789.937245426536 412451.11868207296 41682
rat783_n7820_bounded-strongly-corr_01.ttp: 28.0 673735.0 1011535.0 9271 11659.86081458981 413500.7388196887 42498
rat783_n7820_bounded-strongly-corr_01.ttp: 26.0 673737.0 1014037.0 9258 11829.389596101953 407307.60761593084 42440
rat783_n7820_bounded-strongly-corr_01.ttp: 3.0 673760.0 1013160.0 9245 11682.332470229147 413973.1676019471 57366
rat783_n7820_bounded-strongly-corr_01.ttp: 11.0 673752.0 1012052.0 9277 11797.142630583365 406976.5544773792 42675
rat783_n7820_bounded-strongly-corr_01.ttp: 73.0 673690.0 1017690.0 9256 11782.766878329703 413351.88681046956 45835
rat783_n7820_bounded-strongly-corr_01.ttp: 93.0 673670.0 1018970.0 9261 11822.290051298818 412604.74326888367 40819
rat783_n7820_bounded-strongly-corr_01.ttp: 25.0 673738.0 1015538.0 9252 11757.406307094803 412500.6305091076 39127
rat783_n7820_bounded-strongly-corr_01.ttp: 32.0 673731.0 1019831.0 9250 11813.965317304806 413892.71887543646 40063
rat783_n7820_bounded-strongly-corr_01.ttp: 78.0 673685.0 1017385.0 9260 11766.465418139307 413882.98870363494 40852
rat783_n7820_bounded-strongly-corr_01.ttp: 28.0 673735.0 1020235.0 9249 11824.240126352399 413769.72391938546 39835
rat783_n7820_bounded-strongly-corr_01.ttp: 14.0 673749.0 1013149.0 9256 11685.869614942474 413780.7474496005 41473
rat783_n7820_bounded-strongly-corr_01.ttp: 31.0 673732.0 1014432.0 9250 11729.753728013015 412812.93129021244 43177
rat783_n7820_bounded-strongly-corr_01.ttp: 1.0 673762.0 1013062.0 9268 11810.968462881125 407277.4275388272 41382
rat783_n7820_bounded-strongly-corr_01.ttp: 32.0 673731.0 1012031.0 9256 11763.922880334265 408659.3954676556 41054
rat783_n7820_bounded-strongly-corr_01.ttp: 34.0 673729.0 1010629.0 9257 11695.76463490022 410753.2318759677 43413
rat783_n7820_bounded-strongly-corr_01.ttp: 75.0 673688.0 1019388.0 9265 11827.897982417315 412735.112481816 41744
rat783_n7820_bounded-strongly-corr_01.ttp: 9.0 673754.0 1017254.0 9252 11791.437001376678 412471.1961993902 40732
rat783_n7820_bounded-strongly-corr_01.ttp: 4.0 673759.0 1014459.0 9281 11772.821230733365 410630.99907568574 72695
rat783_n7820_bounded-strongly-corr_01.ttp: 39.0 673724.0 1019024.0 9245 11797.409755784798 413934.85362579767 41407
rat783_n7820_bounded-strongly-corr_01.ttp: 3.0 673760.0 1019860.0 9256 11820.258469721673 413598.9430879754 40170
rat783_n7820_bounded-strongly-corr_01.ttp: 16.0 673747.0 1017047.0 9249 11763.796465691403 413681.87927468796 41049
rat783_n7820_bounded-strongly-corr_01.ttp: 41.0 673722.0 1020822.0 9248 11847.068901046283 413185.83606533613 40526
rat783_n7820_bounded-strongly-corr_01.ttp: 39.0 673724.0 1011724.0 9255 11761.157080680512 408494.2533318965 42574
RESULTS FOR heuristics : 24
rat783_n7820_bounded-strongly-corr_01.ttp: 109.0 673654.0 1011054.0 9245 11628.981892812913 414603.51871762564 528936
rat783_n7820_bounded-strongly-corr_01.ttp: 13.0 673750.0 1016750.0 9253 11743.243430474211 414439.0444509777 474977
rat783_n7820_bounded-strongly-corr_01.ttp: 55.0 673708.0 1018808.0 9246 11781.769619725304 414521.0362042892 582745
rat783_n7820_bounded-strongly-corr_01.ttp: 102.0 673661.0 1015661.0 9253 11722.07884087045 414435.57625175465 459563
rat783_n7820_bounded-strongly-corr_01.ttp: 8.0 673755.0 1018855.0 9250 11790.506741561436 414119.9092253139 558564
rat783_n7820_bounded-strongly-corr_01.ttp: 9.0 673754.0 1018754.0 9246 11780.12069054507 414551.6097819434 556751
rat783_n7820_bounded-strongly-corr_01.ttp: 1.0 673762.0 1012462.0 9251 11650.883787073963 414888.1705609765 508627
rat783_n7820_bounded-strongly-corr_01.ttp: 41.0 673722.0 1014722.0 9248 11687.213294144907 415284.8301433077 555888
rat783_n7820_bounded-strongly-corr_01.ttp: 30.0 673733.0 1015033.0 9247 11706.174753643949 414623.2968856018 531502
rat783_n7820_bounded-strongly-corr_01.ttp: 10.0 673753.0 1011153.0 9249 11623.564378663103 414980.38301836944 533817
rat783_n7820_bounded-strongly-corr_01.ttp: 28.0 673735.0 1014835.0 9254 11710.294515543881 414213.99429775437 547263
rat783_n7820_bounded-strongly-corr_01.ttp: 54.0 673709.0 1015309.0 9258 11710.219112715324 414691.86170883104 554368
rat783_n7820_bounded-strongly-corr_01.ttp: 6.0 673757.0 1019657.0 9259 11809.179831247096 413964.1664553364 518253
rat783_n7820_bounded-strongly-corr_01.ttp: 41.0 673722.0 1014722.0 9248 11685.853313453752 415354.58355295705 526148
rat783_n7820_bounded-strongly-corr_01.ttp: 48.0 673715.0 1022015.0 9255 11842.805017066963 414597.53067463543 525831
rat783_n7820_bounded-strongly-corr_01.ttp: 26.0 673737.0 1015337.0 9255 11719.169919759983 414260.7748155105 486247
rat783_n7820_bounded-strongly-corr_01.ttp: 62.0 673701.0 1015801.0 9254 11727.830659337216 414280.5654825942 521564
rat783_n7820_bounded-strongly-corr_01.ttp: 3.0 673760.0 1021060.0 9257 11826.453468978118 414481.2015761123 531754
rat783_n7820_bounded-strongly-corr_01.ttp: 13.0 673750.0 1014550.0 9250 11695.728580932519 414676.0810839712 530287
rat783_n7820_bounded-strongly-corr_01.ttp: 67.0 673696.0 1014896.0 9245 11701.163050788973 414743.3471250336 560362
rat783_n7820_bounded-strongly-corr_01.ttp: 24.0 673739.0 1018939.0 9257 11797.334246669323 413853.7264883304 543624
rat783_n7820_bounded-strongly-corr_01.ttp: 54.0 673709.0 1019109.0 9262 11784.208979053443 414696.9214643489 565687
rat783_n7820_bounded-strongly-corr_01.ttp: 109.0 673654.0 1011054.0 9245 11628.952075106972 414605.04806776345 535398
rat783_n7820_bounded-strongly-corr_01.ttp: 18.0 673745.0 1018745.0 9257 11788.29073192305 414123.56835966674 551004
rat783_n7820_bounded-strongly-corr_01.ttp: 41.0 673722.0 1014722.0 9248 11687.252116999955 415282.8389190723 540370
rat783_n7820_bounded-strongly-corr_01.ttp: 28.0 673735.0 1017135.0 9257 11751.102097345176 414420.9734271659 563653
rat783_n7820_bounded-strongly-corr_01.ttp: 88.0 673675.0 1017575.0 9255 11756.992461310683 414558.856659375 556847
rat783_n7820_bounded-strongly-corr_01.ttp: 4.0 673759.0 1015259.0 9261 11704.493412355327 414935.5328802953 556574
rat783_n7820_bounded-strongly-corr_01.ttp: 12.0 673751.0 1015651.0 9257 11726.325564605422 414207.7617913879 564344
rat783_n7820_bounded-strongly-corr_01.ttp: 41.0 673722.0 1014722.0 9248 11687.219912982908 415284.49066310667 573373
