Enter TTP instance file:
RESULTS FOR heuristics : 20
pla33810_n33809_bounded-strongly-corr_01.ttp: 55.0 2915160.0 4454460.0 66344172 8.799720531726576E7 1814543.8404820273 51130
pla33810_n33809_bounded-strongly-corr_01.ttp: 1.0 2915214.0 4440614.0 66310270 8.566371016210899E7 1870702.6951367306 49889
pla33810_n33809_bounded-strongly-corr_01.ttp: 2.0 2915213.0 4445813.0 66370338 8.619675452625054E7 1859910.3642124836 50540
pla33810_n33809_bounded-strongly-corr_01.ttp: 34.0 2915181.0 4457081.0 66248130 8.560390655526698E7 1888963.8033419908 50337
pla33810_n33809_bounded-strongly-corr_01.ttp: 14.0 2915201.0 4465901.0 66216734 9.013756244894744E7 1761774.1265315767 50375
pla33810_n33809_bounded-strongly-corr_01.ttp: 0.0 2915215.0 4466915.0 66286767 9.310311516212137E7 1673821.545136359 50953
pla33810_n33809_bounded-strongly-corr_01.ttp: 75.0 2915140.0 4467040.0 66298280 8.867042036924133E7 1806927.3889227603 50232
pla33810_n33809_bounded-strongly-corr_01.ttp: 35.0 2915180.0 4448980.0 66250368 8.902315724427141E7 1778285.2826718576 51125
pla33810_n33809_bounded-strongly-corr_01.ttp: 109.0 2915106.0 4468706.0 66397328 9.42548663850381E7 1641060.0084488573 51242
pla33810_n33809_bounded-strongly-corr_01.ttp: 58.0 2915157.0 4440457.0 66372066 8.607051825181034E7 1858341.45244569 50873
pla33810_n33809_bounded-strongly-corr_01.ttp: 17.0 2915198.0 4452598.0 66318057 8.586488266629905E7 1876651.5200110287 50933
pla33810_n33809_bounded-strongly-corr_01.ttp: 15.0 2915200.0 4429400.0 66270796 8.596300317727688E7 1850509.9046816938 50276
pla33810_n33809_bounded-strongly-corr_01.ttp: 16.0 2915199.0 4469899.0 66305513 9.029814444837208E7 1760954.6665488374 50012
pla33810_n33809_bounded-strongly-corr_01.ttp: 100.0 2915115.0 4424215.0 66423242 8.630723267231232E7 1834998.0198306306 51028
pla33810_n33809_bounded-strongly-corr_01.ttp: 132.0 2915083.0 4436583.0 66229129 8.603766794621053E7 1855452.961613684 49738
pla33810_n33809_bounded-strongly-corr_01.ttp: 82.0 2915133.0 4439833.0 66293496 8.814636231673476E7 1795442.130497957 50541
pla33810_n33809_bounded-strongly-corr_01.ttp: 34.0 2915181.0 4469881.0 66386133 9.154038511065117E7 1723669.4466804652 50610
pla33810_n33809_bounded-strongly-corr_01.ttp: 12.0 2915203.0 4423403.0 66306781 8.77413958695667E7 1791161.1239129994 50286
pla33810_n33809_bounded-strongly-corr_01.ttp: 24.0 2915191.0 4447891.0 66322490 8.712752069558804E7 1834065.3791323588 49853
pla33810_n33809_bounded-strongly-corr_01.ttp: 33.0 2915182.0 4442982.0 66242242 8.694253253053747E7 1834706.024083876 49423
pla33810_n33809_bounded-strongly-corr_01.ttp: 34.0 2915181.0 4452381.0 66273183 8.830429045241499E7 1803252.2864275505 50443
pla33810_n33809_bounded-strongly-corr_01.ttp: 79.0 2915136.0 4423536.0 66330797 8.783073891465616E7 1788613.8325603153 49133
pla33810_n33809_bounded-strongly-corr_01.ttp: 37.0 2915178.0 4438778.0 66316222 8.61615990360042E7 1853930.0289198742 49817
pla33810_n33809_bounded-strongly-corr_01.ttp: 100.0 2915115.0 4430315.0 66272363 8.603714635207932E7 1849200.6094376207 50103
pla33810_n33809_bounded-strongly-corr_01.ttp: 94.0 2915121.0 4477821.0 66254260 9.055897510694917E7 1761051.7467915253 50894
pla33810_n33809_bounded-strongly-corr_01.ttp: 41.0 2915174.0 4455974.0 66266182 8.758355813635205E7 1828467.2559094387 50890
pla33810_n33809_bounded-strongly-corr_01.ttp: 3.0 2915212.0 4448512.0 66222110 8.707627615914899E7 1836223.7152255303 48559
pla33810_n33809_bounded-strongly-corr_01.ttp: 7.0 2915208.0 4462608.0 66244070 9.021591330048172E7 1756130.6009855485 49686
pla33810_n33809_bounded-strongly-corr_01.ttp: 82.0 2915133.0 4447033.0 66267444 8.563158806206053E7 1878085.358138184 50112
pla33810_n33809_bounded-strongly-corr_01.ttp: 20.0 2915195.0 4443295.0 66229004 8.701898581686834E7 1832725.42549395 49958
RESULTS FOR heuristics : 21
pla33810_n33809_bounded-strongly-corr_01.ttp: 37.0 2915178.0 4459278.0 66274124 8.993162451597023E7 1761329.2645208933 98404
pla33810_n33809_bounded-strongly-corr_01.ttp: 43.0 2915172.0 4421772.0 66303081 8.553398218779095E7 1855752.534366272 99048
pla33810_n33809_bounded-strongly-corr_01.ttp: 11.0 2915204.0 4477204.0 66248244 9.055639191943793E7 1760512.2424168624 98067
pla33810_n33809_bounded-strongly-corr_01.ttp: 25.0 2915190.0 4450490.0 66279304 8.734005406128825E7 1830288.3781613526 98796
pla33810_n33809_bounded-strongly-corr_01.ttp: 16.0 2915199.0 4422999.0 66276893 8.787089576575024E7 1786872.127027493 98819
pla33810_n33809_bounded-strongly-corr_01.ttp: 0.0 2915215.0 4453315.0 66362546 8.884232373347194E7 1788045.2879958418 98681
pla33810_n33809_bounded-strongly-corr_01.ttp: 80.0 2915135.0 4468535.0 66243436 9.126651536086288E7 1730539.539174114 98025
pla33810_n33809_bounded-strongly-corr_01.ttp: 15.0 2915200.0 4445200.0 66254975 8.678710951926889E7 1841586.7144219335 97315
pla33810_n33809_bounded-strongly-corr_01.ttp: 92.0 2915123.0 4443423.0 66342934 9.064801568521208E7 1723982.529443638 98066
pla33810_n33809_bounded-strongly-corr_01.ttp: 29.0 2915186.0 4452286.0 66201270 8.707820913480331E7 1839939.7259559007 97611
pla33810_n33809_bounded-strongly-corr_01.ttp: 42.0 2915173.0 4428673.0 66274645 9.05158983035807E7 1713196.050892579 97503
pla33810_n33809_bounded-strongly-corr_01.ttp: 51.0 2915164.0 4455864.0 66254942 8.577647468095869E7 1882569.7595712394 98904
pla33810_n33809_bounded-strongly-corr_01.ttp: 5.0 2915210.0 4437410.0 66343178 8.805720318077701E7 1795693.9045766895 97178
pla33810_n33809_bounded-strongly-corr_01.ttp: 20.0 2915195.0 4437395.0 66350344 8.65720654524809E7 1840233.0364255733 97872
pla33810_n33809_bounded-strongly-corr_01.ttp: 76.0 2915139.0 4444539.0 66327008 9.238193072154514E7 1673081.0783536457 97854
pla33810_n33809_bounded-strongly-corr_01.ttp: 55.0 2915160.0 4458860.0 66297388 8.64087680044336E7 1866596.9598669922 99230
pla33810_n33809_bounded-strongly-corr_01.ttp: 64.0 2915151.0 4465051.0 66263709 9.40186527150303E7 1644491.418549091 192397
pla33810_n33809_bounded-strongly-corr_01.ttp: 33.0 2915182.0 4440382.0 66307096 8.731471997815087E7 1820940.400655474 97669
pla33810_n33809_bounded-strongly-corr_01.ttp: 66.0 2915149.0 4440949.0 66301459 8.603450316139951E7 1859913.9051580145 96440
pla33810_n33809_bounded-strongly-corr_01.ttp: 38.0 2915177.0 4443977.0 66283258 8.742623178599909E7 1821190.0464200275 98090
pla33810_n33809_bounded-strongly-corr_01.ttp: 84.0 2915131.0 4438031.0 66365884 8.544414796985771E7 1874706.5609042686 98084
pla33810_n33809_bounded-strongly-corr_01.ttp: 37.0 2915178.0 4457178.0 66294833 8.684456201051013E7 1851841.1396846962 98601
pla33810_n33809_bounded-strongly-corr_01.ttp: 6.0 2915209.0 4454609.0 66319081 8.950681187882282E7 1769404.6436353154 99164
pla33810_n33809_bounded-strongly-corr_01.ttp: 18.0 2915197.0 4417497.0 66332001 8.58772317120003E7 1841180.0486399913 98621
pla33810_n33809_bounded-strongly-corr_01.ttp: 27.0 2915188.0 4464588.0 66321298 8.670689334108844E7 1863381.199767347 98895
pla33810_n33809_bounded-strongly-corr_01.ttp: 26.0 2915189.0 4432589.0 66353064 8.758391466956781E7 1805071.5599129656 98742
pla33810_n33809_bounded-strongly-corr_01.ttp: 54.0 2915161.0 4427461.0 66266458 8.642653913498358E7 1834664.8259504926 98033
pla33810_n33809_bounded-strongly-corr_01.ttp: 63.0 2915152.0 4446552.0 66253748 8.763643365054779E7 1817458.9904835667 99033
pla33810_n33809_bounded-strongly-corr_01.ttp: 21.0 2915194.0 4461494.0 66339398 9.083511214614297E7 1736440.6356157106 99032
pla33810_n33809_bounded-strongly-corr_01.ttp: 21.0 2915194.0 4439094.0 66369683 8.77823874948056E7 1805622.3751558322 97704
RESULTS FOR heuristics : 22
pla33810_n33809_bounded-strongly-corr_01.ttp: 1.0 2915214.0 4454014.0 66289472 8.768685856409909E7 1823408.2430770276 599795
pla33810_n33809_bounded-strongly-corr_01.ttp: 10.0 2915205.0 4465005.0 66290003 9.158340428924622E7 1717502.8713226137 599791
pla33810_n33809_bounded-strongly-corr_01.ttp: 31.0 2915184.0 4459084.0 66317252 9.316447478535406E7 1664149.756439378 599805
pla33810_n33809_bounded-strongly-corr_01.ttp: 59.0 2915156.0 4455456.0 66353935 9.150744576670435E7 1710232.6269988697 599802
pla33810_n33809_bounded-strongly-corr_01.ttp: 38.0 2915177.0 4449077.0 66338244 8.745094502801332E7 1825548.6491596005 599802
pla33810_n33809_bounded-strongly-corr_01.ttp: 4.0 2915211.0 4461911.0 66305664 9.258965448317628E7 1684221.3655047119 599793
pla33810_n33809_bounded-strongly-corr_01.ttp: 11.0 2915204.0 4455104.0 66247529 9.016942898455635E7 1750021.1304633096 599803
pla33810_n33809_bounded-strongly-corr_01.ttp: 33.0 2915182.0 4475682.0 66341357 9.130949213937034E7 1736397.23581889 599802
pla33810_n33809_bounded-strongly-corr_01.ttp: 45.0 2915170.0 4457770.0 66334491 9.25054415167354E7 1682606.7544979379 599809
pla33810_n33809_bounded-strongly-corr_01.ttp: 55.0 2915160.0 4439160.0 66257204 8.629852772281949E7 1850204.1683154153 599802
pla33810_n33809_bounded-strongly-corr_01.ttp: 7.0 2915208.0 4433808.0 66407983 8.78199782015368E7 1799208.653953896 599791
pla33810_n33809_bounded-strongly-corr_01.ttp: 9.0 2915206.0 4445706.0 66282066 8.785869222257596E7 1809945.2333227214 599796
pla33810_n33809_bounded-strongly-corr_01.ttp: 8.0 2915207.0 4439707.0 66292549 8.924772395911545E7 1762275.2812265367 599796
pla33810_n33809_bounded-strongly-corr_01.ttp: 0.0 2915215.0 4416315.0 66324000 8.586513425094606E7 1840360.972471618 599806
pla33810_n33809_bounded-strongly-corr_01.ttp: 2.0 2915213.0 4464013.0 66375736 8.831587934769261E7 1814536.619569222 599807
pla33810_n33809_bounded-strongly-corr_01.ttp: 13.0 2915202.0 4464002.0 66306883 8.992139324279815E7 1766360.2027160558 599807
pla33810_n33809_bounded-strongly-corr_01.ttp: 2.0 2915213.0 4443213.0 66358888 8.729966475248763E7 1824223.0574253714 599795
pla33810_n33809_bounded-strongly-corr_01.ttp: 31.0 2915184.0 4449884.0 66281753 8.946895961603951E7 1765815.2115188148 599814
pla33810_n33809_bounded-strongly-corr_01.ttp: 2.0 2915213.0 4419213.0 66343220 8.789847438934962E7 1782258.7683195113 599792
pla33810_n33809_bounded-strongly-corr_01.ttp: 43.0 2915172.0 4448672.0 66186425 8.91954193691283E7 1772809.418926151 599807
pla33810_n33809_bounded-strongly-corr_01.ttp: 22.0 2915193.0 4463693.0 66323212 9.162090951886618E7 1715065.7144340146 599804
pla33810_n33809_bounded-strongly-corr_01.ttp: 3.0 2915212.0 4425812.0 66316503 8.65873781109626E7 1828190.6566711222 599801
pla33810_n33809_bounded-strongly-corr_01.ttp: 29.0 2915186.0 4454986.0 66244878 8.966619736803731E7 1765000.0789588806 599807
pla33810_n33809_bounded-strongly-corr_01.ttp: 21.0 2915194.0 4461994.0 66353879 8.847904012400837E7 1807622.796279749 599803
pla33810_n33809_bounded-strongly-corr_01.ttp: 10.0 2915205.0 4448305.0 66293879 8.826948838513224E7 1800220.348446033 599806
pla33810_n33809_bounded-strongly-corr_01.ttp: 9.0 2915206.0 4439606.0 66316115 8.595439986349303E7 1860974.0040952093 599791
pla33810_n33809_bounded-strongly-corr_01.ttp: 16.0 2915199.0 4431099.0 66319851 8.598522730737218E7 1851542.1807788345 599811
pla33810_n33809_bounded-strongly-corr_01.ttp: 19.0 2915196.0 4444196.0 66270260 9.02198953342687E7 1737599.139971939 599807
pla33810_n33809_bounded-strongly-corr_01.ttp: 9.0 2915206.0 4449906.0 66259074 8.732023691007835E7 1830298.8926976495 599804
pla33810_n33809_bounded-strongly-corr_01.ttp: 4.0 2915211.0 4413111.0 66318913 8.85887924224721E7 1755447.2273258371 599810
RESULTS FOR heuristics : 23
pla33810_n33809_bounded-strongly-corr_01.ttp: 5.0 2915210.0 4468610.0 66292658 9.140119231423827E7 1726574.2305728523 599902
pla33810_n33809_bounded-strongly-corr_01.ttp: 0.0 2915215.0 4446215.0 66304767 8.93695661686861E7 1765128.0149394167 599817
pla33810_n33809_bounded-strongly-corr_01.ttp: 69.0 2915146.0 4435246.0 66372785 8.734978667228657E7 1814752.399831403 599827
pla33810_n33809_bounded-strongly-corr_01.ttp: 5.0 2915210.0 4416310.0 66323067 8.811954546078034E7 1772723.6361765899 599801
pla33810_n33809_bounded-strongly-corr_01.ttp: 61.0 2915154.0 4443754.0 66288360 8.720941909021549E7 1827471.4272935353 599817
pla33810_n33809_bounded-strongly-corr_01.ttp: 105.0 2915110.0 4469410.0 66302508 8.99854254413328E7 1769847.236760016 599799
pla33810_n33809_bounded-strongly-corr_01.ttp: 71.0 2915144.0 4451744.0 66263698 8.926357524843512E7 1773836.7425469463 599915
pla33810_n33809_bounded-strongly-corr_01.ttp: 94.0 2915121.0 4436221.0 66275760 9.00025663894704E7 1736144.0083158882 599808
pla33810_n33809_bounded-strongly-corr_01.ttp: 26.0 2915189.0 4450489.0 66240531 8.925256560259093E7 1772912.031922272 599897
pla33810_n33809_bounded-strongly-corr_01.ttp: 62.0 2915153.0 4440353.0 66243541 8.732367000087571E7 1820642.8999737287 599870
pla33810_n33809_bounded-strongly-corr_01.ttp: 26.0 2915189.0 4439789.0 66337192 8.793737043906903E7 1801667.886827929 599863
pla33810_n33809_bounded-strongly-corr_01.ttp: 70.0 2915145.0 4448445.0 66315438 9.001347077784413E7 1748040.8766646762 599882
pla33810_n33809_bounded-strongly-corr_01.ttp: 63.0 2915152.0 4439852.0 66323368 8.82263577023952E7 1793061.2689281441 599802
pla33810_n33809_bounded-strongly-corr_01.ttp: 56.0 2915159.0 4452859.0 66412086 8.642698283425625E7 1860049.5149723128 599824
pla33810_n33809_bounded-strongly-corr_01.ttp: 119.0 2915096.0 4465696.0 66316385 9.31358455239238E7 1671620.6342822863 599838
pla33810_n33809_bounded-strongly-corr_01.ttp: 16.0 2915199.0 4440299.0 66318440 8.596215448786622E7 1861434.3653640132 599895
pla33810_n33809_bounded-strongly-corr_01.ttp: 66.0 2915149.0 4465549.0 66277776 9.11082969137819E7 1732300.0925865434 599835
pla33810_n33809_bounded-strongly-corr_01.ttp: 51.0 2915164.0 4451864.0 66321942 8.953821772446598E7 1765717.4682660205 599917
pla33810_n33809_bounded-strongly-corr_01.ttp: 29.0 2915186.0 4461586.0 66309071 9.137598999987088E7 1720306.3000038736 599877
pla33810_n33809_bounded-strongly-corr_01.ttp: 15.0 2915200.0 4456400.0 66237802 9.022744887829646E7 1749576.533651106 599875
pla33810_n33809_bounded-strongly-corr_01.ttp: 56.0 2915159.0 4429659.0 66282740 8.697845471924542E7 1820305.3584226375 599859
pla33810_n33809_bounded-strongly-corr_01.ttp: 0.0 2915215.0 4455515.0 66286300 8.622877841391696E7 1868651.6475824914 599805
pla33810_n33809_bounded-strongly-corr_01.ttp: 39.0 2915176.0 4458176.0 66309924 9.120178530038527E7 1722122.440988442 599934
pla33810_n33809_bounded-strongly-corr_01.ttp: 8.0 2915207.0 4445507.0 66288986 8.716369713388634E7 1830596.08598341 599929
pla33810_n33809_bounded-strongly-corr_01.ttp: 9.0 2915206.0 4453006.0 66313173 9.060823627439214E7 1734758.9117682357 599831
pla33810_n33809_bounded-strongly-corr_01.ttp: 103.0 2915112.0 4468112.0 66361722 9.110497207964823E7 1734962.8376105535 599826
pla33810_n33809_bounded-strongly-corr_01.ttp: 2.0 2915213.0 4409913.0 66330033 8.772684887195806E7 1778107.5338412584 599949
pla33810_n33809_bounded-strongly-corr_01.ttp: 27.0 2915188.0 4428888.0 66299572 8.681721619322787E7 1824371.5142031638 599850
pla33810_n33809_bounded-strongly-corr_01.ttp: 51.0 2915164.0 4451064.0 66239024 8.766750558436778E7 1821038.8324689665 599831
pla33810_n33809_bounded-strongly-corr_01.ttp: 78.0 2915137.0 4437437.0 66357637 8.8054360579365E7 1795806.1826190501 599829
RESULTS FOR heuristics : 24
pla33810_n33809_bounded-strongly-corr_01.ttp: 24.0 2915191.0 4457791.0 66238490 8.657725932622252E7 1860473.2202133243 562232
pla33810_n33809_bounded-strongly-corr_01.ttp: 61.0 2915154.0 4452554.0 66366953 8.530217946717873E7 1893488.6159846382 563895
pla33810_n33809_bounded-strongly-corr_01.ttp: 21.0 2915194.0 4451494.0 66287852 8.578977434027041E7 1877800.7697918876 566587
pla33810_n33809_bounded-strongly-corr_01.ttp: 37.0 2915178.0 4453678.0 66240844 8.621112705427782E7 1867344.1883716653 562749
pla33810_n33809_bounded-strongly-corr_01.ttp: 29.0 2915186.0 4455786.0 66226365 8.60585455376489E7 1874029.6338705332 561809
pla33810_n33809_bounded-strongly-corr_01.ttp: 39.0 2915176.0 4442376.0 66243419 8.690451282125667E7 1835240.6153623 567370
pla33810_n33809_bounded-strongly-corr_01.ttp: 1.0 2915214.0 4445214.0 66251995 8.639528851619394E7 1853355.3445141818 568416
pla33810_n33809_bounded-strongly-corr_01.ttp: 46.0 2915169.0 4422369.0 66315351 8.535577206360959E7 1861695.8380917124 560259
pla33810_n33809_bounded-strongly-corr_01.ttp: 5.0 2915210.0 4452410.0 66224867 8.550112190307409E7 1887376.3429077775 557998
pla33810_n33809_bounded-strongly-corr_01.ttp: 0.0 2915215.0 4440315.0 66305974 8.57126492744354E7 1868935.5217669383 567599
pla33810_n33809_bounded-strongly-corr_01.ttp: 8.0 2915207.0 4461107.0 66274130 8.667706022830757E7 1860795.1931507727 562714
pla33810_n33809_bounded-strongly-corr_01.ttp: 89.0 2915126.0 4442726.0 66327453 8.568805964072284E7 1872084.210778315 565459
pla33810_n33809_bounded-strongly-corr_01.ttp: 35.0 2915180.0 4450380.0 66284548 8.602062842520016E7 1869761.1472439952 568683
pla33810_n33809_bounded-strongly-corr_01.ttp: 17.0 2915198.0 4446698.0 66352974 8.578196667799635E7 1873238.9996601096 561191
pla33810_n33809_bounded-strongly-corr_01.ttp: 16.0 2915199.0 4443099.0 66239882 8.527530321104212E7 1884839.9036687366 565037
pla33810_n33809_bounded-strongly-corr_01.ttp: 55.0 2915160.0 4445460.0 66272917 8.581476852719529E7 1871016.9441841412 566856
pla33810_n33809_bounded-strongly-corr_01.ttp: 93.0 2915122.0 4463122.0 66358307 8.61099090417045E7 1879824.728748865 566686
pla33810_n33809_bounded-strongly-corr_01.ttp: 46.0 2915169.0 4444769.0 66230130 8.627874876834719E7 1856406.5369495843 562498
pla33810_n33809_bounded-strongly-corr_01.ttp: 14.0 2915201.0 4450301.0 66403642 8.538775847851433E7 1888668.2456445703 568024
pla33810_n33809_bounded-strongly-corr_01.ttp: 4.0 2915211.0 4464011.0 66262805 8.638708440978964E7 1872398.467706311 568223
pla33810_n33809_bounded-strongly-corr_01.ttp: 45.0 2915170.0 4440770.0 66260968 8.579893812119454E7 1866801.856364164 566527
pla33810_n33809_bounded-strongly-corr_01.ttp: 56.0 2915159.0 4442559.0 66340785 8.611733448736672E7 1859038.9653789983 566286
pla33810_n33809_bounded-strongly-corr_01.ttp: 97.0 2915118.0 4455518.0 66372197 8.641234640237284E7 1863147.6079288148 563835
pla33810_n33809_bounded-strongly-corr_01.ttp: 19.0 2915196.0 4432796.0 66367692 8.574735321881683E7 1860375.4034354952 566545
pla33810_n33809_bounded-strongly-corr_01.ttp: 122.0 2915093.0 4450493.0 66269574 8.574757153904113E7 1878065.853828766 557146
pla33810_n33809_bounded-strongly-corr_01.ttp: 61.0 2915154.0 4453554.0 66306381 8.570172600081739E7 1882502.2199754785 549124
pla33810_n33809_bounded-strongly-corr_01.ttp: 57.0 2915158.0 4457558.0 66264279 8.697028813918613E7 1848449.355824416 566763
pla33810_n33809_bounded-strongly-corr_01.ttp: 10.0 2915205.0 4445105.0 66299067 8.559768642086944E7 1877174.4073739168 556889
pla33810_n33809_bounded-strongly-corr_01.ttp: 100.0 2915115.0 4454815.0 66304159 8.550668826919767E7 1889614.3519240697 560730
pla33810_n33809_bounded-strongly-corr_01.ttp: 57.0 2915158.0 4431458.0 66332098 8.542443717285958E7 1868724.8848142126 565506
RESULTS FOR heuristics : 25
pla33810_n33809_bounded-strongly-corr_01.ttp: 74.0 2915141.0 4452041.0 66257593 8.734784101432194E7 1831605.7695703418 600014
pla33810_n33809_bounded-strongly-corr_01.ttp: 43.0 2915172.0 4429772.0 66355558 8.643813633217725E7 1836627.9100346826 600013
pla33810_n33809_bounded-strongly-corr_01.ttp: 64.0 2915151.0 4467751.0 66291874 8.999628933225237E7 1767862.320032429 600014
pla33810_n33809_bounded-strongly-corr_01.ttp: 35.0 2915180.0 4452180.0 66356040 8.950270270328742E7 1767098.9189013774 600013
pla33810_n33809_bounded-strongly-corr_01.ttp: 22.0 2915193.0 4464393.0 66277793 9.020171882846472E7 1758341.4351460584 600013
pla33810_n33809_bounded-strongly-corr_01.ttp: 51.0 2915164.0 4463364.0 66273693 9.031168483981873E7 1754013.454805438 600013
pla33810_n33809_bounded-strongly-corr_01.ttp: 81.0 2915134.0 4438834.0 66341488 8.779498384557381E7 1804984.484632786 600013
pla33810_n33809_bounded-strongly-corr_01.ttp: 48.0 2915167.0 4471767.0 66279532 9.022225255348194E7 1765099.423395542 600013
pla33810_n33809_bounded-strongly-corr_01.ttp: 7.0 2915208.0 4429808.0 66318216 8.780530643018423E7 1795648.8070944734 600013
pla33810_n33809_bounded-strongly-corr_01.ttp: 1.0 2915214.0 4453414.0 66304131 8.745559161619335E7 1829746.2515141997 600014
pla33810_n33809_bounded-strongly-corr_01.ttp: 10141.0 2905074.0 4443374.0 66296179 9.24556614609198E7 1669704.1561724064 600014
pla33810_n33809_bounded-strongly-corr_01.ttp: 22.0 2915193.0 4449293.0 66370738 8.634028315302931E7 1859084.505409121 600014
pla33810_n33809_bounded-strongly-corr_01.ttp: 3.0 2915212.0 4472512.0 66353766 9.124739422522013E7 1735090.1732433964 600013
pla33810_n33809_bounded-strongly-corr_01.ttp: 21.0 2915194.0 4460994.0 66358502 9.235022174942192E7 1690487.3475173423 600013
pla33810_n33809_bounded-strongly-corr_01.ttp: 56.0 2915159.0 4457459.0 66295340 8.82127562650438E7 1811076.3120486862 600013
pla33810_n33809_bounded-strongly-corr_01.ttp: 37.0 2915178.0 4452978.0 66422466 8.74805991802597E7 1828560.0245922091 600013
pla33810_n33809_bounded-strongly-corr_01.ttp: 80.0 2915135.0 4433935.0 66351364 8.533804480388318E7 1873793.6558835045 600013
pla33810_n33809_bounded-strongly-corr_01.ttp: 118.0 2915097.0 4433497.0 66430917 8.823179783433717E7 1786543.0649698847 600013
pla33810_n33809_bounded-strongly-corr_01.ttp: 35.0 2915180.0 4467780.0 66262269 9.126077601887418E7 1729956.7194337747 600014
pla33810_n33809_bounded-strongly-corr_01.ttp: 41.0 2915174.0 4456174.0 66413725 8.841951193904394E7 1803588.6418286818 600014
pla33810_n33809_bounded-strongly-corr_01.ttp: 22.0 2915193.0 4477593.0 66370110 9.10569213771473E7 1745885.358685581 600014
pla33810_n33809_bounded-strongly-corr_01.ttp: 84.0 2915131.0 4448331.0 66288607 8.801298947228108E7 1807941.3158315676 600013
pla33810_n33809_bounded-strongly-corr_01.ttp: 67.0 2915148.0 4444848.0 66228233 8.952848045473166E7 1758993.5863580504 600027
pla33810_n33809_bounded-strongly-corr_01.ttp: 79.0 2915136.0 4446536.0 66306528 8.767096709452346E7 1816406.9871642962 600015
pla33810_n33809_bounded-strongly-corr_01.ttp: 17.0 2915198.0 4446198.0 66369623 8.632937520021698E7 1856316.743993491 600018
pla33810_n33809_bounded-strongly-corr_01.ttp: 5.0 2915210.0 4425910.0 66382252 8.732058939627583E7 1806292.3181117252 600019
pla33810_n33809_bounded-strongly-corr_01.ttp: 120.0 2915095.0 4434695.0 66333389 8.957096770648327E7 1747565.9688055017 600028
pla33810_n33809_bounded-strongly-corr_01.ttp: 11.0 2915204.0 4459504.0 66300004 8.88062623730406E7 1795316.128808782 600017
pla33810_n33809_bounded-strongly-corr_01.ttp: 33.0 2915182.0 4469082.0 66413094 9.076417109186254E7 1746156.867244124 600017
pla33810_n33809_bounded-strongly-corr_01.ttp: 50.0 2915165.0 4427465.0 66339004 8.643719306027684E7 1834349.2081916952 599834
RESULTS FOR heuristics : 26
pla33810_n33809_bounded-strongly-corr_01.ttp: 12.0 2915203.0 4443803.0 66314505 8.629962513936329E7 1854814.2458191016 600019
pla33810_n33809_bounded-strongly-corr_01.ttp: 22.0 2915193.0 4434893.0 66294355 8.784971565691948E7 1799401.5302924155 600018
pla33810_n33809_bounded-strongly-corr_01.ttp: 59.0 2915156.0 4447056.0 66229697 8.673604103958018E7 1844974.7688125945 600020
pla33810_n33809_bounded-strongly-corr_01.ttp: 78.0 2915137.0 4428237.0 66263986 8.805799998704298E7 1786497.0003887108 600018
pla33810_n33809_bounded-strongly-corr_01.ttp: 18.0 2915197.0 4445197.0 66325537 8.896285074021597E7 1776311.4777935208 600020
pla33810_n33809_bounded-strongly-corr_01.ttp: 4.0 2915211.0 4461911.0 66282515 9.042456090098552E7 1749174.1729704342 600018
pla33810_n33809_bounded-strongly-corr_01.ttp: 59.0 2915156.0 4446156.0 66258601 8.978743369353583E7 1752532.9891939252 600018
pla33810_n33809_bounded-strongly-corr_01.ttp: 55.0 2915160.0 4469960.0 66306551 9.146513704019837E7 1726005.8887940492 600019
pla33810_n33809_bounded-strongly-corr_01.ttp: 19.0 2915196.0 4463196.0 66318389 9.163926246731761E7 1714018.1259804717 600018
pla33810_n33809_bounded-strongly-corr_01.ttp: 93.0 2915122.0 4444622.0 66273924 8.737221451930852E7 1823455.5644207443 600019
pla33810_n33809_bounded-strongly-corr_01.ttp: 33.0 2915182.0 4442182.0 66248442 8.854178031481509E7 1785928.5905555473 600019
pla33810_n33809_bounded-strongly-corr_01.ttp: 119.0 2915096.0 4423896.0 66273957 8.899284374842015E7 1754110.6875473955 600019
pla33810_n33809_bounded-strongly-corr_01.ttp: 3.0 2915212.0 4439412.0 66325660 8.655081213637911E7 1842887.635908627 600018
pla33810_n33809_bounded-strongly-corr_01.ttp: 9.0 2915206.0 4440706.0 66306802 8.923183493429206E7 1763750.951971238 600019
pla33810_n33809_bounded-strongly-corr_01.ttp: 20.0 2915195.0 4469895.0 66331495 9.011582410252896E7 1766420.2769241314 600019
pla33810_n33809_bounded-strongly-corr_01.ttp: 18.0 2915197.0 4443897.0 66337032 8.71784279724602E7 1828544.160826194 600020
pla33810_n33809_bounded-strongly-corr_01.ttp: 88.0 2915127.0 4441627.0 66370715 8.730860121046276E7 1822368.963686117 600021
pla33810_n33809_bounded-strongly-corr_01.ttp: 13.0 2915202.0 4439902.0 66337422 8.668198457196131E7 1839442.4628411606 600018
pla33810_n33809_bounded-strongly-corr_01.ttp: 12.0 2915203.0 4440703.0 66286771 8.6866045619641E7 1834721.6314107701 600018
pla33810_n33809_bounded-strongly-corr_01.ttp: 13.0 2915202.0 4448902.0 66277218 8.78324174823435E7 1813929.4755296954 600019
pla33810_n33809_bounded-strongly-corr_01.ttp: 7.0 2915208.0 4457908.0 66341788 8.804926951859283E7 1816429.914442215 600019
pla33810_n33809_bounded-strongly-corr_01.ttp: 26.0 2915189.0 4442889.0 66297501 8.931868638328105E7 1763328.4085015687 600018
pla33810_n33809_bounded-strongly-corr_01.ttp: 0.0 2915215.0 4456715.0 66379548 8.927548441514073E7 1778450.467545778 600018
pla33810_n33809_bounded-strongly-corr_01.ttp: 30.0 2915185.0 4444685.0 66299243 9.196775034499261E7 1685652.489650222 600019
pla33810_n33809_bounded-strongly-corr_01.ttp: 15.0 2915200.0 4446600.0 66261897 8.74442768335037E7 1823271.6949948892 600015
pla33810_n33809_bounded-strongly-corr_01.ttp: 6.0 2915209.0 4449109.0 66317544 8.77521687230623E7 1816543.938308131 600015
pla33810_n33809_bounded-strongly-corr_01.ttp: 11.0 2915204.0 4415004.0 66431071 8.783025100006528E7 1780096.4699980416 600014
pla33810_n33809_bounded-strongly-corr_01.ttp: 29.0 2915186.0 4457786.0 66282909 8.689684657314144E7 1850880.602805757 600015
pla33810_n33809_bounded-strongly-corr_01.ttp: 15.0 2915200.0 4464800.0 66279373 9.061699058432913E7 1746290.2824701262 600015
pla33810_n33809_bounded-strongly-corr_01.ttp: 56.0 2915159.0 4467159.0 66359279 9.054999029201938E7 1750659.2912394186 600014
RESULTS FOR heuristics : 27
pla33810_n33809_bounded-strongly-corr_01.ttp: 16.0 2915199.0 4430299.0 66325297 8.560101702191725E7 1862268.4893424823 600014
pla33810_n33809_bounded-strongly-corr_01.ttp: 121.0 2915094.0 4466694.0 66314531 8.773899027852863E7 1834524.291644141 599865
pla33810_n33809_bounded-strongly-corr_01.ttp: 3.0 2915212.0 4456312.0 66313530 8.757707598986135E7 1828999.7203041594 600014
pla33810_n33809_bounded-strongly-corr_01.ttp: 56.0 2915159.0 4445459.0 66328331 8.724720107533416E7 1828042.967739975 600014
pla33810_n33809_bounded-strongly-corr_01.ttp: 8.0 2915207.0 4447707.0 66283406 8.68492876670815E7 1842228.3699875548 600015
pla33810_n33809_bounded-strongly-corr_01.ttp: 17.0 2915198.0 4445098.0 66331273 8.643192731834619E7 1852140.1804496143 600014
pla33810_n33809_bounded-strongly-corr_01.ttp: 22.0 2915193.0 4430893.0 66237026 8.659911997245453E7 1832919.4008263643 600013
pla33810_n33809_bounded-strongly-corr_01.ttp: 15.0 2915200.0 4439100.0 66229634 8.649196526553142E7 1844341.0420340574 600014
pla33810_n33809_bounded-strongly-corr_01.ttp: 43.0 2915172.0 4436572.0 66237521 8.556633862756473E7 1869581.8411730584 600015
pla33810_n33809_bounded-strongly-corr_01.ttp: 28.0 2915187.0 4453187.0 66332401 8.68127274829684E7 1848805.175510948 600014
pla33810_n33809_bounded-strongly-corr_01.ttp: 58.0 2915157.0 4444757.0 66289091 8.686095685802667E7 1838928.2942591999 600015
pla33810_n33809_bounded-strongly-corr_01.ttp: 2.0 2915213.0 4442913.0 66279508 8.733030489813602E7 1823003.8530559195 600015
pla33810_n33809_bounded-strongly-corr_01.ttp: 16.0 2915199.0 4426599.0 66213892 8.701292225391413E7 1816211.332382576 600014
pla33810_n33809_bounded-strongly-corr_01.ttp: 7.0 2915208.0 4437408.0 66284619 8.739117862567091E7 1815672.6412298726 600014
pla33810_n33809_bounded-strongly-corr_01.ttp: 23.0 2915192.0 4427992.0 66327575 8.686380536953959E7 1822077.8389138123 600014
pla33810_n33809_bounded-strongly-corr_01.ttp: 77.0 2915138.0 4414238.0 66280946 8.629292562586643E7 1825450.2312240074 600019
pla33810_n33809_bounded-strongly-corr_01.ttp: 76.0 2915139.0 4447339.0 66297821 8.745040702581052E7 1823826.7892256845 600015
pla33810_n33809_bounded-strongly-corr_01.ttp: 11.0 2915204.0 4448204.0 66238437 8.711635020159914E7 1834713.4939520261 600016
pla33810_n33809_bounded-strongly-corr_01.ttp: 90.0 2915125.0 4302625.0 66341481 8.217597429158826E7 1837345.7712523523 600025
pla33810_n33809_bounded-strongly-corr_01.ttp: 73.0 2915142.0 4423442.0 66440870 8.923989086446367E7 1746245.2740660901 599794
pla33810_n33809_bounded-strongly-corr_01.ttp: 82.0 2915133.0 4425833.0 66334243 8.765897738858825E7 1796063.6783423526 600013
pla33810_n33809_bounded-strongly-corr_01.ttp: 17.0 2915198.0 4453298.0 66327471 8.72279379955271E7 1836459.8601341872 600014
pla33810_n33809_bounded-strongly-corr_01.ttp: 5.0 2915210.0 4455210.0 66338943 8.829789343473126E7 1806273.1969580622 600019
pla33810_n33809_bounded-strongly-corr_01.ttp: 1.0 2915214.0 4421814.0 66350430 8.820982189844346E7 1775519.3430466964 600014
pla33810_n33809_bounded-strongly-corr_01.ttp: 3.0 2915212.0 4413912.0 66263571 8.58827990402473E7 1837428.028792581 600017
pla33810_n33809_bounded-strongly-corr_01.ttp: 57.0 2915158.0 4451458.0 66313488 8.81958135675346E7 1805583.5929739624 600017
pla33810_n33809_bounded-strongly-corr_01.ttp: 5.0 2915210.0 4302110.0 66332272 8.369451387892751E7 1791274.5836321749 600018
pla33810_n33809_bounded-strongly-corr_01.ttp: 109.0 2915106.0 4441806.0 66393323 8.699058823835358E7 1832088.3528493927 600018
pla33810_n33809_bounded-strongly-corr_01.ttp: 15.0 2915200.0 4423900.0 66340743 8.54712108315202E7 1859763.6750543942 600018
pla33810_n33809_bounded-strongly-corr_01.ttp: 20.0 2915195.0 4346895.0 66332725 8.460938718942311E7 1808613.3843173068 600018
RESULTS FOR heuristics : 28
pla33810_n33809_bounded-strongly-corr_01.ttp: 12.0 2915203.0 4438303.0 66232453 8.56841048028132E7 1867779.8559156042 600021
pla33810_n33809_bounded-strongly-corr_01.ttp: 65.0 2915150.0 4454650.0 66299085 8.636225948071468E7 1863782.2155785598 600019
pla33810_n33809_bounded-strongly-corr_01.ttp: 58.0 2915157.0 4442057.0 66338577 8.664222327535085E7 1842790.3017394743 600018
pla33810_n33809_bounded-strongly-corr_01.ttp: 39.0 2915176.0 4429976.0 66244839 8.723980975616555E7 1812781.7073150338 600017
pla33810_n33809_bounded-strongly-corr_01.ttp: 10.0 2915205.0 4337405.0 66382836 8.36903712100838E7 1826693.863697486 600019
pla33810_n33809_bounded-strongly-corr_01.ttp: 40.0 2915175.0 4461875.0 66242343 8.642247894286557E7 1869200.631714033 600020
pla33810_n33809_bounded-strongly-corr_01.ttp: 25.0 2915190.0 4446890.0 66265529 8.6613940515387E7 1848471.78453839 600019
pla33810_n33809_bounded-strongly-corr_01.ttp: 63.0 2915152.0 4461152.0 66268275 8.994028366180928E7 1762943.4901457215 600019
pla33810_n33809_bounded-strongly-corr_01.ttp: 13.0 2915202.0 4459602.0 66270118 8.675435235344587E7 1856971.4293966237 600019
pla33810_n33809_bounded-strongly-corr_01.ttp: 78.0 2915137.0 4453937.0 66284731 8.789693797530966E7 1817028.8607407105 600020
pla33810_n33809_bounded-strongly-corr_01.ttp: 19.0 2915196.0 4430596.0 66204225 8.619348919300897E7 1844791.324209731 600020
pla33810_n33809_bounded-strongly-corr_01.ttp: 26.0 2915189.0 4329189.0 66262844 8.332381460582271E7 1829474.5618253187 600019
pla33810_n33809_bounded-strongly-corr_01.ttp: 46.0 2915169.0 4324869.0 66352280 8.365380164837576E7 1815254.950548727 600019
pla33810_n33809_bounded-strongly-corr_01.ttp: 26.0 2915189.0 4287989.0 66245659 8.16594035293002E7 1838206.894120994 600018
pla33810_n33809_bounded-strongly-corr_01.ttp: 63.0 2915152.0 4344352.0 66316413 8.544303142265512E7 1781061.0573203466 600019
pla33810_n33809_bounded-strongly-corr_01.ttp: 80.0 2915135.0 4318735.0 66395933 8.437820746004057E7 1787388.776198783 600017
pla33810_n33809_bounded-strongly-corr_01.ttp: 45.0 2915170.0 4346870.0 66349261 8.552573717767069E7 1781097.8846698795 600027
pla33810_n33809_bounded-strongly-corr_01.ttp: 63.0 2915152.0 4450152.0 66364038 8.692330662805808E7 1842452.8011582578 600019
pla33810_n33809_bounded-strongly-corr_01.ttp: 16.0 2915199.0 4332799.0 66317909 8.4638437923727E7 1793645.86228819 600018
pla33810_n33809_bounded-strongly-corr_01.ttp: 45.0 2915170.0 4331870.0 66342618 8.492348559504597E7 1784165.432148621 600018
pla33810_n33809_bounded-strongly-corr_01.ttp: 2.0 2915213.0 4423613.0 66383099 8.74548002560968E7 1799968.9923170963 600018
pla33810_n33809_bounded-strongly-corr_01.ttp: 68.0 2915147.0 4306147.0 66293197 8.242241605429621E7 1833474.5183711136 600019
pla33810_n33809_bounded-strongly-corr_01.ttp: 17.0 2915198.0 4447298.0 66256485 8.652789712781769E7 1851461.0861654696 600019
pla33810_n33809_bounded-strongly-corr_01.ttp: 63.0 2915152.0 4318852.0 66263182 8.361209885718922E7 1810489.0342843235 600028
pla33810_n33809_bounded-strongly-corr_01.ttp: 19.0 2915196.0 4452296.0 66323952 8.781603471188612E7 1817814.9586434164 600015
pla33810_n33809_bounded-strongly-corr_01.ttp: 34.0 2915181.0 4453981.0 66386472 8.764567425291933E7 1824610.7724124203 600016
pla33810_n33809_bounded-strongly-corr_01.ttp: 74.0 2915141.0 4448541.0 66271221 8.889771411575948E7 1781609.576527216 600015
pla33810_n33809_bounded-strongly-corr_01.ttp: 47.0 2915168.0 4416868.0 66210374 8.969234798908746E7 1726097.5603273762 600016
pla33810_n33809_bounded-strongly-corr_01.ttp: 21.0 2915194.0 4341794.0 66233287 8.337589911194691E7 1840517.0266415928 600015
pla33810_n33809_bounded-strongly-corr_01.ttp: 7.0 2915208.0 4441908.0 66319273 8.687373599582267E7 1835695.92012532 600017
RESULTS FOR heuristics : 29
pla33810_n33809_bounded-strongly-corr_01.ttp: 5.0 2915210.0 4446110.0 66344916 8.728258769920227E7 1827632.3690239321 600015
pla33810_n33809_bounded-strongly-corr_01.ttp: 23.0 2915192.0 4448992.0 66255947 8.716105483644196E7 1834160.354906741 600016
pla33810_n33809_bounded-strongly-corr_01.ttp: 746.0 2914469.0 4448669.0 66351118 9.12665487191025E7 1710672.538426925 600015
pla33810_n33809_bounded-strongly-corr_01.ttp: 41.0 2915174.0 4444074.0 66263361 8.981572031735244E7 1749602.3904794268 600014
pla33810_n33809_bounded-strongly-corr_01.ttp: 57.0 2915158.0 4459658.0 66290030 8.733289083477534E7 1839671.27495674 600015
pla33810_n33809_bounded-strongly-corr_01.ttp: 1.0 2915214.0 4460914.0 66354115 9.051293464565314E7 1745525.9606304057 600015
pla33810_n33809_bounded-strongly-corr_01.ttp: 46.0 2915169.0 4460069.0 66299235 8.69328526145782E7 1852083.421562654 600014
pla33810_n33809_bounded-strongly-corr_01.ttp: 140.0 2915075.0 4467275.0 66380093 9.259375932583971E7 1689462.220224809 600016
pla33810_n33809_bounded-strongly-corr_01.ttp: 34.0 2915181.0 4428681.0 66267135 9.09562011866913E7 1699994.964399261 600016
pla33810_n33809_bounded-strongly-corr_01.ttp: 84.0 2915131.0 4445131.0 66333015 8.760006194704206E7 1817129.1415887382 600015
pla33810_n33809_bounded-strongly-corr_01.ttp: 3.0 2915212.0 4415412.0 66389877 8.815636227327742E7 1770721.1318016774 600016
pla33810_n33809_bounded-strongly-corr_01.ttp: 3.0 2915212.0 4431012.0 66353442 8.657759337050143E7 1833684.198884957 600015
pla33810_n33809_bounded-strongly-corr_01.ttp: 98.0 2915117.0 4450817.0 66247259 8.684845527353059E7 1845363.3417940824 600016
pla33810_n33809_bounded-strongly-corr_01.ttp: 53.0 2915162.0 4467162.0 66218781 9.091985681262812E7 1739566.2956211567 600015
pla33810_n33809_bounded-strongly-corr_01.ttp: 43.0 2915172.0 4432572.0 66255274 8.778872722407849E7 1798910.1832776451 600019
pla33810_n33809_bounded-strongly-corr_01.ttp: 41.0 2915174.0 4440774.0 66314018 8.686863284155805E7 1834715.0147532583 627857
pla33810_n33809_bounded-strongly-corr_01.ttp: 13.0 2915202.0 4472902.0 66346949 9.153631257575372E7 1726812.6227273885 600014
pla33810_n33809_bounded-strongly-corr_01.ttp: 42.0 2915173.0 4436573.0 66329435 8.662994153901693E7 1837674.7538294923 600016
pla33810_n33809_bounded-strongly-corr_01.ttp: 30.0 2915185.0 4430585.0 66319335 8.63719025470504E7 1839427.9235884883 625878
pla33810_n33809_bounded-strongly-corr_01.ttp: 111.0 2915104.0 4453004.0 66222549 8.655103407930696E7 1856472.9776207912 600017
pla33810_n33809_bounded-strongly-corr_01.ttp: 6.0 2915209.0 4425409.0 66296232 8.619839106262438E7 1839457.2681212686 600016
pla33810_n33809_bounded-strongly-corr_01.ttp: 47.0 2915168.0 4468068.0 66284492 9.100852534560665E7 1737812.2396318004 600016
pla33810_n33809_bounded-strongly-corr_01.ttp: 1.0 2915214.0 4429714.0 66325362 8.529178772631612E7 1870960.3682105164 600016
pla33810_n33809_bounded-strongly-corr_01.ttp: 3827.0 2911388.0 4454088.0 66363838 9.278807403599899E7 1670445.7789200307 600015
pla33810_n33809_bounded-strongly-corr_01.ttp: 35.0 2915180.0 4449380.0 66376117 8.818162697016329E7 1803931.1908951015 600019
pla33810_n33809_bounded-strongly-corr_01.ttp: 17.0 2915198.0 4451898.0 66187102 8.891568083035527E7 1784427.575089342 600018
pla33810_n33809_bounded-strongly-corr_01.ttp: 3.0 2915212.0 4445912.0 66291544 8.67498755430692E7 1843415.733707924 600018
pla33810_n33809_bounded-strongly-corr_01.ttp: 14.0 2915201.0 4432401.0 66266729 8.711579617938262E7 1818927.1146185216 600019
pla33810_n33809_bounded-strongly-corr_01.ttp: 40.0 2915175.0 4452075.0 66255055 8.973199528801416E7 1760115.1413595756 600018
pla33810_n33809_bounded-strongly-corr_01.ttp: 6474.0 2908741.0 4452241.0 66290838 9.273864550738639E7 1670081.6347784083 600018
RESULTS FOR heuristics : 30
pla33810_n33809_bounded-strongly-corr_01.ttp: 1.0 2915214.0 4457114.0 66243097 8.993630570166609E7 1759024.8289500177 600019
pla33810_n33809_bounded-strongly-corr_01.ttp: 20.0 2915195.0 4469095.0 66264860 9.02521398200712E7 1761530.805397864 600019
pla33810_n33809_bounded-strongly-corr_01.ttp: 6.0 2915209.0 4459009.0 66271168 8.95769661127291E7 1771700.016618127 600019
pla33810_n33809_bounded-strongly-corr_01.ttp: 6.0 2915209.0 4429409.0 66327180 8.797421592883039E7 1790182.5221350887 600018
pla33810_n33809_bounded-strongly-corr_01.ttp: 32.0 2915183.0 4433183.0 66289562 8.821415792454004E7 1786758.2622637986 600020
pla33810_n33809_bounded-strongly-corr_01.ttp: 2.0 2915213.0 4432513.0 66268304 8.583182957045896E7 1857558.1128862314 600019
pla33810_n33809_bounded-strongly-corr_01.ttp: 1.0 2915214.0 4453914.0 66284020 8.956700386303386E7 1766903.8841089844 600019
pla33810_n33809_bounded-strongly-corr_01.ttp: 11.0 2915204.0 4443904.0 66337825 8.691809338656205E7 1836361.1984031387 600019
pla33810_n33809_bounded-strongly-corr_01.ttp: 20.0 2915195.0 4442295.0 66353426 8.72018008058794E7 1826240.975823618 600019
pla33810_n33809_bounded-strongly-corr_01.ttp: 94.0 2915121.0 4454921.0 66262517 8.717539591400559E7 1839659.122579832 600019
pla33810_n33809_bounded-strongly-corr_01.ttp: 93.0 2915122.0 4458522.0 66319617 9.30089761780111E7 1668252.714659667 600024
pla33810_n33809_bounded-strongly-corr_01.ttp: 9.0 2915206.0 4454506.0 66297186 8.792332570867142E7 1816806.2287398577 600019
pla33810_n33809_bounded-strongly-corr_01.ttp: 52.0 2915163.0 4442463.0 66250453 8.737376996295251E7 1821249.901111425 600019
pla33810_n33809_bounded-strongly-corr_01.ttp: 28.0 2915187.0 4431487.0 66315022 8.934543859904237E7 1751123.8420287292 600019
pla33810_n33809_bounded-strongly-corr_01.ttp: 64.0 2915151.0 4457951.0 66282575 8.680222746272266E7 1853884.1761183203 600020
pla33810_n33809_bounded-strongly-corr_01.ttp: 24.0 2915191.0 4444891.0 66269696 8.993075712675242E7 1746968.2861974277 600019
pla33810_n33809_bounded-strongly-corr_01.ttp: 3.0 2915212.0 4452112.0 66286871 8.916432780709726E7 1777182.1657870826 600019
pla33810_n33809_bounded-strongly-corr_01.ttp: 15.0 2915200.0 4457100.0 66330345 8.795284720893115E7 1818514.5837320657 600019
pla33810_n33809_bounded-strongly-corr_01.ttp: 45.0 2915170.0 4448670.0 66287873 8.754684771079887E7 1822264.568676034 600018
pla33810_n33809_bounded-strongly-corr_01.ttp: 6.0 2915209.0 4420709.0 66441068 8.646845480449711E7 1826655.355865087 600019
pla33810_n33809_bounded-strongly-corr_01.ttp: 10.0 2915205.0 4443305.0 66293210 9.197839258391917E7 1683953.2224824252 600019
pla33810_n33809_bounded-strongly-corr_01.ttp: 0.0 2915215.0 4439915.0 66245312 8.69034962978551E7 1832810.1110643474 600018
pla33810_n33809_bounded-strongly-corr_01.ttp: 0.0 2915215.0 4411115.0 66396203 8.631254489287363E7 1821738.653213791 600015
pla33810_n33809_bounded-strongly-corr_01.ttp: 52.0 2915163.0 4453563.0 66271762 8.691784624226235E7 1846027.6127321296 600016
pla33810_n33809_bounded-strongly-corr_01.ttp: 4.0 2915211.0 4454411.0 66324414 8.73014622520987E7 1835367.1324370392 600016
pla33810_n33809_bounded-strongly-corr_01.ttp: 12.0 2915203.0 4449503.0 66324515 9.031666547557455E7 1740003.0357327634 600019
pla33810_n33809_bounded-strongly-corr_01.ttp: 52.0 2915163.0 4451763.0 66224718 8.6351628657134E7 1861214.1402859804 600019
pla33810_n33809_bounded-strongly-corr_01.ttp: 34.0 2915181.0 4452781.0 66295439 8.984582600848137E7 1757406.2197455592 600025
pla33810_n33809_bounded-strongly-corr_01.ttp: 21.0 2915194.0 4445694.0 66328209 8.701740845020111E7 1835171.7464939668 600019
pla33810_n33809_bounded-strongly-corr_01.ttp: 42.0 2915173.0 4422173.0 66306605 8.829481155294885E7 1773328.6534115346 600017
