Enter TTP instance file:
RESULTS FOR heuristics : 20
pla85900_n85899_uncorr-similar-weights_01.ttp: 235.0 7843889.0 6749620.0 142763021 1.989962864071751E8 2769694.271856498 449972
pla85900_n85899_uncorr-similar-weights_01.ttp: 310.0 7843814.0 6765481.0 142677123 2.029314337417335E8 2706852.32516533 445409
pla85900_n85899_uncorr-similar-weights_01.ttp: 448.0 7843676.0 6749726.0 142722735 2.0333367721754923E8 2683052.455649015 444832
pla85900_n85899_uncorr-similar-weights_01.ttp: 461.0 7843663.0 6760715.0 142704774 1.9992005652216515E8 2762313.869556697 455887
pla85900_n85899_uncorr-similar-weights_01.ttp: 772.0 7843352.0 6761125.0 142620101 2.017467919001544E8 2726189.1619969117 448925
pla85900_n85899_uncorr-similar-weights_01.ttp: 439.0 7843685.0 6744041.0 142682715 1.9931166818613693E8 2757807.636277261 440920
pla85900_n85899_uncorr-similar-weights_01.ttp: 328.0 7843796.0 6756990.0 142680400 2.0370822399804097E8 2682825.5200391803 447336
pla85900_n85899_uncorr-similar-weights_01.ttp: 547.0 7843577.0 6774605.0 142687221 2.050130809474532E8 2674343.381050936 446786
pla85900_n85899_uncorr-similar-weights_01.ttp: 295.0 7843829.0 6764807.0 142735604 1.9880850115165108E8 2788636.976966978 451907
pla85900_n85899_uncorr-similar-weights_01.ttp: 361.0 7843763.0 6748407.0 142702136 1.9795019239350232E8 2789403.1521299533 448781
pla85900_n85899_uncorr-similar-weights_01.ttp: 159.0 7843965.0 6757739.0 142677660 2.0479743175999287E8 2661790.3648001426 449781
pla85900_n85899_uncorr-similar-weights_01.ttp: 329.0 7843795.0 6776612.0 142682620 1.9795716883172494E8 2817468.623365501 448871
pla85900_n85899_uncorr-similar-weights_01.ttp: 348.0 7843776.0 6744170.0 142761122 2.1403509872512087E8 2463468.0254975827 444362
pla85900_n85899_uncorr-similar-weights_01.ttp: 923.0 7843201.0 6786013.0 142687884 2.039178883697108E8 2707655.2326057837 449019
pla85900_n85899_uncorr-similar-weights_01.ttp: 146.0 7843978.0 6750478.0 142723112 2.080089646936413E8 2590298.7061271737 447403
pla85900_n85899_uncorr-similar-weights_01.ttp: 480.0 7843644.0 6741430.0 142655379 1.9774188258557183E8 2786592.3482885635 454246
pla85900_n85899_uncorr-similar-weights_01.ttp: 245.0 7843879.0 6763574.0 142717381 2.104234849760533E8 2555104.3004789343 443150
pla85900_n85899_uncorr-similar-weights_01.ttp: 250.0 7843874.0 6739202.0 142719891 1.9794788752051497E8 2780244.2495897007 446642
pla85900_n85899_uncorr-similar-weights_01.ttp: 240.0 7843884.0 6779432.0 142618965 2.038942498555997E8 2701547.0028880057 442515
pla85900_n85899_uncorr-similar-weights_01.ttp: 381.0 7843743.0 6745525.0 142634965 2.0727104350219437E8 2600104.1299561122 444336
pla85900_n85899_uncorr-similar-weights_01.ttp: 312.0 7843812.0 6756780.0 142611546 2.0328517099437326E8 2691076.5801125346 438455
pla85900_n85899_uncorr-similar-weights_01.ttp: 320.0 7843804.0 6755465.0 142683863 1.9806559359314272E8 2794153.1281371457 445926
pla85900_n85899_uncorr-similar-weights_01.ttp: 141.0 7843983.0 6789608.0 142628701 2.042692103554718E8 2704223.792890564 449732
pla85900_n85899_uncorr-similar-weights_01.ttp: 136.0 7843988.0 6771184.0 142652570 2.0368793535451114E8 2697425.2929097773 452824
pla85900_n85899_uncorr-similar-weights_01.ttp: 215.0 7843909.0 6748596.0 142789236 2.0344594012578553E8 2679677.1974842893 451117
pla85900_n85899_uncorr-similar-weights_01.ttp: 721.0 7843403.0 6761221.0 142691308 1.9816264315966415E8 2797968.1368067167 452507
pla85900_n85899_uncorr-similar-weights_01.ttp: 553.0 7843571.0 6751403.0 142691159 2.0987837070472032E8 2553835.585905594 451025
pla85900_n85899_uncorr-similar-weights_01.ttp: 41.0 7844083.0 6757710.0 142704958 2.0156924575009167E8 2726325.0849981667 441168
pla85900_n85899_uncorr-similar-weights_01.ttp: 393.0 7843731.0 6727684.0 142645323 2.037560307827121E8 2652563.384345758 453318
pla85900_n85899_uncorr-similar-weights_01.ttp: 362.0 7843762.0 6772175.0 142695144 2.0218355392850015E8 2728503.921429997 449316
RESULTS FOR heuristics : 21
pla85900_n85899_uncorr-similar-weights_01.ttp: 2.0 7844122.0 6750223.0 142798583 1.979332258003034E8 2791558.483993932 600011
pla85900_n85899_uncorr-similar-weights_01.ttp: 230.0 7843894.0 6758024.0 142753137 2.0305690585764027E8 2696885.8828471946 599994
pla85900_n85899_uncorr-similar-weights_01.ttp: 229.0 7843895.0 6761255.0 142675423 1.984371034798867E8 2792512.930402266 599993
pla85900_n85899_uncorr-similar-weights_01.ttp: 377.0 7843747.0 6751084.0 142678759 2.022132391942388E8 2706819.2161152237 600005
pla85900_n85899_uncorr-similar-weights_01.ttp: 284.0 7843840.0 6767607.0 142743685 2.0245982771192062E8 2718410.4457615875 599993
pla85900_n85899_uncorr-similar-weights_01.ttp: 716.0 7843408.0 6740097.0 142713547 1.9740223901420656E8 2792052.2197158686 600006
pla85900_n85899_uncorr-similar-weights_01.ttp: 24425.0 7819699.0 6763457.0 142648469 2.0322633833198044E8 2698930.233360391 600016
pla85900_n85899_uncorr-similar-weights_01.ttp: 285506.0 7558618.0 6575549.0 142775253 2.0677913381616172E8 2439966.3236767654 599993
pla85900_n85899_uncorr-similar-weights_01.ttp: 352.0 7843772.0 6765251.0 142786652 2.008816398571809E8 2747618.202856382 600009
pla85900_n85899_uncorr-similar-weights_01.ttp: 63.0 7844061.0 6760012.0 142652986 1.979955805861604E8 2800100.388276792 600014
pla85900_n85899_uncorr-similar-weights_01.ttp: 167.0 7843957.0 6745418.0 142676533 2.0139057891675198E8 2717606.42166496 600011
pla85900_n85899_uncorr-similar-weights_01.ttp: 10348.0 7833776.0 6760889.0 142675087 2.0290612279006344E8 2702766.544198731 600025
pla85900_n85899_uncorr-similar-weights_01.ttp: 179.0 7843945.0 6773235.0 142677245 2.027509172840344E8 2718216.654319312 600013
pla85900_n85899_uncorr-similar-weights_01.ttp: 453.0 7843671.0 6775781.0 142741449 2.0226025744807845E8 2730575.851038431 600007
pla85900_n85899_uncorr-similar-weights_01.ttp: 35300.0 7808824.0 6765652.0 142755028 2.0336832317515063E8 2698285.536496987 600007
pla85900_n85899_uncorr-similar-weights_01.ttp: 515.0 7843609.0 6756121.0 142700361 2.0415359463642186E8 2673049.107271563 600006
pla85900_n85899_uncorr-similar-weights_01.ttp: 109994.0 7734130.0 6694568.0 142715172 2.042060452848882E8 2610447.0943022356 599995
pla85900_n85899_uncorr-similar-weights_01.ttp: 211232.0 7632892.0 6564907.0 142696005 2.0549679326818588E8 2454971.1346362825 599992
pla85900_n85899_uncorr-similar-weights_01.ttp: 27091.0 7817033.0 6755282.0 142622561 2.031673395648557E8 2691935.208702886 599998
pla85900_n85899_uncorr-similar-weights_01.ttp: 217.0 7843907.0 6770280.0 142673201 1.9961004012903175E8 2778079.197419365 600005
pla85900_n85899_uncorr-similar-weights_01.ttp: 379.0 7843745.0 6766716.0 142705331 2.0015352448025095E8 2763645.5103949807 600000
pla85900_n85899_uncorr-similar-weights_01.ttp: 25157.0 7818967.0 6778598.0 142634307 2.035262894578901E8 2708072.210842198 600014
pla85900_n85899_uncorr-similar-weights_01.ttp: 107596.0 7736528.0 6682813.0 142650797 2.0381441581886742E8 2606524.6836226517 600009
pla85900_n85899_uncorr-similar-weights_01.ttp: 6116.0 7838008.0 6774829.0 142683708 2.0330327762849048E8 2708763.44743019 599999
pla85900_n85899_uncorr-similar-weights_01.ttp: 311.0 7843813.0 6763325.0 142733030 1.977733864481933E8 2807857.2710361336 600014
pla85900_n85899_uncorr-similar-weights_01.ttp: 151.0 7843973.0 6768847.0 142700762 1.9863138647440618E8 2796219.2705118763 600008
pla85900_n85899_uncorr-similar-weights_01.ttp: 294.0 7843830.0 6768262.0 142743660 2.0204001108193594E8 2727461.778361281 600007
pla85900_n85899_uncorr-similar-weights_01.ttp: 70428.0 7773696.0 6690730.0 142630435 2.0609253676794893E8 2568879.2646410214 600009
pla85900_n85899_uncorr-similar-weights_01.ttp: 401.0 7843723.0 6768609.0 142739869 1.9833999335677108E8 2801809.132864578 600010
pla85900_n85899_uncorr-similar-weights_01.ttp: 563.0 7843561.0 6747655.0 142593056 1.992343024601012E8 2762968.950797976 599992
RESULTS FOR heuristics : 22
pla85900_n85899_uncorr-similar-weights_01.ttp: 614.0 7843510.0 6743553.0 142765424 2.0502625054706532E8 2643027.9890586934 599810
pla85900_n85899_uncorr-similar-weights_01.ttp: 459.0 7843665.0 6769342.0 142743311 1.983860932197488E8 2801620.135605024 599875
pla85900_n85899_uncorr-similar-weights_01.ttp: 470.0 7843654.0 6767053.0 142708572 2.0163880202309677E8 2734276.9595380644 599858
pla85900_n85899_uncorr-similar-weights_01.ttp: 214.0 7843910.0 6763311.0 142720115 2.0352506630535027E8 2692809.6738929944 599915
pla85900_n85899_uncorr-similar-weights_01.ttp: 80750.0 7763374.0 6688057.0 142622454 2.051053561753419E8 2585949.876493162 599938
pla85900_n85899_uncorr-similar-weights_01.ttp: 2471.0 7841653.0 6764148.0 142629817 2.038847263375553E8 2686453.4732488943 599872
pla85900_n85899_uncorr-similar-weights_01.ttp: 365.0 7843759.0 6748395.0 142745754 2.015925358942693E8 2716544.2821146143 599879
pla85900_n85899_uncorr-similar-weights_01.ttp: 674.0 7843450.0 6751131.0 142641943 1.9740465457403275E8 2803037.908519345 599840
pla85900_n85899_uncorr-similar-weights_01.ttp: 336.0 7843788.0 6760533.0 142745367 1.987125251444001E8 2786282.497111998 599831
pla85900_n85899_uncorr-similar-weights_01.ttp: 352.0 7843772.0 6775929.0 142688539 2.0393635838879856E8 2697201.8322240287 599901
pla85900_n85899_uncorr-similar-weights_01.ttp: 224.0 7843900.0 6770309.0 142747644 1.9883204121810585E8 2793668.1756378827 599883
pla85900_n85899_uncorr-similar-weights_01.ttp: 727.0 7843397.0 6743199.0 142701958 1.9991062334922162E8 2744986.533015568 599914
pla85900_n85899_uncorr-similar-weights_01.ttp: 168.0 7843956.0 6757722.0 142767133 1.9779815471720532E8 2801758.9056558935 599916
pla85900_n85899_uncorr-similar-weights_01.ttp: 274.0 7843850.0 6751832.0 142717629 1.974295371038108E8 2803241.257923784 599863
pla85900_n85899_uncorr-similar-weights_01.ttp: 13313.0 7830811.0 6764498.0 142670287 2.0504412771682253E8 2663615.445663549 599913
pla85900_n85899_uncorr-similar-weights_01.ttp: 269.0 7843855.0 6750419.0 142715312 2.0209662710579583E8 2708486.4578840835 599836
pla85900_n85899_uncorr-similar-weights_01.ttp: 3416.0 7840708.0 6783244.0 142642655 2.0392673921242806E8 2704709.215751439 599831
pla85900_n85899_uncorr-similar-weights_01.ttp: 1256.0 7842868.0 6755229.0 142684042 2.0319369407569665E8 2691355.118486067 599851
pla85900_n85899_uncorr-similar-weights_01.ttp: 191.0 7843933.0 6764126.0 142713303 2.0367550574529883E8 2690615.8850940233 599928
pla85900_n85899_uncorr-similar-weights_01.ttp: 189.0 7843935.0 6760751.0 142733314 1.9831832268024197E8 2794384.5463951603 599864
pla85900_n85899_uncorr-similar-weights_01.ttp: 931.0 7843193.0 6748164.0 142679408 1.9847801116433927E8 2778603.7767132143 599898
pla85900_n85899_uncorr-similar-weights_01.ttp: 347.0 7843777.0 6760887.0 142699610 2.0165371055139884E8 2727812.788972023 599871
pla85900_n85899_uncorr-similar-weights_01.ttp: 289.0 7843835.0 6762093.0 142708105 2.032915180955122E8 2696262.6380897556 599826
pla85900_n85899_uncorr-similar-weights_01.ttp: 167.0 7843957.0 6792052.0 142636651 2.0379934696488908E8 2716065.060702218 599941
pla85900_n85899_uncorr-similar-weights_01.ttp: 10498.0 7833626.0 6777031.0 142673716 2.047425366966216E8 2682180.2660675677 599901
pla85900_n85899_uncorr-similar-weights_01.ttp: 712.0 7843412.0 6747165.0 142725059 1.9783973159507266E8 2790370.3680985468 599845
pla85900_n85899_uncorr-similar-weights_01.ttp: 15.0 7844109.0 6778266.0 142732184 2.023529571400904E8 2731206.857198192 599890
pla85900_n85899_uncorr-similar-weights_01.ttp: 462.0 7843662.0 6745212.0 142711384 2.014826913828016E8 2715558.172343968 599823
pla85900_n85899_uncorr-similar-weights_01.ttp: 347.0 7843777.0 6783159.0 142624287 2.0338914405242532E8 2715376.1189514934 599905
pla85900_n85899_uncorr-similar-weights_01.ttp: 765.0 7843359.0 6746805.0 142701244 1.9758319096567225E8 2795141.180686555 599891
RESULTS FOR heuristics : 23
pla85900_n85899_uncorr-similar-weights_01.ttp: 291.0 7843833.0 6732990.0 142656923 2.0551068575760293E8 2622776.2848479412 599917
pla85900_n85899_uncorr-similar-weights_01.ttp: 716.0 7843408.0 6790096.0 142654967 2.0446761697271323E8 2700743.660545735 599821
pla85900_n85899_uncorr-similar-weights_01.ttp: 169.0 7843955.0 6761806.0 142677183 1.9749595888773823E8 2811886.8222452356 600103
pla85900_n85899_uncorr-similar-weights_01.ttp: 633.0 7843491.0 6742420.0 142714625 1.9749882613143456E8 2792443.477371309 599806
pla85900_n85899_uncorr-similar-weights_01.ttp: 362.0 7843762.0 6757585.0 142628700 1.9663362825278896E8 2824912.434944221 600306
pla85900_n85899_uncorr-similar-weights_01.ttp: 342.0 7843782.0 6766742.0 142758916 1.9689893162433043E8 2828763.367513391 599888
pla85900_n85899_uncorr-similar-weights_01.ttp: 97.0 7844027.0 6756814.0 142698067 1.9933357869521305E8 2770142.426095739 599983
pla85900_n85899_uncorr-similar-weights_01.ttp: 725.0 7843399.0 6768377.0 142678307 2.027636669616102E8 2713103.660767796 600324
pla85900_n85899_uncorr-similar-weights_01.ttp: 395.0 7843729.0 6724431.0 142698515 2.041229491653953E8 2641972.016692094 600401
pla85900_n85899_uncorr-similar-weights_01.ttp: 500.0 7843624.0 6778239.0 142645115 2.043523201702203E8 2691192.596595594 600330
pla85900_n85899_uncorr-similar-weights_01.ttp: 698.0 7843426.0 6700119.0 142728971 2.0496506458752158E8 2600817.7082495685 600262
pla85900_n85899_uncorr-similar-weights_01.ttp: 825.0 7843299.0 6749468.0 142620044 1.973683352475397E8 2802101.295049206 600310
pla85900_n85899_uncorr-similar-weights_01.ttp: 453.0 7843671.0 6752713.0 142717084 1.9851102201847482E8 2782492.5596305034 600304
pla85900_n85899_uncorr-similar-weights_01.ttp: 215.0 7843909.0 6754253.0 142748981 2.0367390101233768E8 2680774.979753246 600187
pla85900_n85899_uncorr-similar-weights_01.ttp: 371.0 7843753.0 6776314.0 142706038 2.0474483767190468E8 2681417.2465619063 600305
pla85900_n85899_uncorr-similar-weights_01.ttp: 208.0 7843916.0 6761797.0 142673829 2.042419353497755E8 2676958.29300449 600404
pla85900_n85899_uncorr-similar-weights_01.ttp: 404.0 7843720.0 6755821.0 142727030 2.0237111980672458E8 2708398.6038655085 600297
pla85900_n85899_uncorr-similar-weights_01.ttp: 172.0 7843952.0 6756529.0 142671411 2.021267896150948E8 2713993.2076981035 599936
pla85900_n85899_uncorr-similar-weights_01.ttp: 53.0 7844071.0 6766694.0 142650981 1.980303948853342E8 2806086.1022933163 599971
pla85900_n85899_uncorr-similar-weights_01.ttp: 466.0 7843658.0 6780544.0 142760336 2.0462622265021214E8 2688019.546995757 599878
pla85900_n85899_uncorr-similar-weights_01.ttp: 107.0 7844017.0 6767211.0 142754274 1.980199595256645E8 2806811.8094867095 600268
pla85900_n85899_uncorr-similar-weights_01.ttp: 409.0 7843715.0 6718439.0 142658102 2.1325288353576836E8 2453381.3292846326 600260
pla85900_n85899_uncorr-similar-weights_01.ttp: 948.0 7843176.0 6779598.0 142645379 2.0411665455721068E8 2697264.908855786 600399
pla85900_n85899_uncorr-similar-weights_01.ttp: 700.0 7843424.0 6756167.0 142626546 2.0186397858391762E8 2718887.4283216475 600217
pla85900_n85899_uncorr-similar-weights_01.ttp: 296.0 7843828.0 6771776.0 142647225 1.9730580258014673E8 2825659.9483970655 600130
pla85900_n85899_uncorr-similar-weights_01.ttp: 32.0 7844092.0 6780558.0 142700930 2.039848644311584E8 2700860.711376832 600099
pla85900_n85899_uncorr-similar-weights_01.ttp: 337.0 7843787.0 6751540.0 142708477 2.0185323364427537E8 2714475.3271144927 600212
pla85900_n85899_uncorr-similar-weights_01.ttp: 638.0 7843486.0 6756727.0 142678580 1.985655674736687E8 2785415.650526626 600065
pla85900_n85899_uncorr-similar-weights_01.ttp: 21.0 7844103.0 6762001.0 142752540 2.019571416805565E8 2722858.1663888698 599855
pla85900_n85899_uncorr-similar-weights_01.ttp: 433.0 7843691.0 6770740.0 142756010 2.0282709618019518E8 2714198.076396096 600216
RESULTS FOR heuristics : 24
pla85900_n85899_uncorr-similar-weights_01.ttp: 157.0 7843967.0 6793734.0 142717504 2.0456269641267583E8 2702480.0717464834 450161
pla85900_n85899_uncorr-similar-weights_01.ttp: 299.0 7843825.0 6759991.0 142690791 1.9781127657664087E8 2803765.4684671825 449958
pla85900_n85899_uncorr-similar-weights_01.ttp: 143.0 7843981.0 6762893.0 142684510 1.964741809511376E8 2833409.380977248 448735
pla85900_n85899_uncorr-similar-weights_01.ttp: 609.0 7843515.0 6761694.0 142688843 1.961799607100527E8 2838094.785798946 452298
pla85900_n85899_uncorr-similar-weights_01.ttp: 263.0 7843861.0 6753080.0 142773208 2.0356610945174092E8 2681757.8109651813 447461
pla85900_n85899_uncorr-similar-weights_01.ttp: 726.0 7843398.0 6751770.0 142640908 1.9822677986674485E8 2787234.402665103 447155
pla85900_n85899_uncorr-similar-weights_01.ttp: 502.0 7843622.0 6758411.0 142702895 1.9645151090669274E8 2829380.781866145 450077
pla85900_n85899_uncorr-similar-weights_01.ttp: 460.0 7843664.0 6745855.0 142664083 2.0021980351834115E8 2741458.929633177 443274
pla85900_n85899_uncorr-similar-weights_01.ttp: 419.0 7843705.0 6782269.0 142643384 2.0443813643241E8 2693506.2713518 451211
pla85900_n85899_uncorr-similar-weights_01.ttp: 166.0 7843958.0 6768443.0 142688249 1.9956311365590438E8 2777180.7268819124 444533
pla85900_n85899_uncorr-similar-weights_01.ttp: 17.0 7844107.0 6780517.0 142735960 2.0348338704092357E8 2710849.259181529 449336
pla85900_n85899_uncorr-similar-weights_01.ttp: 365.0 7843759.0 6745962.0 142695385 2.0312612580916753E8 2683439.4838166493 449298
pla85900_n85899_uncorr-similar-weights_01.ttp: 551.0 7843573.0 6754404.0 142698265 2.015097642250411E8 2724208.715499178 448734
pla85900_n85899_uncorr-similar-weights_01.ttp: 692.0 7843432.0 6779058.0 142672736 1.9863398699847606E8 2806378.2600304787 453045
pla85900_n85899_uncorr-similar-weights_01.ttp: 339.0 7843785.0 6778999.0 142679763 2.03876476215883E8 2701469.47568234 449472
pla85900_n85899_uncorr-similar-weights_01.ttp: 679.0 7843445.0 6757885.0 142630016 1.976013375581658E8 2805858.248836684 445396
pla85900_n85899_uncorr-similar-weights_01.ttp: 268.0 7843856.0 6775216.0 142697340 1.97639020339821E8 2822435.5932035795 453955
pla85900_n85899_uncorr-similar-weights_01.ttp: 235.0 7843889.0 6763404.0 142726091 2.0174960885925975E8 2728411.822814805 450539
pla85900_n85899_uncorr-similar-weights_01.ttp: 195.0 7843929.0 6774270.0 142705804 2.041594406827511E8 2691081.186344978 457704
pla85900_n85899_uncorr-similar-weights_01.ttp: 316.0 7843808.0 6751830.0 142720130 1.9941402911915565E8 2763549.417616887 452612
pla85900_n85899_uncorr-similar-weights_01.ttp: 418.0 7843706.0 6720212.0 142740019 2.123696965988011E8 2472818.068023978 446967
pla85900_n85899_uncorr-similar-weights_01.ttp: 577.0 7843547.0 6714899.0 142735609 2.0922257584475714E8 2530447.483104857 445213
pla85900_n85899_uncorr-similar-weights_01.ttp: 296.0 7843828.0 6764455.0 142763675 1.9800818943489724E8 2804291.211302055 453853
pla85900_n85899_uncorr-similar-weights_01.ttp: 639.0 7843485.0 6774232.0 142679982 1.9833770464308897E8 2807477.9071382205 448972
pla85900_n85899_uncorr-similar-weights_01.ttp: 548.0 7843576.0 6756033.0 142631819 2.0154609383824208E8 2725111.123235158 446254
pla85900_n85899_uncorr-similar-weights_01.ttp: 991.0 7843133.0 6781945.0 142599969 2.0410161002554938E8 2699912.7994890125 448806
pla85900_n85899_uncorr-similar-weights_01.ttp: 1.0 7844123.0 6768736.0 142727630 2.0224376315366748E8 2723860.73692665 449359
pla85900_n85899_uncorr-similar-weights_01.ttp: 202.0 7843922.0 6765947.0 142683635 1.9815745254078904E8 2802797.9491842194 445674
pla85900_n85899_uncorr-similar-weights_01.ttp: 54.0 7844070.0 6784756.0 142633772 2.0416693629544896E8 2701417.2740910207 456958
pla85900_n85899_uncorr-similar-weights_01.ttp: 236.0 7843888.0 6747081.0 142779050 1.9859326841317898E8 2775215.63173642 449413
RESULTS FOR heuristics : 25
pla85900_n85899_uncorr-similar-weights_01.ttp: 41911.0 7802213.0 6754633.0 142668839 2.037403203790974E8 2679826.592418052 599994
pla85900_n85899_uncorr-similar-weights_01.ttp: 110.0 7844014.0 6746911.0 142709117 1.9919220677914897E8 2763066.8644170207 600000
pla85900_n85899_uncorr-similar-weights_01.ttp: 217.0 7843907.0 6749822.0 142737871 1.9922375818834728E8 2765346.8362330543 600014
pla85900_n85899_uncorr-similar-weights_01.ttp: 306.0 7843818.0 6756827.0 142699774 1.9864941493063006E8 2783838.701387399 600001
pla85900_n85899_uncorr-similar-weights_01.ttp: 28432.0 7815692.0 6761834.0 142720921 2.0317002053335994E8 2698433.589332801 600002
pla85900_n85899_uncorr-similar-weights_01.ttp: 476.0 7843648.0 6772114.0 142696328 1.9848914844062886E8 2802331.0311874226 600010
pla85900_n85899_uncorr-similar-weights_01.ttp: 233.0 7843891.0 6775176.0 142649867 1.9948900557287592E8 2785395.8885424817 600015
pla85900_n85899_uncorr-similar-weights_01.ttp: 330.0 7843794.0 6760942.0 142697501 2.0215566386864683E8 2717828.7226270633 599996
pla85900_n85899_uncorr-similar-weights_01.ttp: 390.0 7843734.0 6759384.0 142675831 2.0216459524710876E8 2716092.0950578246 599993
pla85900_n85899_uncorr-similar-weights_01.ttp: 615.0 7843509.0 6747978.0 142710629 2.0282148971994737E8 2691548.2056010524 599997
pla85900_n85899_uncorr-similar-weights_01.ttp: 222.0 7843902.0 6744231.0 142699536 2.007085435480834E8 2730060.129038332 600015
pla85900_n85899_uncorr-similar-weights_01.ttp: 30599.0 7813525.0 6761978.0 142741801 2.0380086448424944E8 2685960.710315011 599993
pla85900_n85899_uncorr-similar-weights_01.ttp: 376.0 7843748.0 6779730.0 142738047 2.0268465463293964E8 2726036.9073412074 600007
pla85900_n85899_uncorr-similar-weights_01.ttp: 27523.0 7816601.0 6759320.0 142690229 2.0299097082583562E8 2699500.5834832876 599992
pla85900_n85899_uncorr-similar-weights_01.ttp: 19208.0 7824916.0 6769709.0 142743646 2.0364536467438316E8 2696801.7065123366 599994
pla85900_n85899_uncorr-similar-weights_01.ttp: 29324.0 7814800.0 6788856.0 142671576 2.0418864783988938E8 2705083.0432022125 600002
pla85900_n85899_uncorr-similar-weights_01.ttp: 31680.0 7812444.0 6770152.0 142647327 2.0400361565728706E8 2690079.6868542586 599992
pla85900_n85899_uncorr-similar-weights_01.ttp: 551.0 7843573.0 6782213.0 142661759 1.9840707757445076E8 2814071.448510985 599992
pla85900_n85899_uncorr-similar-weights_01.ttp: 751.0 7843373.0 6751695.0 142714669 2.0335402106619415E8 2684614.578676117 599994
pla85900_n85899_uncorr-similar-weights_01.ttp: 172.0 7843952.0 6765652.0 142777280 1.9884268313015062E8 2788798.3373969877 599996
pla85900_n85899_uncorr-similar-weights_01.ttp: 25117.0 7819007.0 6782998.0 142661328 2.0386667632126123E8 2705664.4735747753 599996
pla85900_n85899_uncorr-similar-weights_01.ttp: 518.0 7843606.0 6756237.0 142750830 2.026256957023782E8 2703723.0859524356 600014
pla85900_n85899_uncorr-similar-weights_01.ttp: 210.0 7843914.0 6762285.0 142679002 1.9919610510321677E8 2778362.8979356647 600015
pla85900_n85899_uncorr-similar-weights_01.ttp: 14226.0 7829898.0 6745129.0 142692125 2.0204734468872884E8 2704182.106225423 600019
pla85900_n85899_uncorr-similar-weights_01.ttp: 404.0 7843720.0 6751158.0 142716573 1.9737624291505235E8 2803633.1416989528 600011
pla85900_n85899_uncorr-similar-weights_01.ttp: 369.0 7843755.0 6753543.0 142771896 2.0178562061696652E8 2717830.58766067 600012
pla85900_n85899_uncorr-similar-weights_01.ttp: 802.0 7843322.0 6740137.0 142641922 1.970887035372795E8 2798362.9292544103 599997
pla85900_n85899_uncorr-similar-weights_01.ttp: 562.0 7843562.0 6755244.0 142645446 1.979639084716725E8 2795965.8305665497 600007
pla85900_n85899_uncorr-similar-weights_01.ttp: 33447.0 7810677.0 6756434.0 142686352 2.037905631535725E8 2680622.73692855 599995
pla85900_n85899_uncorr-similar-weights_01.ttp: 339.0 7843785.0 6757732.0 142734100 1.991608980084555E8 2774514.03983089 599991
RESULTS FOR heuristics : 26
pla85900_n85899_uncorr-similar-weights_01.ttp: 495.0 7843629.0 6757311.0 142657236 1.9854013054500258E8 2786508.389099948 600017
pla85900_n85899_uncorr-similar-weights_01.ttp: 588.0 7843536.0 6750092.0 142728155 1.9782253775188166E8 2793641.2449623668 600016
pla85900_n85899_uncorr-similar-weights_01.ttp: 45814.0 7798310.0 6754799.0 142631747 2.039823688801877E8 2675151.622396246 600015
pla85900_n85899_uncorr-similar-weights_01.ttp: 26523.0 7817601.0 6735301.0 142624217 2.0416332328245157E8 2652034.5343509684 600009
pla85900_n85899_uncorr-similar-weights_01.ttp: 27256.0 7816868.0 6776144.0 142645183 2.0355841221792006E8 2704975.7556415987 600011
pla85900_n85899_uncorr-similar-weights_01.ttp: 24439.0 7819685.0 6765393.0 142614285 2.0334607676656845E8 2698471.464668631 600007
pla85900_n85899_uncorr-similar-weights_01.ttp: 592.0 7843532.0 6735785.0 142811935 2.0284833030903453E8 2678818.3938193093 599992
pla85900_n85899_uncorr-similar-weights_01.ttp: 22318.0 7821806.0 6766104.0 142670650 2.0302379650308087E8 2705628.0699383826 600002
pla85900_n85899_uncorr-similar-weights_01.ttp: 23170.0 7820954.0 6775139.0 142664443 2.034094927680469E8 2706949.144639062 600000
pla85900_n85899_uncorr-similar-weights_01.ttp: 25857.0 7818267.0 6725612.0 142756694 2.0447411036940998E8 2636129.7926118 600001
pla85900_n85899_uncorr-similar-weights_01.ttp: 185.0 7843939.0 6755570.0 142716440 1.983066988300267E8 2789436.023399466 600001
pla85900_n85899_uncorr-similar-weights_01.ttp: 32616.0 7811508.0 6761566.0 142646608 2.0366828065654156E8 2688200.386869169 600006
pla85900_n85899_uncorr-similar-weights_01.ttp: 828.0 7843296.0 6745620.0 142797026 1.978025643904859E8 2789568.7121902816 599996
pla85900_n85899_uncorr-similar-weights_01.ttp: 857.0 7843267.0 6755490.0 142687451 2.00632714609259E8 2742835.7078148196 600014
pla85900_n85899_uncorr-similar-weights_01.ttp: 29278.0 7814846.0 6720328.0 142638573 2.025473928526768E8 2669380.1429464635 599998
pla85900_n85899_uncorr-similar-weights_01.ttp: 68822.0 7775302.0 6667971.0 142675019 2.0528726494371167E8 2562225.7011257666 600001
pla85900_n85899_uncorr-similar-weights_01.ttp: 758.0 7843366.0 6748255.0 142623790 2.0102225126524737E8 2727809.9746950525 599991
pla85900_n85899_uncorr-similar-weights_01.ttp: 637.0 7843487.0 6749007.0 142657062 1.9672323242949575E8 2814542.351410085 599992
pla85900_n85899_uncorr-similar-weights_01.ttp: 152253.0 7691871.0 6616768.0 142712235 2.059656405646023E8 2497455.1887079543 599993
pla85900_n85899_uncorr-similar-weights_01.ttp: 617.0 7843507.0 6766592.0 142677317 2.032658354870451E8 2701275.2902590977 600009
pla85900_n85899_uncorr-similar-weights_01.ttp: 170.0 7843954.0 6778082.0 142781996 2.0167857569808877E8 2744510.486038225 600010
pla85900_n85899_uncorr-similar-weights_01.ttp: 24337.0 7819787.0 6764877.0 142674001 2.0295771932880047E8 2705722.6134239906 600010
pla85900_n85899_uncorr-similar-weights_01.ttp: 722.0 7843402.0 6760529.0 142725761 2.0036159726918325E8 2753297.054616335 600003
pla85900_n85899_uncorr-similar-weights_01.ttp: 441.0 7843683.0 6743172.0 142706955 1.9870750202892113E8 2769021.9594215774 600002
pla85900_n85899_uncorr-similar-weights_01.ttp: 460.0 7843664.0 6766072.0 142732370 1.9802948421947232E8 2805482.3156105536 599993
pla85900_n85899_uncorr-similar-weights_01.ttp: 438.0 7843686.0 6776993.0 142631989 2.0244717601811942E8 2728049.479637611 600008
pla85900_n85899_uncorr-similar-weights_01.ttp: 695.0 7843429.0 6749370.0 142636929 1.9775225834351036E8 2794324.833129793 600012
pla85900_n85899_uncorr-similar-weights_01.ttp: 53487.0 7790637.0 6743886.0 142715055 2.037717901778162E8 2668450.1964436756 600000
pla85900_n85899_uncorr-similar-weights_01.ttp: 58355.0 7785769.0 6749600.0 142816732 2.0421752739065897E8 2665249.4521868206 599992
pla85900_n85899_uncorr-similar-weights_01.ttp: 451.0 7843673.0 6770911.0 142752090 2.012567384494561E8 2745776.231010878 600009
RESULTS FOR heuristics : 27
pla85900_n85899_uncorr-similar-weights_01.ttp: 148277.0 7695847.0 6712843.0 142719060 2.0960420920837614E8 2520758.815832477 600002
pla85900_n85899_uncorr-similar-weights_01.ttp: 64.0 7844060.0 6711394.0 142731238 1.959762236067184E8 2791869.527865632 600000
pla85900_n85899_uncorr-similar-weights_01.ttp: 21153.0 7822971.0 6747738.0 142622133 2.0249179753390297E8 2697902.0493219406 600009
pla85900_n85899_uncorr-similar-weights_01.ttp: 643.0 7843481.0 6691204.0 142710227 1.9524322135239795E8 2786339.572952041 599992
pla85900_n85899_uncorr-similar-weights_01.ttp: 46509.0 7797615.0 6734246.0 142690531 2.0343100318127275E8 2665625.936374545 600010
pla85900_n85899_uncorr-similar-weights_01.ttp: 109.0 7844015.0 6700679.0 142705699 1.951711392254037E8 2797256.215491926 600013
pla85900_n85899_uncorr-similar-weights_01.ttp: 33417.0 7810707.0 6746140.0 142773259 2.0574354098555872E8 2631269.1802888256 600003
pla85900_n85899_uncorr-similar-weights_01.ttp: 567.0 7843557.0 6691161.0 142617151 1.9467871153365132E8 2797586.7693269737 600011
pla85900_n85899_uncorr-similar-weights_01.ttp: 17121.0 7827003.0 6736126.0 142610377 2.029597572407455E8 2676930.8551850896 600013
pla85900_n85899_uncorr-similar-weights_01.ttp: 108.0 7844016.0 6726365.0 142772233 1.9821057717567354E8 2762153.456486529 599992
pla85900_n85899_uncorr-similar-weights_01.ttp: 126832.0 7717292.0 6700494.0 142654310 2.0526743356004688E8 2595145.3287990624 600003
pla85900_n85899_uncorr-similar-weights_01.ttp: 19294.0 7824830.0 6748656.0 142641553 2.023436231650197E8 2701783.536699606 600003
pla85900_n85899_uncorr-similar-weights_01.ttp: 651.0 7843473.0 6689268.0 142639322 1.9462173099577907E8 2796833.3800844187 599993
pla85900_n85899_uncorr-similar-weights_01.ttp: 283.0 7843841.0 6712257.0 142726148 1.967210327261976E8 2777836.345476048 600007
pla85900_n85899_uncorr-similar-weights_01.ttp: 146229.0 7697895.0 6703225.0 142683373 2.0817058002620903E8 2539813.3994758194 600011
pla85900_n85899_uncorr-similar-weights_01.ttp: 24505.0 7819619.0 6744738.0 142671304 2.029884889525846E8 2684968.2209483082 599999
pla85900_n85899_uncorr-similar-weights_01.ttp: 19362.0 7824762.0 6743948.0 142681619 2.0280230435877788E8 2687901.912824442 599995
pla85900_n85899_uncorr-similar-weights_01.ttp: 15246.0 7828878.0 6754356.0 142697261 2.0223612847025356E8 2709633.4305949286 599993
pla85900_n85899_uncorr-similar-weights_01.ttp: 315.0 7843809.0 6719396.0 142730186 1.9743117952764145E8 2770772.409447171 600015
pla85900_n85899_uncorr-similar-weights_01.ttp: 342.0 7843782.0 6736847.0 142678709 2.018836661674953E8 2699173.676650094 600001
pla85900_n85899_uncorr-similar-weights_01.ttp: 578.0 7843546.0 6744729.0 142793097 2.0298446781694052E8 2685039.6436611894 599993
pla85900_n85899_uncorr-similar-weights_01.ttp: 15141.0 7828983.0 6759512.0 142644691 2.0250638011822695E8 2709384.397635461 599993
pla85900_n85899_uncorr-similar-weights_01.ttp: 20362.0 7823762.0 6758003.0 142747702 2.0268810314436078E8 2704240.9371127845 599992
pla85900_n85899_uncorr-similar-weights_01.ttp: 21541.0 7822583.0 6764284.0 142636358 2.0775968707041326E8 2609090.258591735 600007
pla85900_n85899_uncorr-similar-weights_01.ttp: 58.0 7844066.0 6699848.0 142703234 1.948615217609852E8 2802617.564780296 599995
pla85900_n85899_uncorr-similar-weights_01.ttp: 78.0 7844046.0 6720645.0 142764014 1.9744934052577737E8 2771658.1894844524 599992
pla85900_n85899_uncorr-similar-weights_01.ttp: 576.0 7843548.0 6726421.0 142732209 1.9808987964225847E8 2764623.4071548306 600001
pla85900_n85899_uncorr-similar-weights_01.ttp: 237.0 7843887.0 6706309.0 142697909 1.94830286019772E8 2809703.27960456 600007
pla85900_n85899_uncorr-similar-weights_01.ttp: 246.0 7843878.0 6713852.0 142760492 1.9663657398818555E8 2781120.5202362887 599995
pla85900_n85899_uncorr-similar-weights_01.ttp: 532.0 7843592.0 6741069.0 142732435 2.0171123606519932E8 2706844.2786960136 599991
RESULTS FOR heuristics : 28
pla85900_n85899_uncorr-similar-weights_01.ttp: 61753.0 7782371.0 6725516.0 142877715 2.0528259027854764E8 2619864.194429047 599994
pla85900_n85899_uncorr-similar-weights_01.ttp: 129883.0 7714241.0 6704683.0 142618581 2.0566731194377947E8 2591336.7611244107 599991
pla85900_n85899_uncorr-similar-weights_01.ttp: 219.0 7843905.0 6697197.0 142825752 1.9466345077789843E8 2803927.9844420315 600016
pla85900_n85899_uncorr-similar-weights_01.ttp: 610.0 7843514.0 6719789.0 142697027 1.9972937930830503E8 2725201.4138338994 599999
pla85900_n85899_uncorr-similar-weights_01.ttp: 84.0 7844040.0 6705975.0 142681094 1.9626024386113295E8 2780770.122777341 599995
pla85900_n85899_uncorr-similar-weights_01.ttp: 94.0 7844030.0 6707737.0 142693204 1.9615483555140176E8 2784640.2889719647 600015
pla85900_n85899_uncorr-similar-weights_01.ttp: 52648.0 7791476.0 6736292.0 142721670 2.0366836821299985E8 2662924.635740003 600004
pla85900_n85899_uncorr-similar-weights_01.ttp: 629.0 7843495.0 6681362.0 142620260 1.9451769516459072E8 2791008.0967081855 599999
pla85900_n85899_uncorr-similar-weights_01.ttp: 407.0 7843717.0 6691684.0 142667737 1.947006888604768E8 2797670.2227904643 600000
pla85900_n85899_uncorr-similar-weights_01.ttp: 624.0 7843500.0 6697533.0 142670278 1.952102278478809E8 2793328.443042382 599999
pla85900_n85899_uncorr-similar-weights_01.ttp: 442.0 7843682.0 6711512.0 142727238 1.962566046410217E8 2786379.907179566 600015
pla85900_n85899_uncorr-similar-weights_01.ttp: 149.0 7843975.0 6691522.0 142782120 1.9437911798850515E8 2803939.6402298966 599996
pla85900_n85899_uncorr-similar-weights_01.ttp: 399.0 7843725.0 6685238.0 142748774 1.9319932945304802E8 2821251.4109390397 600002
pla85900_n85899_uncorr-similar-weights_01.ttp: 423.0 7843701.0 6756399.0 142687080 2.0363234437995854E8 2683752.1124008293 599992
pla85900_n85899_uncorr-similar-weights_01.ttp: 567.0 7843557.0 6744040.0 142742609 2.023853219914472E8 2696333.5601710556 599993
pla85900_n85899_uncorr-similar-weights_01.ttp: 152.0 7843972.0 6711026.0 142755946 1.9619103839664966E8 2787205.2320670066 599994
pla85900_n85899_uncorr-similar-weights_01.ttp: 20317.0 7823807.0 6752677.0 142659634 2.0269407890839988E8 2698795.4218320022 599991
pla85900_n85899_uncorr-similar-weights_01.ttp: 348.0 7843776.0 6704660.0 142630044 1.9508852879667935E8 2802889.424066413 600008
pla85900_n85899_uncorr-similar-weights_01.ttp: 46705.0 7797419.0 6737784.0 142620230 2.0347628061051738E8 2668258.387789652 600010
pla85900_n85899_uncorr-similar-weights_01.ttp: 325.0 7843799.0 6707619.0 142693515 1.9528053423766688E8 2802008.3152466626 600008
pla85900_n85899_uncorr-similar-weights_01.ttp: 16139.0 7827985.0 6753238.0 142632431 2.0271115482336077E8 2699014.9035327844 599993
pla85900_n85899_uncorr-similar-weights_01.ttp: 705.0 7843419.0 6692428.0 142687481 1.9493187854285982E8 2793790.4291428034 599993
pla85900_n85899_uncorr-similar-weights_01.ttp: 610.0 7843514.0 6695535.0 142629285 1.9363896308334768E8 2822755.7383330464 600017
pla85900_n85899_uncorr-similar-weights_01.ttp: 623.0 7843501.0 6682028.0 142681763 1.9351261426854008E8 2811775.7146291984 599993
pla85900_n85899_uncorr-similar-weights_01.ttp: 131.0 7843993.0 6706383.0 142737981 1.9621668984901905E8 2782049.203019619 600009
pla85900_n85899_uncorr-similar-weights_01.ttp: 31512.0 7812612.0 6740524.0 142771466 2.0333659295939657E8 2673792.1408120687 600003
pla85900_n85899_uncorr-similar-weights_01.ttp: 43490.0 7800634.0 6744784.0 142667154 2.0621135498836607E8 2620556.9002326787 599993
pla85900_n85899_uncorr-similar-weights_01.ttp: 470.0 7843654.0 6708112.0 142805196 1.9763337861649072E8 2755444.4276701855 599992
pla85900_n85899_uncorr-similar-weights_01.ttp: 212.0 7843912.0 6703570.0 142723261 1.9625165381741846E8 2778536.923651631 600022
pla85900_n85899_uncorr-similar-weights_01.ttp: 35907.0 7808217.0 6749982.0 142631308 2.03113905016102E8 2687703.89967796 599993
RESULTS FOR heuristics : 29
pla85900_n85899_uncorr-similar-weights_01.ttp: 148.0 7843976.0 6755148.0 142765558 1.9970157182883564E8 2761116.563423287 600002
pla85900_n85899_uncorr-similar-weights_01.ttp: 12252.0 7831872.0 6770173.0 142770560 2.0356572750613952E8 2698858.4498772095 600005
pla85900_n85899_uncorr-similar-weights_01.ttp: 34755.0 7809369.0 6762995.0 142660759 2.0399596349445915E8 2683075.7301108167 600012
pla85900_n85899_uncorr-similar-weights_01.ttp: 550.0 7843574.0 6745250.0 142635520 1.9691982410450998E8 2806853.5179098 600009
pla85900_n85899_uncorr-similar-weights_01.ttp: 440.0 7843684.0 6748870.0 142649239 2.0111041798532298E8 2726661.6402935404 599994
pla85900_n85899_uncorr-similar-weights_01.ttp: 216164.0 7627960.0 6582172.0 142661715 2.0617822750215706E8 2458607.4499568585 599994
pla85900_n85899_uncorr-similar-weights_01.ttp: 746.0 7843378.0 6751237.0 142628190 1.9785497706288463E8 2794137.4587423075 600009
pla85900_n85899_uncorr-similar-weights_01.ttp: 184.0 7843940.0 6745835.0 142728283 1.9901897869273445E8 2765455.426145311 599994
pla85900_n85899_uncorr-similar-weights_01.ttp: 60752.0 7783372.0 6740204.0 142678092 2.0404109592282182E8 2659382.0815435634 600007
pla85900_n85899_uncorr-similar-weights_01.ttp: 42245.0 7801879.0 6772963.0 142721809 2.0406713442902234E8 2691620.311419553 599996
pla85900_n85899_uncorr-similar-weights_01.ttp: 170.0 7843954.0 6769382.0 142705918 2.0233567340274972E8 2722668.5319450055 600002
pla85900_n85899_uncorr-similar-weights_01.ttp: 524.0 7843600.0 6765086.0 142682327 1.977275373349657E8 2810535.253300686 600017
pla85900_n85899_uncorr-similar-weights_01.ttp: 80749.0 7763375.0 6717547.0 142726998 2.073118738089582E8 2571309.5238208356 599991
pla85900_n85899_uncorr-similar-weights_01.ttp: 366.0 7843758.0 6754771.0 142739499 1.980467932846369E8 2793835.1343072616 600003
pla85900_n85899_uncorr-similar-weights_01.ttp: 129.0 7843995.0 6765734.0 142693799 1.9905154825914225E8 2784703.034817155 599996
pla85900_n85899_uncorr-similar-weights_01.ttp: 45766.0 7798358.0 6741439.0 142744618 2.0411952975078997E8 2659048.4049842004 600016
pla85900_n85899_uncorr-similar-weights_01.ttp: 642.0 7843482.0 6736303.0 142743565 2.0156502203936055E8 2705002.559212789 599993
pla85900_n85899_uncorr-similar-weights_01.ttp: 82958.0 7761166.0 6674294.0 142742164 2.0553560241284767E8 2563581.9517430468 600014
pla85900_n85899_uncorr-similar-weights_01.ttp: 29742.0 7814382.0 6752337.0 142759068 2.0414150483305743E8 2669506.9033388514 599993
pla85900_n85899_uncorr-similar-weights_01.ttp: 803.0 7843321.0 6742886.0 142628351 1.9734383997796205E8 2796009.200440759 600016
pla85900_n85899_uncorr-similar-weights_01.ttp: 290979.0 7553145.0 6560010.0 142748292 2.0675764266222748E8 2424857.1467554504 599992
pla85900_n85899_uncorr-similar-weights_01.ttp: 23493.0 7820631.0 6777761.0 142650477 2.0382737429071084E8 2701213.514185783 600000
pla85900_n85899_uncorr-similar-weights_01.ttp: 17644.0 7826480.0 6741020.0 142656422 2.0242394342538422E8 2692541.1314923153 599996
pla85900_n85899_uncorr-similar-weights_01.ttp: 21359.0 7822765.0 6735061.0 142698172 2.027114544961068E8 2680831.910077864 599994
pla85900_n85899_uncorr-similar-weights_01.ttp: 21312.0 7822812.0 6754148.0 142648205 2.0312075215112153E8 2691732.9569775695 600009
pla85900_n85899_uncorr-similar-weights_01.ttp: 95.0 7844029.0 6779002.0 142682639 1.9773984613544023E8 2824205.0772911953 599998
pla85900_n85899_uncorr-similar-weights_01.ttp: 18354.0 7825770.0 6742374.0 142660173 2.0256931793911433E8 2690987.6412177132 599993
pla85900_n85899_uncorr-similar-weights_01.ttp: 254.0 7843870.0 6741997.0 142725486 1.9760612823611185E8 2789874.435277763 599993
pla85900_n85899_uncorr-similar-weights_01.ttp: 743.0 7843381.0 6749233.0 142645780 1.979231452566495E8 2790770.09486701 599993
pla85900_n85899_uncorr-similar-weights_01.ttp: 32333.0 7811791.0 6742848.0 142717360 2.0336403000250262E8 2675567.3999499474 599993
RESULTS FOR heuristics : 30
pla85900_n85899_uncorr-similar-weights_01.ttp: 478.0 7843646.0 6740673.0 142670009 2.013926770223531E8 2712819.4595529377 600000
pla85900_n85899_uncorr-similar-weights_01.ttp: 40864.0 7803260.0 6766906.0 142692246 2.0429072005281773E8 2681091.598943645 599998
pla85900_n85899_uncorr-similar-weights_01.ttp: 30396.0 7813728.0 6761415.0 142668431 2.0333375368680522E8 2694739.9262638954 599992
pla85900_n85899_uncorr-similar-weights_01.ttp: 117.0 7844007.0 6760952.0 142659013 2.0193338560729402E8 2722284.2878541197 599996
pla85900_n85899_uncorr-similar-weights_01.ttp: 84.0 7844040.0 6770192.0 142633653 1.9781029577504858E8 2813986.084499028 599994
pla85900_n85899_uncorr-similar-weights_01.ttp: 24582.0 7819542.0 6759188.0 142678672 2.032718714252792E8 2693750.571494416 600002
pla85900_n85899_uncorr-similar-weights_01.ttp: 9310.0 7834814.0 6753800.0 142680117 2.0218679173145184E8 2710064.165370963 600015
pla85900_n85899_uncorr-similar-weights_01.ttp: 537.0 7843587.0 6752145.0 142703135 1.977141282668787E8 2797862.434662426 599994
pla85900_n85899_uncorr-similar-weights_01.ttp: 225.0 7843899.0 6768641.0 142646065 1.9724868428551373E8 2823667.3142897254 600000
pla85900_n85899_uncorr-similar-weights_01.ttp: 357.0 7843767.0 6799036.0 142761533 2.023858091672281E8 2751319.816655438 599996
pla85900_n85899_uncorr-similar-weights_01.ttp: 412.0 7843712.0 6756036.0 142726281 1.987108968271079E8 2781818.063457842 600007
pla85900_n85899_uncorr-similar-weights_01.ttp: 85.0 7844039.0 6763065.0 142678783 1.985456903548929E8 2792151.1929021417 600015
pla85900_n85899_uncorr-similar-weights_01.ttp: 371.0 7843753.0 6772624.0 142709895 1.97698310355029E8 2818657.79289942 599992
pla85900_n85899_uncorr-similar-weights_01.ttp: 762.0 7843362.0 6752620.0 142581318 1.973052498019319E8 2806515.003961362 599992
pla85900_n85899_uncorr-similar-weights_01.ttp: 39863.0 7804261.0 6756593.0 142626344 2.0376918986700508E8 2681209.2026598984 599997
pla85900_n85899_uncorr-similar-weights_01.ttp: 214454.0 7629670.0 6579746.0 142613245 2.0625922451578954E8 2454561.5096842092 600012
pla85900_n85899_uncorr-similar-weights_01.ttp: 239.0 7843885.0 6751620.0 142724317 1.977427381787954E8 2796765.236424092 600001
pla85900_n85899_uncorr-similar-weights_01.ttp: 750.0 7843374.0 6760794.0 142739514 2.0310975849671385E8 2698598.830065723 600011
pla85900_n85899_uncorr-similar-weights_01.ttp: 55447.0 7788677.0 6753633.0 142726752 2.0411183733560392E8 2671396.2532879217 600007
pla85900_n85899_uncorr-similar-weights_01.ttp: 32446.0 7811678.0 6724586.0 142680897 2.0289941285596055E8 2666597.742880789 600002
pla85900_n85899_uncorr-similar-weights_01.ttp: 71830.0 7772294.0 6700582.0 142724442 2.0577681119960234E8 2585045.776007953 599992
pla85900_n85899_uncorr-similar-weights_01.ttp: 523.0 7843601.0 6705042.0 142786494 2.0314869887351915E8 2642068.022529617 600011
pla85900_n85899_uncorr-similar-weights_01.ttp: 47924.0 7796200.0 6746442.0 142719897 2.0379120796535695E8 2670617.840692861 599993
pla85900_n85899_uncorr-similar-weights_01.ttp: 118698.0 7725426.0 6678083.0 142649469 2.0431582548222968E8 2591766.4903554064 600015
pla85900_n85899_uncorr-similar-weights_01.ttp: 25304.0 7818820.0 6772840.0 142643413 2.0343639796040455E8 2704112.040791909 600016
pla85900_n85899_uncorr-similar-weights_01.ttp: 25055.0 7819069.0 6778786.0 142676243 2.0359659701223233E8 2706854.0597553533 600005
pla85900_n85899_uncorr-similar-weights_01.ttp: 381.0 7843743.0 6766418.0 142677481 2.0283535893792397E8 2709710.8212415203 600010
pla85900_n85899_uncorr-similar-weights_01.ttp: 614.0 7843510.0 6750861.0 142653616 1.9997238644781363E8 2751413.271043727 600006
pla85900_n85899_uncorr-similar-weights_01.ttp: 128807.0 7715317.0 6638103.0 142800346 2.0542135923858583E8 2529675.8152282834 599999
pla85900_n85899_uncorr-similar-weights_01.ttp: 233.0 7843891.0 6773998.0 142714420 1.993732041473892E8 2786533.917052216 600008
