enter number of instance to run
Enter TTP instance file:
Enter TTP instance file:
Enter TTP instance file:
Instance :rl11849_n118480_uncorr_01.ttp
RESULTS FOR heuristics : 20
rl11849_n118480_uncorr_01.ttp: 0.0 5396907.0 1.8329334E7 927628 1360768.1301941576 6422612.860801121 16941
rl11849_n118480_uncorr_01.ttp: 198444.0 5198463.0 1.84669E7 927758 1361225.2222950254 6556179.304918528 15618
rl11849_n118480_uncorr_01.ttp: 204301.0 5192606.0 1.8451674E7 928529 1374508.9392568883 6424720.781502226 16277
rl11849_n118480_uncorr_01.ttp: 206456.0 5190451.0 1.8449024E7 928730 1367860.053666396 6480248.530419035 15980
rl11849_n118480_uncorr_01.ttp: 2.0 5396905.0 1.8373988E7 928204 1351613.4485286316 6547370.325374473 16178
rl11849_n118480_uncorr_01.ttp: 301582.0 5095325.0 1.8271236E7 929099 1357106.351802738 6396555.421726042 16876
rl11849_n118480_uncorr_01.ttp: 310783.0 5086124.0 1.8319592E7 928475 1364922.616422612 6376519.106302146 16217
rl11849_n118480_uncorr_01.ttp: 1.0 5396906.0 1.8405508E7 927996 1355581.4452300852 6544170.3542367555 15972
rl11849_n118480_uncorr_01.ttp: 214438.0 5182469.0 1.8466595E7 927906 1365600.1280515715 6517593.879548749 18396
rl11849_n118480_uncorr_01.ttp: 294514.0 5102393.0 1.82839E7 928654 1354519.1999665059 6431857.000293074 34265
rl11849_n118480_uncorr_01.ttp: 0.0 5396907.0 1.8336871E7 927970 1363499.241790143 6406252.634336248 32409
rl11849_n118480_uncorr_01.ttp: 200305.0 5196602.0 1.8462799E7 927791 1371196.1269156178 6464832.889488343 32432
rl11849_n118480_uncorr_01.ttp: 3.0 5396904.0 1.8325696E7 928667 1353937.6227888872 6478741.800597237 31176
rl11849_n118480_uncorr_01.ttp: 297567.0 5099340.0 1.8297502E7 928011 1354813.1528784654 6442886.912313428 32962
rl11849_n118480_uncorr_01.ttp: 1.0 5396906.0 1.8349343E7 927602 1357816.7226981667 6468446.676391041 31883
rl11849_n118480_uncorr_01.ttp: 0.0 5396907.0 1.837993E7 928719 1360280.5010413714 6477475.615888 31324
rl11849_n118480_uncorr_01.ttp: 1.0 5396906.0 1.8409501E7 928566 1355824.0395931522 6546040.653559918 31787
rl11849_n118480_uncorr_01.ttp: 301676.0 5095231.0 1.8303131E7 929167 1349210.5514611441 6497538.674714988 33168
rl11849_n118480_uncorr_01.ttp: 308242.0 5088665.0 1.827819E7 928299 1354972.6144376223 6422179.623670805 33396
rl11849_n118480_uncorr_01.ttp: 0.0 5396907.0 1.8319651E7 929447 1358468.4218010057 6433052.3092412 32438
rl11849_n118480_uncorr_01.ttp: 1.0 5396906.0 1.8382015E7 927958 1353458.8836942704 6539249.767675133 32101
rl11849_n118480_uncorr_01.ttp: 298670.0 5098237.0 1.8277124E7 928468 1359055.1348150827 6385391.570368027 32275
rl11849_n118480_uncorr_01.ttp: 307823.0 5089084.0 1.8280422E7 928871 1360336.3817483457 6377478.659701975 31998
rl11849_n118480_uncorr_01.ttp: 205846.0 5191061.0 1.8467759E7 927257 1370323.6846822344 6477426.759030448 31426
rl11849_n118480_uncorr_01.ttp: 215310.0 5181597.0 1.8455691E7 929041 1371449.8667781923 6455504.665690817 33272
rl11849_n118480_uncorr_01.ttp: 0.0 5396907.0 1.8332722E7 927954 1361482.4860178544 6419750.247343773 31245
rl11849_n118480_uncorr_01.ttp: 0.0 5396907.0 1.8401263E7 928192 1357244.0948950928 6525377.169667939 32173
rl11849_n118480_uncorr_01.ttp: 1.0 5396906.0 1.8363075E7 928819 1361370.9064340892 6451079.56870172 31658
rl11849_n118480_uncorr_01.ttp: 298684.0 5098223.0 1.8274573E7 928140 1357541.1239836784 6396088.165142814 32430
rl11849_n118480_uncorr_01.ttp: 1.0 5396906.0 1.8361121E7 928159 1361702.8037668888 6446221.467039723 32978
RESULTS FOR heuristics : 24
rl11849_n118480_uncorr_01.ttp: 1.0 5396906.0 1.83958E7 927235 1353198.0807984464 6555316.793013593 564092
rl11849_n118480_uncorr_01.ttp: 0.0 5396907.0 1.8398192E7 928586 1354998.6135415628 6541954.131511325 565339
rl11849_n118480_uncorr_01.ttp: 1.0 5396906.0 1.8417077E7 929641 1354876.1746131962 6561910.472134534 565436
rl11849_n118480_uncorr_01.ttp: 1.0 5396906.0 1.844165E7 927768 1353528.4544182282 6598276.023840504 568060
rl11849_n118480_uncorr_01.ttp: 0.0 5396907.0 1.839115E7 928851 1351152.8535770837 6568562.531200517 584084
rl11849_n118480_uncorr_01.ttp: 0.0 5396907.0 1.8411884E7 928351 1356515.894028033 6542369.927254712 569688
rl11849_n118480_uncorr_01.ttp: 212046.0 5184861.0 1.8440703E7 927766 1354449.2721534015 6589271.868657736 567318
rl11849_n118480_uncorr_01.ttp: 194645.0 5202262.0 1.8482861E7 928675 1368284.595131205 6510370.792601956 572651
rl11849_n118480_uncorr_01.ttp: 1.0 5396906.0 1.8420251E7 928684 1355997.1430852173 6555275.998004349 575918
rl11849_n118480_uncorr_01.ttp: 1.0 5396906.0 1.8398007E7 928646 1350542.5635653913 6580759.568802826 561945
rl11849_n118480_uncorr_01.ttp: 1.0 5396906.0 1.8455741E7 927765 1358700.31874299 6567113.210998837 567027
rl11849_n118480_uncorr_01.ttp: 1.0 5396906.0 1.8382979E7 928058 1347185.2444600442 6595108.110974614 563514
rl11849_n118480_uncorr_01.ttp: 0.0 5396907.0 1.8417984E7 928630 1352388.7279666685 6584582.63029165 587254
rl11849_n118480_uncorr_01.ttp: 2.0 5396905.0 1.8389806E7 927377 1349989.3099626089 6577399.537827173 582657
rl11849_n118480_uncorr_01.ttp: 0.0 5396907.0 1.8405575E7 927968 1350045.6185517483 6592675.837672202 585899
rl11849_n118480_uncorr_01.ttp: 3.0 5396904.0 1.8394351E7 927590 1350632.6301561915 6576315.486133324 586486
rl11849_n118480_uncorr_01.ttp: 0.0 5396907.0 1.837167E7 928637 1350638.7190320676 6553581.2084694095 584148
rl11849_n118480_uncorr_01.ttp: 1.0 5396906.0 1.8364178E7 928441 1346049.8790455887 6586241.5583510995 586194
rl11849_n118480_uncorr_01.ttp: 0.0 5396907.0 1.8432742E7 927953 1353313.2342265698 6591251.200517515 584291
rl11849_n118480_uncorr_01.ttp: 0.0 5396907.0 1.8417379E7 927870 1352617.686127039 6581974.246388409 585975
rl11849_n118480_uncorr_01.ttp: 1.0 5396906.0 1.8394043E7 928634 1349210.7005178763 6588449.370468583 584976
rl11849_n118480_uncorr_01.ttp: 2.0 5396905.0 1.8402932E7 927788 1353875.445044533 6556521.855860338 587239
rl11849_n118480_uncorr_01.ttp: 180320.0 5216587.0 1.8456296E7 928058 1360324.1369553097 6553459.80164104 588522
rl11849_n118480_uncorr_01.ttp: 0.0 5396907.0 1.8369084E7 928784 1348835.9129069909 6566769.762063829 587543
rl11849_n118480_uncorr_01.ttp: 206096.0 5190811.0 1.8431614E7 928413 1356359.804341513 6563465.712011762 589487
rl11849_n118480_uncorr_01.ttp: 211340.0 5185567.0 1.8434306E7 928225 1353786.1779498633 6588676.942938697 583329
rl11849_n118480_uncorr_01.ttp: 0.0 5396907.0 1.8407994E7 927674 1355033.042225104 6551454.880530339 586015
rl11849_n118480_uncorr_01.ttp: 0.0 5396907.0 1.841935E7 929278 1353502.2893128523 6576204.968512543 583432
rl11849_n118480_uncorr_01.ttp: 3.0 5396904.0 1.8417833E7 928065 1352519.9088295787 6583283.797741186 590171
rl11849_n118480_uncorr_01.ttp: 198224.0 5198683.0 1.8485399E7 927514 1359069.5381648159 6593540.5410578605 590673
Instance :rl11849_n118480_uncorr-similar-weights_01.ttp
RESULTS FOR heuristics : 20
rl11849_n118480_uncorr-similar-weights_01.ttp: 769.0 1.0818621E7 9324073.0 928260 1257911.5751502658 3852157.6480963444 15567
rl11849_n118480_uncorr-similar-weights_01.ttp: 897.0 1.0818493E7 9310920.0 928326 1273394.0247132645 3771655.9924973 15427
rl11849_n118480_uncorr-similar-weights_01.ttp: 234.0 1.0819156E7 9274285.0 928913 1267762.1115786848 3759519.814632722 15693
rl11849_n118480_uncorr-similar-weights_01.ttp: 680.0 1.081871E7 9288525.0 929224 1268908.8986628482 3768771.2908166107 15724
rl11849_n118480_uncorr-similar-weights_01.ttp: 252.0 1.0819138E7 9302215.0 928765 1257205.369268979 3833371.643679942 15391
rl11849_n118480_uncorr-similar-weights_01.ttp: 878.0 1.0818512E7 9295780.0 928892 1273498.6020858216 3756061.0809266763 15701
rl11849_n118480_uncorr-similar-weights_01.ttp: 813.0 1.0818577E7 9299065.0 928284 1265338.5620073453 3794842.2552680485 15484
rl11849_n118480_uncorr-similar-weights_01.ttp: 418.0 1.0818972E7 9315210.0 928121 1268316.654480051 3798032.5530117787 15146
rl11849_n118480_uncorr-similar-weights_01.ttp: 649.0 1.0818741E7 9341887.0 929885 1263321.4005238772 3846438.907721135 15961
rl11849_n118480_uncorr-similar-weights_01.ttp: 626.0 1.0818764E7 9276802.0 928883 1267365.673317648 3763761.321068232 15732
rl11849_n118480_uncorr-similar-weights_01.ttp: 276.0 1.0819114E7 9292745.0 928655 1265499.092409451 3787823.948018889 15719
rl11849_n118480_uncorr-similar-weights_01.ttp: 313.0 1.0819077E7 9304116.0 927526 1269397.0491274553 3782238.8362955693 15639
rl11849_n118480_uncorr-similar-weights_01.ttp: 82.0 1.0819308E7 9327592.0 928152 1268913.2454005578 3807819.382507574 15023
rl11849_n118480_uncorr-similar-weights_01.ttp: 323.0 1.0819067E7 9303154.0 929263 1273443.2362016235 3763675.922522939 16169
rl11849_n118480_uncorr-similar-weights_01.ttp: 738.0 1.0818652E7 9306182.0 928838 1265959.631049323 3799257.604935446 15203
rl11849_n118480_uncorr-similar-weights_01.ttp: 107.0 1.0819283E7 9323471.0 928323 1270289.5845045005 3797711.3074054234 15735
rl11849_n118480_uncorr-similar-weights_01.ttp: 206.0 1.0819184E7 9310223.0 928006 1266502.0140246633 3800939.2389927153 15422
rl11849_n118480_uncorr-similar-weights_01.ttp: 410.0 1.081898E7 9325264.0 928842 1263730.3557230153 3828036.9526048843 15248
rl11849_n118480_uncorr-similar-weights_01.ttp: 133.0 1.0819257E7 9301055.0 927302 1272242.7591785933 3766798.9975731196 14837
rl11849_n118480_uncorr-similar-weights_01.ttp: 634.0 1.0818756E7 9285159.0 928339 1270876.0576861612 3756848.1490651993 15115
rl11849_n118480_uncorr-similar-weights_01.ttp: 356.0 1.0819034E7 9340462.0 927680 1255785.9889810707 3877792.947932343 15425
rl11849_n118480_uncorr-similar-weights_01.ttp: 230.0 1.081916E7 9321346.0 927387 1273163.7435077163 3783083.715741434 15072
rl11849_n118480_uncorr-similar-weights_01.ttp: 653.0 1.0818737E7 9322143.0 928278 1271043.368523602 3793104.3469223324 15520
rl11849_n118480_uncorr-similar-weights_01.ttp: 235.0 1.0819155E7 9335524.0 928286 1267421.142553589 3822242.0298918877 15219
rl11849_n118480_uncorr-similar-weights_01.ttp: 681.0 1.0818709E7 9320706.0 928300 1262213.368949569 3830077.845069375 15429
rl11849_n118480_uncorr-similar-weights_01.ttp: 497.0 1.0818893E7 9317902.0 927665 1271556.8919044577 3786629.520215609 15105
rl11849_n118480_uncorr-similar-weights_01.ttp: 487.0 1.0818903E7 9284895.0 927494 1273144.1474307068 3746717.9586764257 15645
rl11849_n118480_uncorr-similar-weights_01.ttp: 488.0 1.0818902E7 9324347.0 928747 1264608.4757111776 3823300.1306563783 15736
rl11849_n118480_uncorr-similar-weights_01.ttp: 614.0 1.0818776E7 9310073.0 928312 1258054.2224315612 3837537.132422709 15606
rl11849_n118480_uncorr-similar-weights_01.ttp: 636.0 1.0818754E7 9291469.0 929163 1275007.8710862314 3745184.7607748937 15717
RESULTS FOR heuristics : 24
rl11849_n118480_uncorr-similar-weights_01.ttp: 360.0 1.081903E7 9352839.0 927885 1255871.9382198215 3889796.0687437765 583796
rl11849_n118480_uncorr-similar-weights_01.ttp: 211.0 1.0819179E7 9345464.0 928312 1260956.945574744 3860301.286749864 588225
rl11849_n118480_uncorr-similar-weights_01.ttp: 504.0 1.0818886E7 9332453.0 928618 1251519.2448529056 3888344.284889861 590009
rl11849_n118480_uncorr-similar-weights_01.ttp: 360.0 1.081903E7 9337583.0 927184 1253061.2073087513 3886766.748206932 587768
rl11849_n118480_uncorr-similar-weights_01.ttp: 362.0 1.0819028E7 9355537.0 929230 1260314.5318893187 3873168.7862814637 587570
rl11849_n118480_uncorr-similar-weights_01.ttp: 591.0 1.0818799E7 9333567.0 929284 1254673.4162925659 3875737.6391273392 584829
rl11849_n118480_uncorr-similar-weights_01.ttp: 680.0 1.081871E7 9344422.0 929980 1260547.228651074 3861041.5553678283 588784
rl11849_n118480_uncorr-similar-weights_01.ttp: 227.0 1.0819163E7 9333118.0 928843 1257752.3281622964 3861895.372494011 591521
rl11849_n118480_uncorr-similar-weights_01.ttp: 295.0 1.0819095E7 9338776.0 929350 1261777.2277514753 3850045.059281083 590603
rl11849_n118480_uncorr-similar-weights_01.ttp: 238.0 1.0819152E7 9343340.0 928945 1259678.4292285421 3863738.832855842 585131
rl11849_n118480_uncorr-similar-weights_01.ttp: 935.0 1.0818455E7 9341906.0 927565 1254396.4131551194 3885281.602775231 584748
rl11849_n118480_uncorr-similar-weights_01.ttp: 813.0 1.0818577E7 9348109.0 927908 1259449.4450511234 3869503.9140276136 585894
rl11849_n118480_uncorr-similar-weights_01.ttp: 411.0 1.0818979E7 9337960.0 927661 1259991.619488186 3856996.4552263916 589684
rl11849_n118480_uncorr-similar-weights_01.ttp: 789.0 1.0818601E7 9354137.0 928717 1258147.494169345 3881195.4003633503 588050
rl11849_n118480_uncorr-similar-weights_01.ttp: 448.0 1.0818942E7 9339134.0 929192 1255919.8649061099 3875882.587658422 591437
rl11849_n118480_uncorr-similar-weights_01.ttp: 626.0 1.0818764E7 9329360.0 928301 1253217.5349886934 3877863.722799184 589575
rl11849_n118480_uncorr-similar-weights_01.ttp: 505.0 1.0818885E7 9329493.0 927290 1257001.7065884515 3861535.5763402367 584013
rl11849_n118480_uncorr-similar-weights_01.ttp: 217.0 1.0819173E7 9328551.0 927990 1252963.961962072 3878157.7654649876 591695
rl11849_n118480_uncorr-similar-weights_01.ttp: 680.0 1.081871E7 9345849.0 928341 1259914.5406950077 3865220.7479767175 590038
rl11849_n118480_uncorr-similar-weights_01.ttp: 785.0 1.0818605E7 9337169.0 929296 1257498.3161573503 3867051.324715527 587298
rl11849_n118480_uncorr-similar-weights_01.ttp: 177.0 1.0819213E7 9327782.0 929371 1254840.0954261841 3869227.5848960998 588131
rl11849_n118480_uncorr-similar-weights_01.ttp: 436.0 1.0818954E7 9333487.0 929343 1255891.4088981843 3870359.3712928984 591399
rl11849_n118480_uncorr-similar-weights_01.ttp: 372.0 1.0819018E7 9341009.0 927550 1257609.2039911053 3870408.962638692 586161
rl11849_n118480_uncorr-similar-weights_01.ttp: 559.0 1.0818831E7 9317397.0 928433 1254537.004612867 3860161.029934029 584381
rl11849_n118480_uncorr-similar-weights_01.ttp: 697.0 1.0818693E7 9319294.0 928154 1260079.0036573354 3837950.3340905914 591889
rl11849_n118480_uncorr-similar-weights_01.ttp: 484.0 1.0818906E7 9340829.0 928556 1257971.2648487114 3868653.997908106 589105
rl11849_n118480_uncorr-similar-weights_01.ttp: 360.0 1.081903E7 9349920.0 928894 1259227.323144549 3872281.1443212125 590852
rl11849_n118480_uncorr-similar-weights_01.ttp: 741.0 1.0818649E7 9344575.0 928636 1252804.735214213 3894874.401818174 590384
rl11849_n118480_uncorr-similar-weights_01.ttp: 440.0 1.081895E7 9361499.0 928613 1260983.5598620283 3876220.5146001773 585392
rl11849_n118480_uncorr-similar-weights_01.ttp: 479.0 1.0818911E7 9334177.0 927011 1252082.4313054993 3887618.4238210786 591672
Instance :rl11849_n118480_bounded-strongly-corr_01.ttp
RESULTS FOR heuristics : 20
rl11849_n118480_bounded-strongly-corr_01.ttp: 41.0 1.0201333E7 1.5526433E7 928839 1192362.2598815272 6881806.615858927 15196
rl11849_n118480_bounded-strongly-corr_01.ttp: 20.0 1.0201354E7 1.5532254E7 928613 1188360.3573381875 6916641.409298141 15644
rl11849_n118480_bounded-strongly-corr_01.ttp: 11.0 1.0201363E7 1.5534263E7 928252 1186998.761114589 6928521.981919231 15172
rl11849_n118480_bounded-strongly-corr_01.ttp: 26.0 1.0201348E7 1.5503548E7 927973 1185750.362498513 6906857.87188578 15490
rl11849_n118480_bounded-strongly-corr_01.ttp: 2.0 1.0201372E7 1.5516372E7 928448 1185298.4525246723 6922958.219196126 15965
rl11849_n118480_bounded-strongly-corr_01.ttp: 78.0 1.0201296E7 1.5518296E7 928220 1184606.2151885666 6929900.939882893 15540
rl11849_n118480_bounded-strongly-corr_01.ttp: 8.0 1.0201366E7 1.5526766E7 929602 1181644.5880759922 6959842.736449057 15454
rl11849_n118480_bounded-strongly-corr_01.ttp: 20.0 1.0201354E7 1.5511354E7 928999 1183410.8979590337 6931624.989797005 15914
rl11849_n118480_bounded-strongly-corr_01.ttp: 5.0 1.0201369E7 1.5515369E7 928232 1187709.0308282038 6904478.526495522 15515
rl11849_n118480_bounded-strongly-corr_01.ttp: 11.0 1.0201363E7 1.5511763E7 928487 1182828.9527680147 6936253.092431894 16117
rl11849_n118480_bounded-strongly-corr_01.ttp: 7.0 1.0201367E7 1.5540467E7 927805 1187946.4002640427 6927855.59808569 15478
rl11849_n118480_bounded-strongly-corr_01.ttp: 6.0 1.0201368E7 1.5511468E7 929402 1182879.7773631245 6935589.614117347 15766
rl11849_n118480_bounded-strongly-corr_01.ttp: 5.0 1.0201369E7 1.5509469E7 927775 1190790.535712705 6876237.616082888 16519
rl11849_n118480_bounded-strongly-corr_01.ttp: 5.0 1.0201369E7 1.5525469E7 928026 1191760.3549171884 6885206.426850384 15581
rl11849_n118480_bounded-strongly-corr_01.ttp: 0.0 1.0201374E7 1.5504474E7 927978 1183740.1883027747 6922357.634804884 15973
rl11849_n118480_bounded-strongly-corr_01.ttp: 38.0 1.0201336E7 1.5508836E7 927593 1188352.5852094581 6893279.757231429 15443
rl11849_n118480_bounded-strongly-corr_01.ttp: 19.0 1.0201355E7 1.5539455E7 927513 1191060.4971387193 6904266.395744285 15553
rl11849_n118480_bounded-strongly-corr_01.ttp: 1.0 1.0201373E7 1.5546273E7 927528 1183637.0042865393 6964904.718922591 15641
rl11849_n118480_bounded-strongly-corr_01.ttp: 15.0 1.0201359E7 1.5527959E7 927522 1182779.9312710566 6952804.498284839 15659
rl11849_n118480_bounded-strongly-corr_01.ttp: 38.0 1.0201336E7 1.5528036E7 928164 1178265.8892332127 6985608.303059207 15746
rl11849_n118480_bounded-strongly-corr_01.ttp: 1.0 1.0201373E7 1.5523373E7 928922 1183791.3011059384 6940886.066981947 15586
rl11849_n118480_bounded-strongly-corr_01.ttp: 7.0 1.0201367E7 1.5526767E7 928561 1189811.1190630617 6900636.386792803 15517
rl11849_n118480_bounded-strongly-corr_01.ttp: 2.0 1.0201372E7 1.5549172E7 927253 1190508.0055045814 6917988.960091785 15276
rl11849_n118480_bounded-strongly-corr_01.ttp: 39.0 1.0201335E7 1.5547335E7 928738 1194569.8131931224 6886703.854349863 15405
rl11849_n118480_bounded-strongly-corr_01.ttp: 22.0 1.0201352E7 1.5513552E7 927913 1186834.9188307605 6908998.838476986 15022
rl11849_n118480_bounded-strongly-corr_01.ttp: 5.0 1.0201369E7 1.5521669E7 927897 1185668.3388157366 6925573.5435859095 14878
rl11849_n118480_bounded-strongly-corr_01.ttp: 19.0 1.0201355E7 1.5549955E7 927560 1183692.4665113308 6968184.617792852 15760
rl11849_n118480_bounded-strongly-corr_01.ttp: 19.0 1.0201355E7 1.5504155E7 927858 1181389.0195663383 6939084.608144047 15086
rl11849_n118480_bounded-strongly-corr_01.ttp: 3.0 1.0201371E7 1.5532771E7 927668 1185452.3290667194 6938241.614266284 15794
rl11849_n118480_bounded-strongly-corr_01.ttp: 10.0 1.0201364E7 1.5530564E7 927705 1188307.4318675085 6915335.118960563 15461
RESULTS FOR heuristics : 24
rl11849_n118480_bounded-strongly-corr_01.ttp: 24.0 1.020135E7 1.553615E7 928642 1177873.5398271687 6996566.8362530265 586751
rl11849_n118480_bounded-strongly-corr_01.ttp: 27.0 1.0201347E7 1.5539647E7 928280 1177903.6728407368 6999845.371904658 590990
rl11849_n118480_bounded-strongly-corr_01.ttp: 9.0 1.0201365E7 1.5534965E7 929303 1177649.2395797996 6997008.013046453 590892
rl11849_n118480_bounded-strongly-corr_01.ttp: 16.0 1.0201358E7 1.5550258E7 928184 1180108.594845031 6994470.687373526 586528
rl11849_n118480_bounded-strongly-corr_01.ttp: 37.0 1.0201337E7 1.5561037E7 927903 1180373.3602785065 7003330.137980828 585197
rl11849_n118480_bounded-strongly-corr_01.ttp: 14.0 1.020136E7 1.551746E7 927277 1172352.1906932408 7017906.617474005 587034
rl11849_n118480_bounded-strongly-corr_01.ttp: 2.0 1.0201372E7 1.5526472E7 928780 1177487.0778830468 6989690.685347911 586354
rl11849_n118480_bounded-strongly-corr_01.ttp: 11.0 1.0201363E7 1.5520663E7 929115 1172165.6863527596 7022461.773942493 588927
rl11849_n118480_bounded-strongly-corr_01.ttp: 18.0 1.0201356E7 1.5525556E7 928004 1176436.8344712714 6996388.950083282 591404
rl11849_n118480_bounded-strongly-corr_01.ttp: 29.0 1.0201345E7 1.5514945E7 928067 1174091.9778181126 7002778.160818683 584614
rl11849_n118480_bounded-strongly-corr_01.ttp: 52.0 1.0201322E7 1.5503222E7 927691 1171916.7497248305 7006825.564494979 586275
rl11849_n118480_bounded-strongly-corr_01.ttp: 51.0 1.0201323E7 1.5513923E7 928380 1173411.479883865 7006689.7708419785 585890
rl11849_n118480_bounded-strongly-corr_01.ttp: 79.0 1.0201295E7 1.5524995E7 927655 1173351.5374022755 7018196.353833502 585571
rl11849_n118480_bounded-strongly-corr_01.ttp: 14.0 1.020136E7 1.551276E7 927708 1171887.471513575 7016575.831526581 587167
rl11849_n118480_bounded-strongly-corr_01.ttp: 80.0 1.0201294E7 1.5557594E7 928295 1181725.5247352468 6990083.945669461 590491
rl11849_n118480_bounded-strongly-corr_01.ttp: 58.0 1.0201316E7 1.5546116E7 929856 1179848.6237704156 6992213.477664487 586096
rl11849_n118480_bounded-strongly-corr_01.ttp: 5.0 1.0201369E7 1.5518269E7 927777 1177436.7122559787 6981852.836144155 591337
rl11849_n118480_bounded-strongly-corr_01.ttp: 5.0 1.0201369E7 1.5526869E7 928019 1172097.3056814908 7029163.5338091925 585596
rl11849_n118480_bounded-strongly-corr_01.ttp: 25.0 1.0201349E7 1.5525149E7 928134 1176139.7250295966 6998135.9935354255 589033
rl11849_n118480_bounded-strongly-corr_01.ttp: 9.0 1.0201365E7 1.5515165E7 928059 1174270.9393916186 7001700.689410765 584225
rl11849_n118480_bounded-strongly-corr_01.ttp: 59.0 1.0201315E7 1.5515315E7 927520 1176577.010066847 6985131.677015359 584785
rl11849_n118480_bounded-strongly-corr_01.ttp: 1.0 1.0201373E7 1.5538873E7 928599 1176917.0907660667 7006224.091946017 588635
rl11849_n118480_bounded-strongly-corr_01.ttp: 2.0 1.0201372E7 1.5506772E7 927307 1172797.25475359 7003991.903036471 588048
rl11849_n118480_bounded-strongly-corr_01.ttp: 1.0 1.0201373E7 1.5504873E7 928021 1174361.4531369854 6990752.464756856 588238
rl11849_n118480_bounded-strongly-corr_01.ttp: 3.0 1.0201371E7 1.5503671E7 927227 1176166.9927473827 6976460.302581476 589896
rl11849_n118480_bounded-strongly-corr_01.ttp: 50.0 1.0201324E7 1.5516924E7 929014 1175001.28442966 6998164.687884964 588023
rl11849_n118480_bounded-strongly-corr_01.ttp: 37.0 1.0201337E7 1.5531337E7 929656 1177479.614640789 6994609.793854279 587376
rl11849_n118480_bounded-strongly-corr_01.ttp: 35.0 1.0201339E7 1.5538539E7 928313 1176499.5323699047 7008917.390318191 590103
rl11849_n118480_bounded-strongly-corr_01.ttp: 35.0 1.0201339E7 1.5571639E7 927737 1179990.2420178151 7016709.745370841 587254
rl11849_n118480_bounded-strongly-corr_01.ttp: 39.0 1.0201335E7 1.5534235E7 929504 1178233.405624785 6992042.809220308 588806
